"ensembl_id","baseMean","lfc_mle","lfcSE_mle","stat_mle","pvalue_mle","padj_mle","lfc_apeglm","lfcSE_apeglm","gene_symbol"
"ENSG00000125740",36.7978209764207,-7.52943928422633,0.477439849720524,-15.7704458239793,4.96977358082121e-56,6.5432038965092e-52,-7.46572649927091,0.470069681003064,"FOSB"
"ENSG00000090104",43.8682402851219,-4.51759898626846,0.29386265461354,-15.3731646922253,2.47765207602263e-53,1.6310383616457e-49,-4.47815268700342,0.291467289877383,"RGS1"
"ENSG00000176907",742.028646260128,-2.46814373577894,0.162649018817114,-15.1746610814429,5.20458755346414e-52,2.28411999096363e-48,-2.44577449261113,0.162129162608785,"TCIM"
"ENSG00000107372",1780.43409790555,-2.51593864873323,0.171198967705164,-14.6959919353377,6.83896298150462e-49,2.25104466536225e-45,-2.47488917984406,0.169767342950409,"ZFAND5"
"ENSG00000153234",23.3356155166841,-3.26438116775824,0.23175170274035,-14.0856836396822,4.65135661422583e-45,1.22479522365795e-41,-3.2315509170566,0.230618326953631,"NR4A2"
"ENSG00000178878",45.4390699845478,-2.77243122621368,0.197863732619197,-14.0118211130153,1.31976778144048e-44,2.89601043507423e-41,-2.743426972424,0.197123948542423,"APOLD1"
"ENSG00000144655",131.681599142851,-2.05908915962901,0.155192277135498,-13.2679872841302,3.54987670832115e-40,6.67681096310803e-37,-2.0312084902639,0.154718483671756,"CSRNP1"
"ENSG00000164758",70.9125204348028,-1.19165061547961,0.0906002202787272,-13.1528445716087,1.63890751084113e-39,2.69723203596678e-36,-1.17990175854397,0.0907872388902874,"MED30"
"ENSG00000120129",1220.70341703676,-3.23071288917358,0.247957473875727,-13.0293023181579,8.33664395570169e-39,1.21955838134187e-35,-3.18429942855025,0.245603409155747,"DUSP1"
"ENSG00000185950",307.746286632618,-2.66597427390453,0.204871741142749,-13.0128941113794,1.03352386528745e-38,1.36073752103745e-35,-2.63070517998673,0.203701320118938,"IRS2"
"ENSG00000170345",260.080306304836,-6.27832513963203,0.483405466708018,-12.9876999165676,1.43680499533293e-38,1.71972496077758e-35,-6.19962523542377,0.474238706908648,"FOS"
"ENSG00000123358",35.510542525863,-3.71909653011615,0.288748967138654,-12.8800340550838,5.83098264111803e-38,6.39755978774667e-35,-3.67430857213204,0.286437510333123,"NR4A1"
"ENSG00000116741",102.801168532861,-2.46939588130721,0.194188952231732,-12.716459164785,4.79082163406221e-37,4.85199674108177e-34,-2.43930426489905,0.193453872885623,"RGS2"
"ENSG00000066135",828.134007743976,1.06059294403377,0.0847144157027657,12.5196276836168,5.83080136112689e-36,5.11788871470644e-33,1.05085033948147,0.0852472684598055,"KDM4A"
"ENSG00000175970",502.507412033371,1.35797497267444,0.108423206804508,12.5247630345682,5.46543408908644e-36,5.11788871470644e-33,1.34785854758656,0.109140692843312,"UNC119B"
"ENSG00000167291",429.571779261628,1.41616344050283,0.115603366735562,12.2501920185615,1.67598624766484e-34,1.37912718354721e-31,1.39979255207873,0.116688151564706,"TBC1D16"
"ENSG00000012232",499.376523829571,1.35138919155261,0.110725632269487,12.2048451099703,2.92865283559244e-34,2.26815548431824e-31,1.3356239166298,0.111701252120187,"EXTL3"
"ENSG00000221869",194.541037076312,-2.7031989233064,0.224334695152169,-12.0498477574892,1.94308483615972e-33,1.42125860849327e-30,-2.66613869223752,0.223155887067527,"CEBPD"
"ENSG00000074800",7513.50139449627,1.03663303375887,0.0864138660443921,11.9961422999676,3.72245878826626e-33,2.57946802138493e-30,1.02848912073434,0.0868869575829894,"ENO1"
"ENSG00000139641",2079.21653334238,1.22947067432735,0.102985440260029,11.938296046733,7.47386059342745e-33,4.92004242865329e-30,1.21603077734038,0.103850799880776,"ESYT1"
"ENSG00000128016",426.12241647978,-2.11756406055099,0.180500439243692,-11.7316282964391,8.77541088277517e-32,5.50176474679133e-29,-2.08770235230347,0.179943903357954,"ZFP36"
"ENSG00000048140",469.306687174333,1.03111301183249,0.0896807837362099,11.4975914446226,1.35647949150349e-30,8.11791317506135e-28,1.02227023843871,0.0903000383985323,"TSPAN17"
"ENSG00000099860",467.844002443147,-2.59753383228092,0.226285867052218,-11.4789927719238,1.68228836998981e-30,9.63000377360255e-28,-2.55858301884777,0.22505491900434,"GADD45B"
"ENSG00000100906",1568.65644154264,-1.27043398497554,0.111286662420147,-11.4158692276996,3.48403294617677e-30,1.9112824070568e-27,-1.25035722992924,0.111302603924703,"NFKBIA"
"ENSG00000109971",16261.6995049681,1.80804272429801,0.160863262318099,11.2396248729725,2.60486867238266e-29,1.3718280376236e-26,1.78174934872306,0.163243545429153,"HSPA8"
"ENSG00000174151",164.23170248371,1.19746704369676,0.107485910779919,11.1406884400748,7.95023900077608e-29,4.02587871862376e-26,1.18038736767306,0.107997484684418,"CYB561D1"
"ENSG00000133639",1702.08977823011,-1.35723471124864,0.121865282073647,-11.1371728531217,8.27031492976433e-29,4.03285060612138e-26,-1.33775481547577,0.121768270824733,"BTG1"
"ENSG00000219607",32.9452845796502,-3.80200376950916,0.341661013494595,-11.1280000331946,9.16691651037442e-29,4.3104150991282e-26,-3.73970730934993,0.337711693848779,"PPP1R3G"
"ENSG00000144043",1087.60074079201,0.745001427603633,0.0670295119946145,11.1145285924727,1.0661220518645e-28,4.84019411546482e-26,0.737232690387983,0.0672989234262288,"TEX261"
"ENSG00000007202",2334.1480260553,1.3430343249534,0.121362774182854,11.0662790464058,1.82835619694565e-28,8.02404589632882e-26,1.32574427347387,0.122665033243058,"BLTP2"
"ENSG00000118900",547.923288897038,0.90735781766568,0.0820602664861945,11.0572126623343,2.02286350177538e-28,8.59129705302408e-26,0.896324422074814,0.0825760584855315,"UBN1"
"ENSG00000175166",1752.51102190513,1.04814475931067,0.095804101584275,10.940499853116,7.37919351193477e-28,3.03607693056666e-25,1.03688875932321,0.096554560400342,"PSMD2"
"ENSG00000131653",790.14219880199,1.39480535594616,0.127751852022279,10.9180832517631,9.44683717576909e-28,3.76900176533866e-25,1.37424925410956,0.129302117255402,"TRAF7"
"ENSG00000143878",3342.44762184629,-2.03955231234066,0.187871582216536,-10.8560980233292,1.86551084421843e-27,7.22391640440583e-25,-2.00423360751722,0.187057375821945,"RHOB"
"ENSG00000141959",1909.62846046196,1.6773994422038,0.15459170903878,10.8505136053772,1.98307857236127e-27,7.25255902325236e-25,1.65411579283082,0.156749320253303,"PFKL"
"ENSG00000170634",247.015611204292,-0.885791963195902,0.0816317162807225,-10.8510760713368,1.97091179923539e-27,7.25255902325236e-25,-0.874494163002153,0.0816530258351852,"ACYP2"
"ENSG00000136448",1940.15230503333,0.690109677064927,0.0650199958766035,10.6138068414313,2.57057496674521e-26,9.14707838166689e-24,0.680479715727258,0.0652873477655947,"NMT1"
"ENSG00000196943",512.193501854241,0.747350173715199,0.0709387769727013,10.5351431982369,5.94926630168041e-26,2.06126421389274e-23,0.738191899892753,0.0712913382256276,"NOP9"
"ENSG00000146416",3550.3380038394,-0.697237502690548,0.0665503671642367,-10.4768393083372,1.10370894814109e-25,3.72600820800656e-23,-0.685911039397563,0.0664206283067422,"AIG1"
"ENSG00000104205",121.437828816148,-1.32234186188029,0.127346565551816,-10.3838046683893,2.9382680338966e-25,9.67130923357064e-23,-1.29930273285692,0.127226352268671,"SGK3"
"ENSG00000162961",399.559214613407,-1.09797261843364,0.106003861297673,-10.3578549403062,3.85510483001559e-25,1.23795878517037e-22,-1.08207017253681,0.105948639952771,"DPY30"
"ENSG00000107968",81.1989266948201,-1.37752229088987,0.133541754180062,-10.3152927662795,6.0097862942566e-25,1.88392491309958e-22,-1.35423925504148,0.133477036154885,"MAP3K8"
"ENSG00000198722",1140.68219328209,0.95866867992516,0.0933831730945898,10.2659681413278,1.00309701198286e-24,3.07134308366658e-22,0.943033156402226,0.0941213329404274,"UNC13B"
"ENSG00000172037",2325.75061437369,1.37940936433639,0.134832774072205,10.2305197963048,1.44740391676121e-24,4.3310272654723e-22,1.35957851584117,0.136503895858882,"LAMB2"
"ENSG00000084652",1168.21521952642,0.952388834060147,0.0931780223996886,10.2211745810064,1.59397592578302e-24,4.6186513531553e-22,0.939456410707129,0.0939184534801768,"TXLNA"
"ENSG00000196470",179.267616342822,-1.05053280511095,0.102792027389722,-10.2199833176555,1.61368648219006e-24,4.6186513531553e-22,-1.03556808672741,0.102824684151544,"SIAH1"
"ENSG00000006744",887.730590238609,0.734754534141346,0.0720523939969766,10.1975034191394,2.03434617882283e-24,5.698766338379e-22,0.726825760915407,0.072358860600404,"ELAC2"
"ENSG00000139289",157.196267257613,-2.14518760117938,0.210734600181269,-10.1795699393177,2.44640150956399e-24,6.71027547394155e-22,-2.10510498190408,0.209872640973898,"PHLDA1"
"ENSG00000107185",448.301669623474,0.979206295255625,0.0963590074051675,10.1620629106139,2.92814311399117e-24,7.86774127322606e-22,0.96512678736444,0.0971388739199168,"RGP1"
"ENSG00000197111",2479.47145747147,-1.43636612111332,0.142612170175914,-10.0718341172535,7.35927070049356e-24,1.93784316085396e-21,-1.40960419244823,0.142373637630788,"PCBP2"
"ENSG00000261701",7569.9058141246,-1.68021546687513,0.167081577156648,-10.0562581193487,8.62130904011895e-24,2.22565009455306e-21,-1.63510008355521,0.166328794625461,"HPR"
"ENSG00000120158",1358.72294905282,-1.20993467298593,0.120445612449997,-10.0454856625702,9.61727606031055e-24,2.43502031942401e-21,-1.18873099524326,0.120347557169457,"RCL1"
"ENSG00000166135",578.454998043095,0.630257147811399,0.062799656894574,10.035996675419,1.05884597234407e-23,2.63033322110982e-21,0.625362273922684,0.0629269946061677,"HIF1AN"
"ENSG00000130222",123.500951329872,-3.15924445601884,0.315873488424766,-10.0016132147517,1.4993437119514e-23,3.65562209473189e-21,-3.09493085583144,0.312466653690384,"GADD45G"
"ENSG00000123179",1145.60941716084,-1.4483250402161,0.144952243169558,-9.99173940703987,1.65649116717765e-23,3.96533867401109e-21,-1.42068282997391,0.144690816774343,"EBPL"
"ENSG00000100220",1302.13790099135,1.00403153173624,0.100529553897485,9.98742651101493,1.73015177151298e-23,4.0677103970964e-21,0.986178003551561,0.101472536019028,"RTCB"
"ENSG00000070614",2649.44783541912,1.12679097385758,0.112963985354657,9.97478063756305,1.9653525470192e-23,4.5396195849219e-21,1.10335223579568,0.114063575758465,"NDST1"
"ENSG00000104064",312.80450120397,-0.795618271186354,0.0803677515844714,-9.89972041646718,4.17440381430582e-23,9.31528824053397e-21,-0.782351253136327,0.0802704169169499,"GABPB1"
"ENSG00000134824",6629.77337146748,2.83316567066218,0.286169837237756,9.90029451744182,4.15050943605952e-23,9.31528824053397e-21,2.81444027322407,0.290749591106085,"FADS2"
"ENSG00000108176",360.416531956946,-1.6003869851825,0.1617988232928,-9.89121523020193,4.54477003420679e-23,9.97274037839443e-21,-1.57041657681434,0.161530716421813,"DNAJC12"
"ENSG00000115738",2628.36950660399,-1.47833319316647,0.149529173422104,-9.88658707417115,4.7597893131829e-23,1.02733419831748e-20,-1.45057715055514,0.149290334600631,"ID2"
"ENSG00000138166",171.276818542523,-1.30308337579431,0.132207990857763,-9.85631327834217,6.43696103596766e-23,1.36691982257339e-20,-1.28051969229347,0.132135117336524,"DUSP5"
"ENSG00000225973",60.9486401954863,-1.14484098331313,0.116416122849226,-9.83404149952528,8.03288642000678e-23,1.67874575564777e-20,-1.1248827186587,0.116564431861558,"PIGBOS1"
"ENSG00000165704",263.653605211708,-1.69360216754081,0.17263538754586,-9.8102839262368,1.01682052097561e-22,2.09179046549451e-20,-1.66049440268081,0.172265837329415,"HPRT1"
"ENSG00000146904",711.592765624306,1.33213242884151,0.13600728390446,9.79456680994588,1.1880557104211e-22,2.40645253590833e-20,1.30971832763347,0.137835435458848,"EPHA1"
"ENSG00000167165",641.83414167827,2.37944686547436,0.243569445459502,9.76906960142497,1.52849245943047e-22,3.04911086679721e-20,2.33223823546412,0.249385613839952,"UGT1A6"
"ENSG00000181284",52.3357221369917,1.76319134160173,0.180747666517039,9.75498813112209,1.75621219072277e-22,3.45108801538148e-20,1.72851214153688,0.182455092982788,"TMEM102"
"ENSG00000136826",47.1097134903754,-1.89188818346854,0.19463954869568,-9.71995771746528,2.47884407838494e-22,4.79947957882589e-20,-1.85391433495613,0.194233569667167,"KLF4"
"ENSG00000116237",711.57617939007,0.844658619000518,0.086940660931605,9.71534619071965,2.59366144099275e-22,4.94900674378413e-20,0.834398380521024,0.0875284096886806,"ICMT"
"ENSG00000198168",176.366181054106,-1.24805102518846,0.128494397762984,-9.71288279424106,2.6571357469501e-22,4.99769274919214e-20,-1.22846449124232,0.128660892207552,"SVIP"
"ENSG00000153714",187.894166319267,-1.54918234846874,0.159670592827958,-9.70236485648902,2.9459005192389e-22,5.46277834314076e-20,-1.51884274038267,0.159464310295689,"LURAP1L"
"ENSG00000133773",172.933947131434,-0.971075379966286,0.100627803454255,-9.65016970093888,4.9074451333384e-22,8.97380869799074e-20,-0.953903382461179,0.10063771996202,"CCDC59"
"ENSG00000137210",611.757574501595,-1.15991622100742,0.120294617715635,-9.64229525006137,5.29896704016228e-22,9.55701370558583e-20,-1.13879459784775,0.120237334841268,"TMEM14B"
"ENSG00000148057",546.018117594745,-1.13903247724977,0.118440592075839,-9.61690968684482,6.78386482779572e-22,1.20697789625349e-19,-1.1211879519681,0.118512099368162,"IDNK"
"ENSG00000138678",130.956110821117,-2.1807738143587,0.227040022052111,-9.60523961655604,7.59809950796366e-22,1.33382104162466e-19,-2.135102937458,0.225840389075664,"GPAT3"
"ENSG00000172731",576.366654858037,1.14682934743481,0.119581198232703,9.59038180235575,8.7759652480582e-22,1.52032050599914e-19,1.12643031550772,0.121024447236232,"LRRC20"
"ENSG00000204843",609.548022038607,1.10080039128783,0.11499146148223,9.57288808315509,1.03960214915095e-21,1.777584661782e-19,1.08167112968251,0.11631765815914,"DCTN1"
"ENSG00000179562",367.204949639372,0.884860977350497,0.0926023243739109,9.55549424199757,1.22995429032277e-21,2.07609976748585e-19,0.871611111875589,0.0932800386857352,"GCC1"
"ENSG00000136848",384.023111560314,1.47769324974573,0.154808286458001,9.54531106541659,1.35699745650359e-21,2.26154791295269e-19,1.4497039185352,0.157296882610021,"DAB2IP"
"ENSG00000163162",503.756513822141,-1.01402560225046,0.106325410449904,-9.53700153105186,1.47021673257889e-21,2.41960918764171e-19,-0.999104322473732,0.106326984040805,"RNF149"
"ENSG00000060762",2673.84499344057,-1.32797790048494,0.139315023348921,-9.53219450826176,1.53992928511309e-21,2.50305048985172e-19,-1.29691136671498,0.13894229317598,"MPC1"
"ENSG00000169905",1394.36581175465,-0.951048107760466,0.0998012210746569,-9.52942356335528,1.58158973712002e-21,2.53941591206368e-19,-0.925882677938553,0.099399307646245,"TOR1AIP2"
"ENSG00000142871",133.228475252983,-2.85249050918849,0.299934280584883,-9.5103850871132,1.89958028361163e-21,3.01323783301575e-19,-2.78953935658348,0.297079550035776,"CCN1"
"ENSG00000110697",168.655637497255,1.95207625064524,0.205650347263851,9.49220984363674,2.26187489485153e-21,3.54521962685896e-19,1.90721992927718,0.210314907162864,"PITPNM1"
"ENSG00000066322",512.137846927245,0.848710103512024,0.089537125718448,9.47886250202868,2.57069995283876e-21,3.93556227663664e-19,0.835326243095214,0.0901583524682452,"ELOVL1"
"ENSG00000232388",234.297537176793,-1.48821417344878,0.156993723307716,-9.47945014675397,2.5562648657652e-21,3.93556227663664e-19,-1.45794681104646,0.156784427280602,"SMIM26"
"ENSG00000160785",1016.53349767903,0.794523702542632,0.0839870564900549,9.46007320350265,3.07727695980448e-21,4.65694579917077e-19,0.78191511452888,0.0845161852734541,"SLC25A44"
"ENSG00000117682",361.737401083203,0.767809863038446,0.0811857933424386,9.45744115352612,3.15570962253087e-21,4.72137191934562e-19,0.758004344206616,0.0815810185672369,"DHDDS"
"ENSG00000109066",275.929482099123,1.47202777943054,0.156132823810662,9.42804814198216,4.17790806344517e-21,6.18048736666507e-19,1.44246853292259,0.158690869926182,"SLC38A12"
"ENSG00000126522",2076.1062443545,1.45891717313199,0.15479834676229,9.4246301956462,4.31623820889796e-21,6.3141769175945e-19,1.43146924579432,0.157370937473772,"ASL"
"ENSG00000123933",664.689885405052,1.41736339106653,0.150689757501738,9.40583762668922,5.16174118629967e-21,7.4680752152551e-19,1.39019666352097,0.153105265751806,"MXD4"
"ENSG00000121966",92.4305230902917,-2.29113042872574,0.244023278045572,-9.38898308012185,6.0582324989235e-21,8.66985750878552e-19,-2.240492584198,0.242660166585683,"CXCR4"
"ENSG00000062716",1290.46259417827,-0.80659451326404,0.0861628302146861,-9.36128155556523,7.87753183706864e-21,1.1033572783707e-18,-0.790854078563341,0.0860210454074907,"VMP1"
"ENSG00000241973",718.942025226909,1.00703938324466,0.107569612866472,9.36174590955086,7.84298145603526e-21,1.1033572783707e-18,0.989113905600524,0.108676528652787,"PI4KA"
"ENSG00000117408",451.446982559895,0.896880342339031,0.0961011891901296,9.33266643105337,1.03240333876046e-20,1.41589816230419e-18,0.882365276871993,0.0968585517048417,"IPO13"
"ENSG00000181873",222.759970675003,1.11890973420314,0.119881345046771,9.33347664531634,1.02453895524726e-20,1.41589816230419e-18,1.09856247798235,0.121136681589237,"IBA57"
"ENSG00000205981",658.162660064549,-0.954917424537486,0.102415237327135,-9.32397804720494,1.12058244910378e-20,1.52098850772169e-18,-0.936276901302519,0.102362134590064,"DNAJC19"
"ENSG00000139597",968.582109125048,-1.43474324062234,0.154622003155077,-9.2790366917144,1.71017693894445e-20,2.2975703651166e-18,-1.40455688613139,0.154382244561274,"N4BP2L1"
"ENSG00000163812",821.900407296709,0.491437125360635,0.0530671032768708,9.26067365683452,2.03146421682972e-20,2.70164220997779e-18,0.486194405644442,0.053123571458348,"ZDHHC3"
"ENSG00000112759",1662.77305811841,0.986499902975125,0.106567264417506,9.25706321136519,2.10132226840106e-20,2.76660089857684e-18,0.969964579440892,0.107664276365884,"SLC29A1"
"ENSG00000101152",652.683555626833,0.81040981613566,0.0875895361770188,9.25235880342851,2.1959216158439e-20,2.86252514794068e-18,0.797093428122551,0.0882084152189221,"DNAJC5"
"ENSG00000166024",218.886628995306,0.700398237365854,0.0758022644817792,9.23980625320515,2.46943975203427e-20,3.18751409561601e-18,0.689933456332224,0.0759745772653897,"R3HCC1L"
"ENSG00000134046",611.226494812462,-0.542714899614987,0.0587675322346365,-9.2349445174613,2.58419907320034e-20,3.30325873764618e-18,-0.536918978892058,0.0586905158249811,"MBD2"
"ENSG00000179023",388.621745279376,1.5855319132783,0.17172079712687,9.23319679273838,2.62672889776179e-20,3.3253377565319e-18,1.55161104663577,0.174852289342681,"KLHDC7A"
"ENSG00000182118",41.2053043877947,-1.4653283412582,0.158725576163297,-9.23183507458598,2.66034445701415e-20,3.33581858295699e-18,-1.43424296894907,0.158750464402681,"FAM89A"
"ENSG00000170222",99.4267676126252,-1.25220201981466,0.135768683187164,-9.2230549079454,2.88753876484606e-20,3.58654107339275e-18,-1.22662742319307,0.135904391936616,"ADPRM"
"ENSG00000100227",794.444778685989,0.698520006343934,0.0758269206232553,9.21203182988952,3.2000916732663e-20,3.93760812805833e-18,0.692943258408615,0.0761252223492963,"POLDIP3"
"ENSG00000057657",25.470055279243,-1.81795483789403,0.19740699404448,-9.20917137051592,3.2865212898765e-20,4.00651289838092e-18,-1.77751034083883,0.197234066415738,"PRDM1"
"ENSG00000164889",1185.01911758407,1.14577717928575,0.124970966725476,9.16834693135312,4.80327972257542e-20,5.80183310343376e-18,1.12301534582424,0.126653538007823,"SLC4A2"
"ENSG00000143507",427.243826241305,-1.21119756570802,0.132158502955696,-9.16473430479201,4.96691782406674e-20,5.94494909742389e-18,-1.18439743899975,0.131988858162807,"DUSP10"
"ENSG00000140406",94.7316522139269,-1.22498474185712,0.133807409675269,-9.1548348841815,5.44409998903627e-20,6.45738923023888e-18,-1.20026894487502,0.133793558059443,"TLNRD1"
"ENSG00000197063",196.587202318755,0.988100478052673,0.108027108577075,9.14678260917891,5.86543923685947e-20,6.89503330290106e-18,0.96559972216252,0.109034293718469,"MAFG"
"ENSG00000014216",953.449298590386,1.13379175380045,0.124000493394648,9.14344550381751,6.04935853593149e-20,7.04830570655522e-18,1.11672713052857,0.125718204480647,"CAPN1"
"ENSG00000188177",138.714498807644,-1.12349467207247,0.122999031862722,-9.13417492038792,6.59074114392106e-20,7.61172788604076e-18,-1.10153792491018,0.123000924667647,"ZC3H6"
"ENSG00000170421",6062.56608601759,1.40246641912104,0.153556657243998,9.1332179554583,6.64928170161399e-20,7.61256025073477e-18,1.37443974441488,0.156204707875737,"KRT8"
"ENSG00000197043",4925.50249951543,1.38937543734763,0.15228304842331,9.12363819698108,7.26437754813007e-20,8.24506851712762e-18,1.37150257839736,0.15455264136407,"ANXA6"
"ENSG00000196187",1405.58222689421,1.35690466185619,0.14874240026949,9.12251422188806,7.34013423122191e-20,8.25984677677501e-18,1.33123095648179,0.151112608701929,"TMEM63A"
"ENSG00000121774",875.436820627669,-0.616127487224591,0.0676708146175855,-9.10477420297641,8.64460657897884e-20,9.64532967956233e-18,-0.605752862560211,0.0675374776514652,"KHDRBS1"
"ENSG00000102172",499.232587636293,-0.565851781118978,0.0622560580284809,-9.08910392078009,9.98586389588843e-20,1.10482255506947e-17,-0.558432334427544,0.0621808017317322,"SMS"
"ENSG00000124422",1719.50896123557,0.709613342771425,0.0781310782758182,9.0823441635651,1.06261160294608e-19,1.16586203036567e-17,0.703906496467466,0.0784427175825117,"USP22"
"ENSG00000164056",114.866745892891,-1.05867251270366,0.116582001374938,-9.08092587378797,1.07655124462294e-19,1.17139451956245e-17,-1.03787626601795,0.116760678396479,"SPRY1"
"ENSG00000165282",452.078969731464,0.952300483549431,0.10493341386045,9.07528353948233,1.13381905750396e-19,1.22359522222107e-17,0.934474087008622,0.105953664807673,"PIGO"
"ENSG00000160877",325.413862876202,1.30225608304485,0.143610668602787,9.06796198161821,1.21263855178279e-19,1.28754832038486e-17,1.27491970510469,0.145857674469656,"NACC1"
"ENSG00000197136",459.282884445947,1.39742618470254,0.154101912265513,9.06819496369916,1.21004893923093e-19,1.28754832038486e-17,1.36747312531076,0.156757812726502,"PCNX3"
"ENSG00000007923",567.828082137532,1.01138287633258,0.111795941016265,9.04668691133819,1.47371835241245e-19,1.54842332094106e-17,0.991842149937051,0.113023987489809,"DNAJC11"
"ENSG00000103043",399.513062109435,1.01043981753077,0.111709790472036,9.04522167001745,1.49361812061002e-19,1.54842332094106e-17,0.991367387705413,0.11298858101456,"VAC14"
"ENSG00000180233",372.801813478618,-1.40029852260309,0.154805980028054,-9.04550665516492,1.4897269849574e-19,1.54842332094106e-17,-1.36821896579405,0.154544703913476,"ZNRF2"
"ENSG00000081041",1088.85763193092,-2.51924824461583,0.27859341024663,-9.04274168719792,1.52790612098334e-19,1.56689665234281e-17,-2.45707563206947,0.276199495663955,"CXCL2"
"ENSG00000166908",370.257423980527,0.677051840418312,0.0748767404467714,9.04221840291802,1.53523977025842e-19,1.56689665234281e-17,0.668592133594987,0.0751414774266953,"PIP4K2C"
"ENSG00000198925",991.982230818644,0.931436477054397,0.103098299009533,9.0344504807812,1.64828480143412e-19,1.66933213043705e-17,0.914504538882139,0.104113690767487,"ATG9A"
"ENSG00000159720",870.09759609928,1.06686693850552,0.118203841548974,9.02565368878893,1.78625695426246e-19,1.79525641678011e-17,1.05793065346711,0.119298409208297,"ATP6V0D1"
"ENSG00000120833",142.011550108154,-2.69307845260967,0.298580338230445,-9.01961083094208,1.88758653270283e-19,1.88272456739132e-17,-2.62710581396827,0.295724753423715,"SOCS2"
"ENSG00000128463",864.33338313911,-0.544097583239503,0.0603362464382424,-9.01775657848419,1.91980341685353e-19,1.90046103656343e-17,-0.53613323499837,0.060224667815067,"EMC4"
"ENSG00000186395",134.171772420942,-1.24718779773832,0.138317470801872,-9.01684935755375,1.93576336726719e-19,1.9019597383164e-17,-1.21649485980992,0.138132472327947,"KRT10"
"ENSG00000120533",933.295155132269,-0.67305801854173,0.0747997026373328,-8.99813762368896,2.29578909698199e-19,2.23898957413814e-17,-0.655541782059202,0.0745442877573907,"ENY2"
"ENSG00000197102",2153.03746248183,1.02688599958009,0.114571382417186,8.96284899348522,3.16395713951684e-19,3.06298968374108e-17,1.006534164736,0.11596777442096,"DYNC1H1"
"ENSG00000177731",878.872925293421,0.973210872522041,0.108619837669388,8.95978942156273,3.2529904333966e-19,3.12619503986129e-17,0.954502120256404,0.109819404405817,"FLII"
"ENSG00000058262",4306.13376779568,0.959731836126689,0.107142917752412,8.95749207002606,3.32146605487731e-19,3.16887116510976e-17,0.943202078156926,0.108282925939144,"SEC61A1"
"ENSG00000198793",1242.02329127731,0.896370164641011,0.100256541548619,8.94076486975487,3.86485927388728e-19,3.66077246043165e-17,0.875052259408965,0.101276868873257,"MTOR"
"ENSG00000174132",132.082022165451,-1.16476559091883,0.130430065103978,-8.9301925134384,4.25268091810387e-19,3.99934264055397e-17,-1.14005747449887,0.13039868224735,"FAM174A"
"ENSG00000256060",31.8873337443095,-1.15784859580716,0.129833811362208,-8.91792810870365,4.75092652484349e-19,4.43621976071556e-17,-1.1324982591742,0.130206188259247,"TRAPPC2"
"ENSG00000067082",567.157542544949,-1.51987247840873,0.170515335695685,-8.91340636434726,4.94882002000662e-19,4.58846228052163e-17,-1.48133341024263,0.170027762520436,"KLF6"
"ENSG00000188522",659.309600859212,1.97362574241473,0.221700332766386,8.90222273366825,5.47392847912834e-19,5.03984212281145e-17,1.92724363843016,0.227222079452414,"SACK1G"
"ENSG00000105402",699.042960656279,1.02284035238616,0.115032020963172,8.89178807624037,6.01332992314926e-19,5.49802095612383e-17,1.0222323124493,0.11572913532466,"NAPA"
"ENSG00000104853",1377.07088853973,1.26246691839789,0.142042442021893,8.88795560275787,6.22435414424077e-19,5.65171356297061e-17,1.23547852496485,0.144424436845178,"CLPTM1"
"ENSG00000146678",743.83195702086,-5.04453348173886,0.567664938255822,-8.88646302031342,6.30850371194021e-19,5.68888766242498e-17,-4.91106305351769,0.550780917940611,"IGFBP1"
"ENSG00000172269",532.204684012539,0.634721855782077,0.0714415942027778,8.88448617174612,6.42168746743783e-19,5.75156035348888e-17,0.625885932059352,0.071703313924388,"DPAGT1"
"ENSG00000197226",1865.3031447849,0.995101038140441,0.112020321211678,8.88321893185844,6.49529547113907e-19,5.77817974142006e-17,0.97535455167869,0.113343512932328,"TBC1D9B"
"ENSG00000001630",90.816408882307,4.46975491110571,0.50608609323937,8.83200501024554,1.02815838816138e-18,9.0850559319012e-17,4.35148539884529,0.525815513030286,"CYP51A1"
"ENSG00000089154",1139.70774486518,0.760708093445275,0.0862164150483829,8.82323966982831,1.11195007842062e-18,9.69676423728485e-17,0.752018845613015,0.0866821858021264,"GCN1"
"ENSG00000146278",738.475460304831,-1.35671213484903,0.153770578703473,-8.82296305501507,1.11470132038741e-18,9.69676423728485e-17,-1.32493019747683,0.15353639800985,"PNRC1"
"ENSG00000186352",59.242559166218,-1.67489053248897,0.189843416730417,-8.82248413632043,1.11948060463869e-18,9.69676423728485e-17,-1.63480221966526,0.189639153036641,"ANKRD37"
"ENSG00000089220",27190.5297865458,-0.76775764391588,0.0872718028920808,-8.79731618315803,1.40127073505629e-18,1.20582552272883e-16,-0.740654761608058,0.0867824684225449,"PEBP1"
"ENSG00000010404",481.448028328246,-0.820922700888762,0.0933333348375572,-8.79560022490939,1.42285323706808e-18,1.21521701184085e-16,-0.805328551734381,0.0932753826218619,"IDS"
"ENSG00000139651",516.295457262077,0.778890451768205,0.088560727185581,8.79498708424133,1.4306443630209e-18,1.21521701184085e-16,0.765011898745273,0.0891548922833985,"ZNF740"
"ENSG00000148358",832.779356974648,0.739699608768957,0.0841234049715782,8.79302982349407,1.45579809011474e-18,1.22865625990068e-16,0.72910659380627,0.0846098802697389,"GPR107"
"ENSG00000172725",445.964460721461,1.45788825713227,0.16589376123005,8.78808368875649,1.52132628055005e-18,1.27578228087401e-16,1.42401705476863,0.169248502821649,"CORO1B"
"ENSG00000051620",1080.4865126979,-0.994173756105814,0.113207909511179,-8.78184007105656,1.60821656345923e-18,1.3401126123104e-16,-0.972210195026177,0.113155258436506,"HEBP2"
"ENSG00000204394",497.747930745416,1.22566036090338,0.139600625506463,8.77976267267251,1.63819966597552e-18,1.35651174856816e-16,1.19863085237773,0.141849284532692,"VARS1"
"ENSG00000131467",662.01162340928,0.750293540248043,0.0855684171654186,8.76834660617358,1.81308966443488e-18,1.49194615762185e-16,0.739285312691112,0.0861025937989656,"PSME3"
"ENSG00000162144",632.926384343424,0.91316358898474,0.104236844676213,8.76046844876463,1.94440620724436e-18,1.59006534935275e-16,0.895317756138932,0.105303141956938,"CYB561A3"
"ENSG00000143013",390.438504670833,-0.782288450186417,0.0893807991646302,-8.75230986406289,2.09029510694428e-18,1.69881638135978e-16,-0.767903086611618,0.0893045004180401,"LMO4"
"ENSG00000182512",795.94450574636,-1.08712516315251,0.124223117852453,-8.75139170507501,2.10737517520611e-18,1.70219027955605e-16,-1.06362211823762,0.124152292803561,"GLRX5"
"ENSG00000160818",212.122230371637,1.0330418531525,0.118269998941632,8.73460609112137,2.44506680767444e-18,1.9629115603562e-16,1.01141723614419,0.119498432880374,"GPATCH4"
"ENSG00000167645",346.796447025325,1.18375036897638,0.135742433430006,8.72056245836178,2.76823193992652e-18,2.20888131642864e-16,1.15776753601997,0.137780544441625,"YIF1B"
"ENSG00000100994",391.816745371699,1.08578505266118,0.124616969330208,8.71297912713703,2.95991169410637e-18,2.34760225087978e-16,1.06236001959431,0.126349319165314,"PYGB"
"ENSG00000136861",826.982841348779,0.822576861570687,0.0946570864473405,8.69007163059369,3.62211039203177e-18,2.83861341794585e-16,0.808340149806502,0.09539997455133,"CDK5RAP2"
"ENSG00000197858",1095.97354519797,1.34238040587631,0.154469705254957,8.69025032229243,3.61641761484747e-18,2.83861341794585e-16,1.31163687704754,0.157331572710082,"GPAA1"
"ENSG00000148297",194.334475024079,1.10867878127718,0.127653183945775,8.68508522081307,3.78458539995012e-18,2.94839357252919e-16,1.08791919646436,0.129289314914042,"MED22"
"ENSG00000214413",212.921542801671,-0.991981434456225,0.114262171444002,-8.68162596526866,3.90150641771731e-18,3.0216019703333e-16,-0.971330649099673,0.114234760012312,"BBIP1"
"ENSG00000253276",214.890560506356,-1.2026764940585,0.138747230657637,-8.66811170470231,4.39345594260009e-18,3.38270414855396e-16,-1.17526308079268,0.138684395839968,"CCDC71L"
"ENSG00000163634",461.302124926465,-0.7493594607445,0.0865411700874447,-8.65899386369883,4.75946440689869e-18,3.62214499313458e-16,-0.736789024820025,0.0865312810606827,"THOC7"
"ENSG00000172046",658.054872137364,0.723874253853969,0.0835961038999802,8.65918649414642,4.75142916288682e-18,3.62214499313458e-16,0.712070602940455,0.0841089192278797,"USP19"
"ENSG00000241127",93.7738132318975,-0.991194552223641,0.114697461247504,-8.64181771281544,5.53256516529094e-18,4.18630764173681e-16,-0.969697584993175,0.114747698197572,"YAE1"
"ENSG00000110700",4026.35351756008,-1.07705250799341,0.124808292974689,-8.62965498784473,6.15373130035104e-18,4.62971578859553e-16,-1.05247597348126,0.124673608970612,"RPS13"
"ENSG00000150459",1492.85533244439,-0.607067682135853,0.0703812332810966,-8.62541978642625,6.38579813431914e-18,4.77701239979806e-16,-0.595757956389276,0.0702232881124636,"SAP18"
"ENSG00000188229",1804.61574768572,1.12202686633992,0.130134074645935,8.62208356568181,6.57466956348749e-18,4.89051409451278e-16,1.09635821968056,0.132106255886168,"TUBB4B"
"ENSG00000092098",106.825724918997,1.26741364221063,0.147182481802747,8.61117183707504,7.23174933609901e-18,5.29642172964255e-16,1.23667938334676,0.149257274353723,"RNF31"
"ENSG00000110917",4978.17578008413,0.83227766685949,0.0966454815058336,8.61165627085476,7.20124891476929e-18,5.29642172964255e-16,0.816237824509354,0.0975284971230717,"MLEC"
"ENSG00000153006",232.87139832824,-1.42710928042413,0.165730484566932,-8.6110246051189,7.24104444277426e-18,5.29642172964255e-16,-1.39179660669497,0.16550787940074,"SREK1IP1"
"ENSG00000104142",299.305575176128,0.94260599953693,0.109571055340569,8.60269161967197,7.78679949456323e-18,5.6641437649403e-16,0.923294431965768,0.110675248125332,"VPS18"
"ENSG00000124067",427.540703695708,1.09202320235674,0.126983946873062,8.59969491614852,7.99282864622503e-18,5.78206494264828e-16,1.06783425217502,0.128643952448748,"SLC12A4"
"ENSG00000172216",768.994940822019,-1.60861776159991,0.187137953676401,-8.59589265564764,8.26200076289771e-18,5.94412579477111e-16,-1.56556996425121,0.186553471496104,"CEBPB"
"ENSG00000119559",234.680870359622,1.38335583396652,0.160965811016293,8.59409725103984,8.39219290687326e-18,6.00497890282029e-16,1.35013317100407,0.163718249179135,"C19orf25"
"ENSG00000215012",250.368034838523,0.834542406830182,0.0972199066889866,8.58406920199937,9.1574837565437e-18,6.51715843992726e-16,0.819897774506253,0.0978937262517984,"RTL10"
"ENSG00000147905",150.124033941491,-0.718409930037848,0.0840597294288726,-8.54642210864755,1.269630484682e-17,8.98707255985121e-16,-0.705365301546777,0.0840050913974066,"ZCCHC7"
"ENSG00000163584",217.879514994479,-1.22162514085988,0.143029018005537,-8.54109996625012,1.32950133774655e-17,9.36054257367439e-16,-1.18997671658465,0.142933070090701,"RPL22L1"
"ENSG00000111667",844.213278243157,0.82157814409841,0.0962875530749079,8.53254774746695,1.43159434565205e-17,1.00257293376888e-15,0.805578273983492,0.0971314010409745,"USP5"
"ENSG00000140280",105.328422222926,-1.05672238214158,0.124418262637562,-8.4933060447876,2.00840511315299e-17,1.39908263067578e-15,-1.03258978990846,0.124470143865897,"LYSMD2"
"ENSG00000111843",1110.43194381009,-0.787246088993678,0.092769518563871,-8.48604262672406,2.13793049004297e-17,1.48147330694241e-15,-0.76977949096533,0.0926375981371359,"TMEM14C"
"ENSG00000105894",49.0505205430484,-1.46700796376727,0.173009959889572,-8.4793266509259,2.26500941756269e-17,1.56131486867174e-15,-1.42942599016804,0.17298380932117,"PTN"
"ENSG00000165280",4025.79600772989,0.786757516387736,0.0930258366084668,8.45740866270402,2.73384518263163e-17,1.87467737888167e-15,0.770777826857469,0.0938259955091061,"VCP"
"ENSG00000073756",10.0462138855878,-2.50807121132604,0.296937381410376,-8.4464650405865,3.0025585442049e-17,2.04827387528506e-15,-2.43941061125401,0.294839611639533,"PTGS2"
"ENSG00000137876",691.146952591504,-1.05364260821014,0.124792622119048,-8.44314824321109,3.08902940786089e-17,2.09640006102559e-15,-1.02766208504237,0.124631042785664,"RSL24D1"
"ENSG00000254986",281.875393440035,0.984279688663367,0.116594344253367,8.44191624359126,3.12177023674558e-17,2.10775522753807e-15,0.967228327054868,0.117817011443957,"DPP3"
"ENSG00000164172",1147.919837462,-0.739605609472211,0.0878946772651833,-8.41468030243491,3.93967874405923e-17,2.64641889511652e-15,-0.725527852796394,0.0877819167277906,"MOCS2"
"ENSG00000156384",34.31703246264,-1.08165379162467,0.128696749595653,-8.40467063094497,4.29064052458025e-17,2.86754178409257e-15,-1.05599179748627,0.128844585908622,"SFR1"
"ENSG00000197329",149.020629904902,-1.15791081521703,0.137859501026898,-8.39920938775998,4.49494679702061e-17,2.98891260250371e-15,-1.12728721793611,0.137680379264432,"PELI1"
"ENSG00000139645",332.600742697664,1.07134183363997,0.127671631760201,8.39138514068817,4.80447582763736e-17,3.17867983651626e-15,1.04661831561254,0.129412432735367,"ANKRD52"
"ENSG00000197150",404.398929653437,1.3921748946401,0.166044825199426,8.38433171866723,5.10147441114707e-17,3.35830060485811e-15,1.35700453814684,0.169406043502558,"ABCB8"
"ENSG00000196553",27.8865593445721,-2.18668718513987,0.261015892807155,-8.37760169169258,5.40170883784931e-17,3.53825365965791e-15,-2.12631821057137,0.259657984515768,"CCDC196"
"ENSG00000168264",1074.59689180465,-1.01886963058841,0.121636422644596,-8.37635313861052,5.45929427801508e-17,3.54074228888407e-15,-0.993167223125727,0.121477061319058,"IRF2BP2"
"ENSG00000197879",1331.68707929596,0.922909119170455,0.110178078860331,8.37652216045987,5.45146340362142e-17,3.54074228888407e-15,0.903397025310106,0.111472334233054,"MYO1C"
"ENSG00000068654",354.38717445253,1.00344717052949,0.119940312255903,8.36622109494386,5.94955127321272e-17,3.83979372858425e-15,0.980795411771526,0.121467151593846,"POLR1A"
"ENSG00000188833",248.248537122274,1.55856240938355,0.186331302036414,8.36446905243525,6.03862346681431e-17,3.87826910068669e-15,1.51827171310708,0.190482612520436,"ENTPD8"
"ENSG00000175224",997.441330101371,0.625068287671442,0.074800037391816,8.35652373269846,6.45934430592729e-17,4.12833626853586e-15,0.615660855928141,0.0751036169731273,"ATG13"
"ENSG00000100412",1868.52229806815,0.901941304669711,0.108003725730966,8.35102028717434,6.76757946394101e-17,4.30444208803127e-15,0.869432588768864,0.109557704304442,"ACO2"
"ENSG00000124155",1045.49449874899,1.01952235216729,0.122135431284286,8.34747412316596,6.9738303335788e-17,4.41430048903358e-15,0.99416570982145,0.123931796804289,"PIGT"
"ENSG00000198848",52401.1658460961,1.00919420082986,0.120923064914968,8.34575439796794,7.07607241942382e-17,4.45758705617866e-15,0.986376209408027,0.122605385083475,"CES1"
"ENSG00000173418",716.734465195519,-0.522632106758843,0.0626282523385292,-8.34498947749365,7.12202256911574e-17,4.4651690069037e-15,-0.516454455625339,0.0625032539850314,"NAA20"
"ENSG00000166848",548.773838987044,-0.647611874317804,0.0776208862519775,-8.34326823086622,7.22649981904968e-17,4.50919889182976e-15,-0.633441445529094,0.0774421782873436,"TERF2IP"
"ENSG00000158864",3160.72007221923,0.797511365060548,0.0956964458845296,8.33376159050725,7.8313545773847e-17,4.86356671537014e-15,0.783311685524847,0.0964207891535461,"NDUFS2"
"ENSG00000143537",479.097121745122,1.08988273284153,0.131301200106702,8.300630397558,1.03560402709487e-16,6.40129700503808e-15,1.06445214479651,0.133300981666336,"ADAM15"
"ENSG00000139946",36.1244291365509,-1.79871559818503,0.216842715202682,-8.29502432905704,1.08562984271302e-16,6.6791600510092e-15,-1.74916013060952,0.216304905094474,"PELI2"
"ENSG00000159307",179.465916673903,4.07189251758063,0.491348800445602,8.28717301006504,1.15971884399313e-16,7.10179455814583e-15,3.95011697511001,0.514422060081605,"SCUBE1"
"ENSG00000114125",627.540838430425,-0.674657174559796,0.0814442093128737,-8.2836727159822,1.19433552405678e-16,7.27991736561645e-15,-0.653333972271583,0.0811090656549522,"RNF7"
"ENSG00000148737",268.766480623734,-0.8605064558885,0.103888285909274,-8.28299791797495,1.20112522943396e-16,7.28756441047353e-15,-0.841297417830449,0.103809706891144,"TCF7L2"
"ENSG00000137491",7425.77396296069,1.02435213056728,0.123776717196652,8.27580625635612,1.27589311710341e-16,7.70569210081813e-15,1.00019825171861,0.125363708656667,"SLCO2B1"
"ENSG00000142186",1025.16143241751,0.924545851792277,0.111776034805993,8.27141393409587,1.32379574804663e-16,7.95849078483193e-15,0.906821193874524,0.113043414323087,"SCYL1"
"ENSG00000148843",402.936190560624,0.683946440453689,0.0827001733727109,8.2701935505177,1.33741715047847e-16,8.00383372872707e-15,0.673003071086036,0.0830468032391695,"PDCD11"
"ENSG00000125741",362.787545697004,0.965391470290422,0.116789199725136,8.26610228139654,1.3840981563829e-16,8.24571779499425e-15,0.943491674837736,0.118242241199995,"OPA3"
"ENSG00000161011",6661.28256717478,0.874203805575115,0.105821721288891,8.26109984724743,1.44336284401628e-16,8.56005189383708e-15,0.860092772839251,0.107122788337243,"SQSTM1"
"ENSG00000101997",178.019424351041,1.13687167421263,0.137900662115228,8.24413499380209,1.66359259751462e-16,9.7780625619989e-15,1.10881413138052,0.139952458844433,"CCDC22"
"ENSG00000184216",623.595893583062,1.10040589868584,0.133474393927223,8.24432212283228,1.6609914282189e-16,9.7780625619989e-15,1.07348884827356,0.135589052095239,"IRAK1"
"ENSG00000197694",1762.34382926361,1.09942162678269,0.133482946283514,8.23642013750238,1.77440034820413e-16,1.03830022153136e-14,1.0767038763407,0.135443509059553,"SPTAN1"
"ENSG00000161513",270.458566693412,1.48920620903469,0.180831415520995,8.2353290480204,1.79064778268451e-16,1.04317118171789e-14,1.45153258616744,0.18488802536716,"FDXR"
"ENSG00000170266",1213.19295344448,1.08460556840529,0.131817698593551,8.22807240588829,1.90250076917839e-16,1.10345044612347e-14,1.05845023986087,0.133891513198754,"GLB1"
"ENSG00000138668",1281.36198680818,-0.840165372337986,0.102153676762197,-8.22452405990044,1.95967454793011e-16,1.13162610079157e-14,-0.822206301912386,0.102054150663722,"HNRNPD"
"ENSG00000099817",1754.68166243543,1.19028542789607,0.145041493991796,8.2065165983701,2.27698081362282e-16,1.30911482061826e-14,1.16429751802304,0.147502175744282,"POLR2E"
"ENSG00000132128",728.105200770888,0.540378485653579,0.0658676152279206,8.20400865863621,2.32501349826095e-16,1.33091859643929e-14,0.532107389908527,0.0660172431906737,"LRRC41"
"ENSG00000153250",275.405424299204,-1.41622619375138,0.172760561683888,-8.19762438804034,2.45184051320568e-16,1.39744295224528e-14,-1.37823263973719,0.172485692786177,"RBMS1"
"ENSG00000196419",2509.11077058803,0.680210633583577,0.0829829157726169,8.19699605937486,2.46468522092118e-16,1.39870886287277e-14,0.670930536427549,0.0834186505410663,"XRCC6"
"ENSG00000176890",167.447864366993,2.00521125971556,0.244741007722364,8.19319687524652,2.54377575601991e-16,1.43739706453897e-14,1.94697442866081,0.251766983059523,"TYMS"
"ENSG00000174748",7857.86841898903,-0.5861228303524,0.0715683684479449,-8.18969110325206,2.6189747175727e-16,1.47356500562232e-14,-0.576306835773301,0.0714055235216839,"RPL15"
"ENSG00000185085",252.090868298934,0.977628160430018,0.119445037682246,8.18475325053483,2.72862151794984e-16,1.52872471937564e-14,0.959241057078798,0.120830025284781,"INTS5"
"ENSG00000175591",81.4870944536242,1.53853107498054,0.188129912296413,8.17802472876543,2.88534564103224e-16,1.60968053855214e-14,1.49633639744284,0.191470104515083,"P2RY2"
"ENSG00000196459",154.895939618596,-0.795294791787373,0.0973183250084597,-8.1720969993908,3.03074696712274e-16,1.68366306198895e-14,-0.778441053395112,0.097223591214214,"TRAPPC2"
"ENSG00000095585",325.808153340571,-1.08485075556481,0.132766761901956,-8.171102013966,3.0558509473742e-16,1.69047620055163e-14,-1.0579719981161,0.132693990545441,"BLNK"
"ENSG00000112293",1346.59814924288,1.77851005527255,0.217812821038209,8.16531390023439,3.20600438911193e-16,1.7661194053158e-14,1.73661443654731,0.223374985609993,"GPLD1"
"ENSG00000145293",248.779744320224,-0.85816560192054,0.105149924116828,-8.16135255568103,3.31293625445527e-16,1.81742161358992e-14,-0.839402268425935,0.105096085779061,"ENOPH1"
"ENSG00000130706",874.403062310241,1.22124999750158,0.149821809396312,8.15134994312544,3.59884044297645e-16,1.96607192000946e-14,1.19105875105421,0.152500262685628,"ADRM1"
"ENSG00000105221",2096.5809837668,0.795820177697683,0.0977104802919193,8.14467573304414,3.80299671739352e-16,2.0690187926117e-14,0.773987370108991,0.0986905668237361,"AKT2"
"ENSG00000104980",365.521822348379,0.966257678057968,0.118784411539594,8.13454952155814,4.1347293466578e-16,2.23056298945234e-14,0.943702019804319,0.12028065349145,"TIMM44"
"ENSG00000145217",260.499788109121,1.8990337993245,0.233447696618642,8.13472922128138,4.12860101013753e-16,2.23056298945234e-14,1.84469517352532,0.240485208980023,"SLC26A1"
"ENSG00000198074",666.126545346416,5.12733812097864,0.630352482856828,8.13408094744224,4.1507514234834e-16,2.23056298945234e-14,4.96447296918066,0.674127145248745,"AKR1B10"
"ENSG00000096384",7468.08169235175,0.730041824059262,0.0897847025920765,8.1310268117287,4.25669173039625e-16,2.27819525700801e-14,0.717368794308107,0.0904229831631357,"HSP90AB1"
"ENSG00000181744",180.910629809368,-1.9982929110988,0.246229768406744,-8.11556183490309,4.83542415614638e-16,2.57745726477017e-14,-1.93979926003998,0.244852273765573,"DIPK2A"
"ENSG00000166986",783.186955233431,0.716769001290141,0.0883510901067927,8.1127352296815,4.94928362307105e-16,2.62751081376425e-14,0.702624949033545,0.0889420458085716,"MARS1"
"ENSG00000164414",214.404785471897,-1.04292678988852,0.128669264358523,-8.10548498188754,5.25355325623138e-16,2.77784265749166e-14,-1.01707769208468,0.128634555126265,"SLC35A1"
"ENSG00000104472",197.085190009559,-0.715646733342157,0.0883038452881844,-8.10436658796234,5.30210141054994e-16,2.79229868685202e-14,-0.701245621692582,0.088250294510836,"CHRAC1"
"ENSG00000137563",1612.31655935397,-1.21846475930535,0.150358544856491,-8.10372806193563,5.33001704396597e-16,2.79581690840064e-14,-1.18561335732002,0.150153072708789,"GGH"
"ENSG00000030582",2059.8647264798,1.16072275388366,0.143248108532322,8.10288363159612,5.36715710502599e-16,2.80412660495128e-14,1.12897074508149,0.145841639864047,"GRN"
"ENSG00000114861",277.040548320871,-1.03272519039238,0.127515971138143,-8.09879092928362,5.55080831838405e-16,2.88861432094247e-14,-0.999104701320316,0.127117825899581,"FOXP1"
"ENSG00000166295",1738.8048613499,-0.584421658680732,0.0721675261047384,-8.098125157187,5.58126337748184e-16,2.89302809558763e-14,-0.577414053218898,0.0719998945147375,"ANAPC16"
"ENSG00000160746",257.633817276901,1.04788394629816,0.129409390528739,8.09743359439941,5.6130725496024e-16,2.89810639953197e-14,1.02210875778107,0.13109282159853,"ANO10"
"ENSG00000161955",31.085933268591,1.67528985140781,0.206906597580545,8.09684113990446,5.64046515490653e-16,2.90087360271482e-14,1.62700911827256,0.209391542856128,"TNFSF13"
"ENSG00000133112",53838.3168323773,-0.942219561507558,0.116462244532997,-8.0903434867306,5.94967074715878e-16,3.04799085825263e-14,-0.91968692156507,0.116344724282778,"TPT1"
"ENSG00000112473",2081.99731011767,0.829529608416801,0.10257371673414,8.08715560699486,6.10742190430526e-16,3.11667894542958e-14,0.811485480599186,0.103603591046003,"SLC39A7"
"ENSG00000166797",1614.26223305283,-0.975662584685707,0.120717129899502,-8.08222151651513,6.35974470124699e-16,3.23291114813197e-14,-0.951395370467192,0.120563692895015,"CIAO2A"
"ENSG00000185164",124.585703438001,2.09317195185361,0.25900602236828,8.08155707235771,6.39449887223626e-16,3.23807585199472e-14,2.02916659527497,0.266371334080783,"NOMO2"
"ENSG00000173692",1310.87535057254,0.74310627218198,0.0921636888166748,8.06289637191186,7.45076819890388e-16,3.7584986247804e-14,0.730808711411203,0.0928857462430942,"PSMD1"
"ENSG00000113070",18.4656318662463,-1.82738114080133,0.226829205715938,-8.05619864970029,7.87036914717085e-16,3.95501069433784e-14,-1.77418534854862,0.226422260907619,"HBEGF"
"ENSG00000182957",519.853158680044,-0.941272076345681,0.116916351066808,-8.05081639785199,8.22435690900612e-16,4.11718186555037e-14,-0.915189515718639,0.116706016444422,"SPATA13"
"ENSG00000105185",444.441037202412,-0.76808495091065,0.0954156419187024,-8.04988506564874,8.28718232770929e-16,4.13291827752351e-14,-0.74934446413048,0.0952629838780157,"PDCD5"
"ENSG00000111276",565.594576481904,-1.05764169806544,0.131457046876696,-8.04553063676753,8.58725153646097e-16,4.26640580109604e-14,-1.02166834131636,0.130925427136672,"CDKN1B"
"ENSG00000156471",1149.34753248928,0.785164331257464,0.0976159496011529,8.043402071747,8.7378038699012e-16,4.3248844267338e-14,0.761935603342007,0.0986227731354642,"PTDSS1"
"ENSG00000067596",417.898528712056,0.642677408532439,0.0801015238899226,8.02328566701954,1.02953547722586e-15,5.05778510938643e-14,0.630731762142372,0.080453979055607,"DHX8"
"ENSG00000150457",151.73137132335,-0.832234854298148,0.103725724242822,-8.02341810937744,1.02842555542326e-15,5.05778510938643e-14,-0.813531067722922,0.103642182949627,"LATS2"
"ENSG00000214194",407.952704042069,-1.03540939795269,0.129075782217149,-8.02171701125764,1.04277156101276e-15,5.10376593765575e-14,-1.00949517488562,0.129002406256897,"SMIM30"
"ENSG00000023608",40.1343823776052,-0.916377202112526,0.114270164563831,-8.01939163744389,1.0627017233992e-15,5.18204847787923e-14,-0.896356929304409,0.114599713970423,"SNAPC1"
"ENSG00000145592",7510.51943591684,-1.09527095944916,0.1367646465969,-8.00843629331606,1.16176116093638e-15,5.6441872490363e-14,-1.06311709845544,0.136472353997781,"RPL37"
"ENSG00000140043",153.731919789274,-1.07239779907536,0.133936362978074,-8.00677109061794,1.17759391360299e-15,5.70007406856508e-14,-1.04670403577634,0.134031233854842,"PTGR2"
"ENSG00000164167",159.041103798721,-0.776785975290197,0.0970320953333322,-8.0054539956261,1.19026723522196e-15,5.74031443916936e-14,-0.759825298861524,0.0970044997731571,"LSM6"
"ENSG00000198663",1449.28996160758,0.682240432615674,0.0852751626766002,8.00045888159746,1.23956382710778e-15,5.95623990792009e-14,0.668885413787495,0.0858281886689565,"C6orf89"
"ENSG00000198944",52.0518849799476,-1.68033106471668,0.210195378238297,-7.9941389710848,1.30482516577738e-15,6.24702841186364e-14,-1.6293427856438,0.209745224593684,"SOWAHA"
"ENSG00000170293",339.147281758819,-0.710908544814817,0.0889457792099,-7.99260573272588,1.32116118597409e-15,6.30232180236771e-14,-0.696000793053843,0.0888442597346951,"CMTM8"
"ENSG00000100462",472.040011478942,0.625870560952923,0.0783967234282797,7.98337651860532,1.42383742551439e-15,6.76759694740883e-14,0.614066676849438,0.078755262451816,"PRMT5"
"ENSG00000132305",1356.271632974,0.5835065603505,0.0731191497932873,7.98021533346751,1.46078223085365e-15,6.91822260842414e-14,0.575792336946298,0.0733423058145663,"IMMT"
"ENSG00000064225",1058.68932265022,-1.33455981575267,0.167312360965636,-7.97645677850885,1.50593869200645e-15,7.1065192899487e-14,-1.29665714553132,0.167022079386225,"ST3GAL6"
"ENSG00000178607",505.661424316323,-1.11466739439231,0.139945902622707,-7.96498770955407,1.65240200223089e-15,7.76053497609627e-14,-1.08582546184174,0.139853686952855,"ERN1"
"ENSG00000254470",96.2193958596889,1.43147690281068,0.179727776660824,7.96469488137116,1.65631955664822e-15,7.76053497609627e-14,1.39091185949015,0.183296761670442,"AP5B1"
"ENSG00000185022",20.2883692990638,-2.08129701725001,0.261348567369535,-7.96368251870745,1.66993389806753e-15,7.79657790849542e-14,-2.01832390311629,0.259992536022859,"MAFF"
"ENSG00000135636",588.004689850231,1.11368571104412,0.139901442334138,7.96050199671438,1.71342690272877e-15,7.97137053050423e-14,1.08552975025869,0.142290886603195,"DYSF"
"ENSG00000025800",670.202582458592,0.955299692491079,0.120011690770073,7.9600552776255,1.71962437959223e-15,7.97203330341946e-14,0.939211466283483,0.121398473837477,"KPNA6"
"ENSG00000100991",1183.68130060886,0.574613336276556,0.0722268685051092,7.95567284266117,1.78160608185451e-15,8.17304030442388e-14,0.564818783057097,0.0724685567751132,"TRPC4AP"
"ENSG00000139433",217.583933363974,-0.640100821593195,0.0804539652602626,-7.95611278477719,1.77528583543549e-15,8.17304030442388e-14,-0.627526117091254,0.0804009308644043,"GLTP"
"ENSG00000148690",269.421590142048,-1.0990654462039,0.138144467696651,-7.95591357749715,1.77814492399331e-15,8.17304030442388e-14,-1.07022795536336,0.138077950716431,"FRA10AC1"
"ENSG00000159792",490.873410654039,1.13187105305431,0.142306900733003,7.9537327228982,1.80974338846092e-15,8.27329217099877e-14,1.10383686202157,0.144824375241841,"PSKH1"
"ENSG00000157593",597.879665458212,0.659534784776588,0.0829885312068907,7.94730037012422,1.90619833149449e-15,8.68408554756277e-14,0.655305120982024,0.0832796053982477,"SLC35B2"
"ENSG00000100347",593.855976702461,0.667384652487131,0.0841258108944399,7.93317348613208,2.136156942656e-15,9.6648255350546e-14,0.654514874271172,0.0846044265020212,"SAMM50"
"ENSG00000176731",488.751438897854,-1.17111062021139,0.147617671285791,-7.93340397535532,2.13219434824431e-15,9.6648255350546e-14,-1.13917418173623,0.147481845774097,"RBIS"
"ENSG00000034713",714.673582542693,-0.598512258713923,0.0754567768300367,-7.9318556113528,2.15895365691114e-15,9.72697532248808e-14,-0.58773203882136,0.0752935150547912,"GABARAPL2"
"ENSG00000197746",18550.2155811207,0.879365924043745,0.11086968337912,7.93152733228922,2.16466942844372e-15,9.72697532248808e-14,0.861580487067417,0.112110718847819,"PSAP"
"ENSG00000108344",1194.9532631397,0.632355608799937,0.0797603783055942,7.92819219559276,2.22358995047571e-15,9.95775009794668e-14,0.625582386027297,0.0800559074786864,"PSMD3"
"ENSG00000130803",332.82599022052,0.497519811716107,0.0627820419794706,7.92455606778119,2.28962825808262e-15,1.02187273375986e-13,0.490207179645173,0.0627688367800471,"ZNF317"
"ENSG00000189091",1146.1732874716,0.599347589685922,0.0757717665722195,7.90990651002801,2.57582258685392e-15,1.14571892494996e-13,0.588567674082973,0.0760950690929061,"SF3B3"
"ENSG00000117479",427.29456888807,-1.49434184897539,0.189067501097435,-7.90374781652871,2.70640297375067e-15,1.19572152860407e-13,-1.4502513498262,0.188625539772425,"SLC19A2"
"ENSG00000143627",3383.66849598426,1.28597184831045,0.162701913849234,7.90385200694123,2.70414058011555e-15,1.19572152860407e-13,1.25957363927523,0.165650631862963,"PKLR"
"ENSG00000100038",200.840622179529,1.20192744173209,0.152386510978842,7.88736111885239,3.08643326024482e-15,1.35906288643422e-13,1.17215183874366,0.154967493167232,"TOP3B"
"ENSG00000184110",61.0987353784542,1.72059871722295,0.21828999034967,7.88216956016532,3.21745005024297e-15,1.41203157871663e-13,1.66871875553799,0.2227066452859,"EIF3C"
"ENSG00000116521",510.705473101884,0.641223237813296,0.0813638482210503,7.88093547482185,3.2493908429399e-15,1.42131162252979e-13,0.629009346723853,0.0817978411745882,"SCAMP3"
"ENSG00000198952",1372.66156219491,0.995790518164546,0.126376223809748,7.87957171171416,3.28505118838319e-15,1.43215178629977e-13,0.972042948336806,0.128252884951301,"SMG5"
"ENSG00000125633",486.863422560822,0.714602927732489,0.0907176879264205,7.87721715650525,3.34752838012316e-15,1.45244742592631e-13,0.699967718764069,0.0912999611929068,"CCDC93"
"ENSG00000153487",239.910234874887,-0.878714762210177,0.111554664326971,-7.8769880893069,3.35366867295761e-15,1.45244742592631e-13,-0.863417094481996,0.111649073795751,"ING1"
"ENSG00000188846",4697.01005902027,-0.660326654710193,0.0838766936417378,-7.87258803417602,3.47379066436555e-15,1.49953861924711e-13,-0.646810247525501,0.0836980103744515,"RPL14"
"ENSG00000171735",391.904485318288,-0.856618401569162,0.108944434790389,-7.86289270505018,3.75362521356109e-15,1.61504018175638e-13,-0.836884635581428,0.108896401130538,"CAMTA1"
"ENSG00000105327",48.3606360405063,2.26358322246729,0.28790778142151,7.86218146411718,3.7750061045649e-15,1.61894887207497e-13,2.19164498085389,0.295111331383135,"BBC3"
"ENSG00000137200",671.409461363072,0.499873864613163,0.0635896737847012,7.86092827438636,3.81297087461119e-15,1.62992125114062e-13,0.49184196688208,0.063672353078139,"CMTR1"
"ENSG00000160216",2505.67954921878,0.664713941979268,0.0845979004033984,7.85733379681567,3.9239615394467e-15,1.67193778732541e-13,0.652928425480371,0.0851021539016311,"AGPAT3"
"ENSG00000140829",511.034399877846,0.768491973522726,0.0978397784132062,7.85459642270609,4.01061432845183e-15,1.70334671769022e-13,0.75432135714673,0.0986435804722747,"DHX38"
"ENSG00000169710",6133.79708907317,2.56364100382334,0.32662596933672,7.84885846348754,4.19841101672687e-15,1.77737232946064e-13,2.48148142981097,0.340582116564591,"FASN"
"ENSG00000062822",61.1501486795088,1.63156169200346,0.207960996516976,7.84551776212652,4.3117080911431e-15,1.81948553615353e-13,1.58219597134456,0.212391245721684,"POLD1"
"ENSG00000115216",1139.06948287475,0.559068676740909,0.0713049339295105,7.84053284859059,4.48638548066843e-15,1.88714860186839e-13,0.546987849713852,0.0715774938923144,"NRBP1"
"ENSG00000149577",851.887368976919,0.698226613760404,0.0890919965246148,7.83714184211255,4.60917299230917e-15,1.93262329989626e-13,0.684009218391197,0.0897051672085549,"SIDT2"
"ENSG00000131507",2526.52785794238,-0.781009132803077,0.0997024827212133,-7.83339703773399,4.74861741409838e-15,1.98477132933395e-13,-0.762613895217483,0.0995537148271514,"NDFIP1"
"ENSG00000100632",871.610086241476,-0.771268922916524,0.0985036191093342,-7.82985366314768,4.8843814484024e-15,2.03505589081222e-13,-0.752905235438596,0.0983604596438056,"ERH"
"ENSG00000099194",56413.6246995019,2.43990941994962,0.311798274379317,7.82528198658775,5.06520261289843e-15,2.10373683285239e-13,2.36228742521984,0.324639068287335,"SCD"
"ENSG00000100241",562.033104356409,1.3432846041552,0.171738788522213,7.82167276078962,5.21259700023144e-15,2.15814629261155e-13,1.30482901439923,0.175616367396169,"SBF1"
"ENSG00000130193",689.263939135376,1.10500187790165,0.141315235700355,7.81941078345369,5.30711595758447e-15,2.19039149522123e-13,1.07490245889028,0.143857916155494,"THEM6"
"ENSG00000196814",204.492496982302,1.11132547873396,0.142138292029235,7.81862130793991,5.34050053976198e-15,2.19728219082832e-13,1.081087759062,0.144597199541463,"MVB12B"
"ENSG00000109511",1276.9057777476,-1.16263650588535,0.14888260326485,-7.8090823265436,5.76058648490008e-15,2.3627377464235e-13,-1.11871646020771,0.148659696359259,"ANXA10"
"ENSG00000100439",402.586118067417,0.752398466904308,0.0963665594852987,7.80767177870546,5.82540505141369e-15,2.37507639228518e-13,0.735772835178468,0.0970902743798177,"ABHD4"
"ENSG00000114867",4258.59506381074,0.916084064881808,0.11733170927889,7.80764271237486,5.82674825085914e-15,2.37507639228518e-13,0.894399565138083,0.118874101160922,"EIF4G1"
"ENSG00000243156",260.483526519924,1.60915917162822,0.206247294320428,7.80208621368976,6.0892022048618e-15,2.4743961799139e-13,1.56144215541816,0.211746448870691,"MICAL3"
"ENSG00000102900",198.278513199288,0.742239964554691,0.0951503145411228,7.80070952086979,6.15600664473112e-15,2.49384564567785e-13,0.726639283105797,0.0956663078452019,"NUP93"
"ENSG00000111229",1245.10492767498,-0.627595608016906,0.080458646708513,-7.80022575187686,6.17965255515614e-15,2.49574556874803e-13,-0.618801931109178,0.0803680363481112,"ARPC3"
"ENSG00000134363",478.492498309322,-1.96003614490954,0.25139895782628,-7.79651658804391,6.36394600945518e-15,2.56231538717085e-13,-1.89762697256285,0.249908857865241,"FST"
"ENSG00000197024",167.534516282303,0.619560788365346,0.0794827543011558,7.79490839003721,6.44552234214542e-15,2.58724838892337e-13,0.607806434473369,0.0796577982302677,"ZNF398"
"ENSG00000118894",127.86851915022,1.11565157548848,0.14317628886018,7.7921531866074,6.58767963537777e-15,2.63627325469251e-13,1.08738815545081,0.145220325778639,"EEF2KMT"
"ENSG00000141376",327.352302668566,0.885441301983477,0.113680542512078,7.78885535217607,6.76189630045979e-15,2.69779171793496e-13,0.869261954969188,0.114891804236066,"BCAS3"
"ENSG00000127580",130.396696396439,1.46299215362147,0.187989671594731,7.78230070413334,7.12173416944184e-15,2.8327719660082e-13,1.41251915523518,0.19282339238216,"WDR24"
"ENSG00000136689",392.384486796681,-0.880375536286114,0.113311603822078,-7.76950909342422,7.87908868861554e-15,3.12458077332266e-13,-0.854407519101418,0.113066921153715,"IL1RN"
"ENSG00000159069",1293.96469969549,1.36193579531068,0.175374670675177,7.76586373657804,8.10906953673876e-15,3.20612641203311e-13,1.32333536869731,0.179514712187866,"FBXW5"
"ENSG00000112584",403.783382083402,0.535930163155281,0.0690148251832754,7.76543535004353,8.13652594816219e-15,3.20735031836836e-13,0.527039384097618,0.0691268006927397,"FAM120B"
"ENSG00000109072",75896.5127700321,0.937650503994886,0.12079269581761,7.76247684223129,8.32865831661413e-15,3.26354510108755e-13,0.961439392836175,0.120788329794236,"VTN"
"ENSG00000173334",925.274175797915,-1.08134166888296,0.13929929359829,-7.76272184122713,8.31257938606657e-15,3.26354510108755e-13,-1.04797939121035,0.139088620963673,"TRIB1"
"ENSG00000188986",368.075730534464,1.11156515411315,0.143256233141525,7.75927950733575,8.54132219164534e-15,3.33694504377456e-13,1.08075083551409,0.145885347931173,"NELFB"
"ENSG00000184903",237.350842728178,-0.701573322243912,0.0904328235113034,-7.75794998987531,8.63131718668881e-15,3.36212787218772e-13,-0.686915501025972,0.0903783262225042,"IMMP2L"
"ENSG00000095321",2573.86921634083,0.97403202451475,0.125568992675748,7.75694702775829,8.69982457361321e-15,3.37881682407645e-13,0.949041687421503,0.127462767837057,"CRAT"
"ENSG00000150907",388.893336690168,-1.53288959835883,0.197712199840708,-7.75313612206961,8.96504274873865e-15,3.47158096558509e-13,-1.48569948477841,0.197165557434398,"FOXO1"
"ENSG00000133731",528.408495876058,-1.37953866202434,0.178096227424826,-7.74602967155289,9.48103650463415e-15,3.66062541407664e-13,-1.33819323133308,0.177772653173797,"IMPA1"
"ENSG00000132394",360.141877686397,0.933013146129203,0.120510934601737,7.74214513573075,9.77533094338593e-15,3.76321658481342e-13,0.909282193785725,0.122148072585687,"EEFSEC"
"ENSG00000173915",1292.28010122394,-1.2274100328484,0.158678452677388,-7.7352029348551,1.03238292710338e-14,3.96278531144114e-13,-1.19099970108037,0.158418490532565,"ATP5MK"
"ENSG00000103353",694.413292036228,0.463170440074625,0.0598824442007736,7.73466157329366,1.03678530258448e-14,3.9681149109963e-13,0.456593928919475,0.0598917136115268,"UBFD1"
"ENSG00000139211",62.2394184973435,-1.15474316880398,0.149304426357348,-7.7341522751656,1.04094379924633e-14,3.9724829161963e-13,-1.1221974719092,0.149228911823108,"AMIGO2"
"ENSG00000107331",747.696265555162,1.54042264433615,0.199378921002733,7.72610583199528,1.10886451003233e-14,4.21945379742359e-13,1.49487953835344,0.204804407074191,"ABCA2"
"ENSG00000006432",108.662020102594,0.940802913127712,0.121845206351098,7.72129607148253,1.15152723488082e-14,4.36916644796567e-13,0.914656101112742,0.122846058593612,"MAP3K9"
"ENSG00000177697",1950.74119452877,1.10622403023625,0.143332536656132,7.71788496906451,1.18275866564437e-14,4.47477028502121e-13,1.07867297812751,0.145683136931069,"CD151"
"ENSG00000182446",1141.55498173038,0.821881916214424,0.106632182366881,7.70763476814753,1.28170928071164e-14,4.83523908018611e-13,0.801855738784539,0.107792653353713,"NPLOC4"
"ENSG00000154734",121.447306996968,-1.74203762885406,0.226025812622482,-7.70725081636444,1.28556988920153e-14,4.83594661749353e-13,-1.68908974425067,0.225186638854835,"ADAMTS1"
"ENSG00000004799",5376.56888524026,-1.72859226965075,0.224534336245324,-7.6985653889573,1.37602315261812e-14,5.1614589251767e-13,-1.67328814153529,0.223579630306047,"PDK4"
"ENSG00000141448",120.972118113268,-1.14611532826459,0.148911320650734,-7.69662993556258,1.39701734335901e-14,5.22532112007521e-13,-1.10415684986997,0.148556504378052,"GATA6"
"ENSG00000139269",4217.85119141483,1.4267486251802,0.185513270177544,7.69081707100925,1.46198338473746e-14,5.45282528143156e-13,1.38734395679846,0.190073742977393,"INHBE"
"ENSG00000176171",2304.18381246863,-0.782133032890323,0.101735489388122,-7.6879075099003,1.49560860819029e-14,5.56248105520717e-13,-0.759813422293464,0.101455319049709,"BNIP3"
"ENSG00000133997",128.527084763594,-0.615129036863571,0.0800869875369639,-7.68076132941897,1.58145879327161e-14,5.86520745696171e-13,-0.60609495336867,0.0800507603818435,"MED6"
"ENSG00000131462",274.003072308169,0.923905098306134,0.120353698939615,7.67658249348601,1.63388851733584e-14,6.04263376945046e-13,0.9044941593318,0.121807815869026,"TUBG1"
"ENSG00000113811",501.409187137515,-0.91235041318418,0.118923683357401,-7.67173020063879,1.69691596247978e-14,6.25815001736942e-13,-0.866361413912431,0.118018586589339,"SELENOK"
"ENSG00000168439",747.189409079014,0.863953742392886,0.112679971261432,7.66732306301713,1.75623040213932e-14,6.45880711580063e-13,0.84216929942189,0.114042879466928,"STIP1"
"ENSG00000140259",313.841496453244,0.665907607755443,0.0868640403179338,7.66609065521399,1.77317885229369e-14,6.50297291623921e-13,0.652121456008746,0.087367603393394,"MFAP1"
"ENSG00000107815",96.6653631079189,1.0669735044545,0.139314830966894,7.65872159517642,1.87792993267375e-14,6.86800708155072e-13,1.03677634431391,0.140733471216669,"TWNK"
"ENSG00000099910",187.739277458283,0.929897199615359,0.121461435884695,7.65590487912659,1.91955771051572e-14,7.0008024422853e-13,0.904243067819386,0.123078169428137,"KLHL22"
"ENSG00000115128",890.193575160151,-0.678910731307296,0.0887093423131766,-7.65320442699813,1.96031901428424e-14,7.12971274642716e-13,-0.66281022231838,0.0885187944779666,"SF3B6"
"ENSG00000183751",264.319208547492,1.35363817390807,0.176880399350499,7.65284440151991,1.96581725647981e-14,7.13001377377775e-13,1.31281549390238,0.181122168023159,"TBL3"
"ENSG00000171865",100.144544252829,1.18719188598369,0.155319519732989,7.64354594982393,2.11319666137292e-14,7.64350199000986e-13,1.1507414129394,0.158026816751067,"RNASEH1"
"ENSG00000101407",288.842816764356,0.565302135425423,0.0739740907749246,7.64189366173388,2.14049933175618e-14,7.72104498682244e-13,0.554197717000113,0.0741744396314811,"TTI1"
"ENSG00000118420",29.3398858293634,-0.969148998850193,0.126836402765514,-7.64093728392698,2.15646091317945e-14,7.75736731773787e-13,-0.94298137475968,0.127293696678404,"UBE3D"
"ENSG00000135926",1826.57518688318,0.832584130865355,0.10900998125968,7.63768712960334,2.21158474701876e-14,7.93398495347383e-13,0.812683208808,0.110239158834212,"TMBIM1"
"ENSG00000100304",449.955552628155,1.00368662138872,0.131572682495117,7.62838153296732,2.37719149789321e-14,8.50491936447336e-13,0.976819122300334,0.133731192647565,"TTLL12"
"ENSG00000188549",124.488012734836,1.78545965707914,0.234076157450668,7.62768697386629,2.3900302716433e-14,8.52767982559773e-13,1.7271855092138,0.240837241003661,"CCDC9B"
"ENSG00000105063",333.669562764467,1.47318702137191,0.193200895426306,7.62515628160653,2.43738916704017e-14,8.67315291168943e-13,1.42832077628458,0.19827640191404,"PPP6R1"
"ENSG00000100441",1194.23562178783,0.624245712405383,0.081894963856426,7.62251648953381,2.48777328833859e-14,8.82857765883177e-13,0.615170900002489,0.0822175519642412,"KHNYN"
"ENSG00000181026",252.295898577712,1.25708106028155,0.164964633131231,7.62030646460764,2.53074142828506e-14,8.95691979698953e-13,1.2194807176929,0.16845300212868,"AEN"
"ENSG00000060656",462.012358183037,1.34640775937633,0.17674983196225,7.6175900391458,2.58455620579333e-14,9.10942239885432e-13,1.30540099995382,0.180976104476502,"PTPRU"
"ENSG00000143373",270.818328653172,0.786036206614705,0.103189097348996,7.61743465936375,2.58766821902743e-14,9.10942239885432e-13,0.770081221791303,0.10399216043849,"ZNF687"
"ENSG00000161031",4614.42726187797,1.31754977057692,0.172979429905995,7.616800282513,2.60041207821261e-14,9.12987344579925e-13,1.28890791413409,0.176916465702286,"PGLYRP2"
"ENSG00000135503",725.646505278315,0.704370776101222,0.0925417122606524,7.61138689672496,2.71170143817928e-14,9.49528221677351e-13,0.690203740887264,0.093160317693426,"ACVR1B"
"ENSG00000129925",729.404652133609,1.11457488968749,0.1464445219097,7.61090189754418,2.72189781978764e-14,9.50570469371992e-13,1.08315559998492,0.149259903085653,"PGAP6"
"ENSG00000162642",142.502356591979,-0.973721578409575,0.127968266969919,-7.60908623259281,2.76040538405658e-14,9.61468182182245e-13,-0.945849162057973,0.127888717088854,"C1orf52"
"ENSG00000108433",349.893962455316,0.843305719870566,0.110849005262886,7.60769767730985,2.79021569359093e-14,9.68611012877659e-13,0.826247166780615,0.111859390622776,"GOSR2"
"ENSG00000168924",474.899757004816,0.787120251024034,0.10346706712514,7.60744720899492,2.79562649926713e-14,9.68611012877659e-13,0.781650989413595,0.104077829031728,"LETM1"
"ENSG00000114745",644.239189538325,0.56001526070915,0.0736271399131564,7.60609825900735,2.82494547815797e-14,9.76200319302569e-13,0.563480835695475,0.0735702133328591,"GORASP1"
"ENSG00000182899",3420.67336913337,-0.95453363714219,0.125564170987468,-7.60195866094206,2.91681917811615e-14,1.00530998165124e-12,-0.926497648427442,0.125345350658732,"RPL35A"
"ENSG00000163374",335.603456426243,0.703686791077443,0.0925711701245858,7.60157606445284,2.92545736214774e-14,1.00565461175032e-12,0.689530971273828,0.093118302931237,"YY1AP1"
"ENSG00000168802",1605.41728336941,0.630520971452979,0.0829757670798746,7.59885679449065,2.98758158647528e-14,1.02433591582119e-12,0.628563797539197,0.0831462571594688,"CHTF8"
"ENSG00000174307",103.433030395476,2.17628105126538,0.286474695580508,7.59676538570151,3.03624276263156e-14,1.03831616137161e-12,2.10233741901626,0.296477271511623,"PHLDA3"
"ENSG00000127191",151.540073597986,1.08622068368673,0.143119409298563,7.58961128340564,3.2086660051752e-14,1.0944377363766e-12,1.05390998893592,0.145132898455813,"TRAF2"
"ENSG00000120738",357.971389545473,-3.89061295465601,0.513021707274581,-7.58371994690989,3.35785546521389e-14,1.14236498850145e-12,-3.75325048147985,0.499417010797133,"EGR1"
"ENSG00000180425",338.62306847844,-0.775576993158934,0.102275087291137,-7.58324449972036,3.3701887254808e-14,1.14360579277526e-12,-0.75660106362501,0.102187888317471,"C11orf71"
"ENSG00000158050",12.1998728788622,-2.0385048958685,0.269245752309034,-7.57116826685811,3.69882570278115e-14,1.25189560932691e-12,-1.97005840781216,0.268643253659867,"DUSP2"
"ENSG00000121060",1521.92691064033,0.758255302377333,0.100195824993272,7.56773351013626,3.79792083751987e-14,1.28213912171248e-12,0.743885160986023,0.101058415857478,"TRIM25"
"ENSG00000110497",277.837235060617,0.727207754362399,0.0961406666199036,7.56399742096076,3.90867488201648e-14,1.31615379786775e-12,0.710116001702184,0.0968994164230462,"AMBRA1"
"ENSG00000133424",398.67002535657,0.724966342764652,0.0958575149215676,7.56295782712323,3.94005378198971e-14,1.32333541055297e-12,0.721968707095795,0.0963049569437293,"LARGE1"
"ENSG00000142937",7175.94512156793,-0.743306177417843,0.0983086464803861,-7.56094406778495,4.00154298934743e-14,1.34056781164754e-12,-0.722773750048201,0.0980440479299965,"RPS8"
"ENSG00000118804",62.2737303004636,2.23233758725727,0.295297275079489,7.55962812950563,4.04223334026652e-14,1.35076254207992e-12,2.15236617361534,0.306114426437937,"STBD1"
"ENSG00000140319",1879.11309919168,-0.672889998904709,0.0890282569274109,-7.55816211759992,4.08804336539905e-14,1.36261212528719e-12,-0.657534898958973,0.088831511739403,"SRP14"
"ENSG00000079805",915.317556348213,0.926963548153105,0.122728159035257,7.55298177239676,4.25404550047083e-14,1.41424087444786e-12,0.906056081981512,0.124369849385267,"DNM2"
"ENSG00000183087",699.22150489945,1.51988015169599,0.201237606264825,7.55266463314938,4.26442068324321e-14,1.41424087444786e-12,1.47248603060185,0.206862565981567,"GAS6"
"ENSG00000171017",88.4190067971177,1.29756407479296,0.171912263668938,7.54782728759685,4.42579290841641e-14,1.46407008623644e-12,1.25761915660311,0.175032842665135,"LRRC8E"
"ENSG00000114391",4660.53495596253,-0.916081829933302,0.121379933310641,-7.54722634085506,4.44625494553166e-14,1.46715269706441e-12,-0.890849133421915,0.121216228058237,"RPL24"
"ENSG00000196878",176.556191920332,1.69252143707735,0.224428778757761,7.54146347204515,4.64726254166893e-14,1.52964646559033e-12,1.63682311077733,0.231306755296323,"LAMB3"
"ENSG00000136888",961.291969977005,-0.719101940184477,0.095413431859547,-7.53669505613244,4.82031744952856e-14,1.58265086135893e-12,-0.698621301633153,0.0951082843988489,"ATP6V1G1"
"ENSG00000086758",1981.88907624275,0.658124536615279,0.0873862499096791,7.53121386139702,5.02707729461296e-14,1.64643033982274e-12,0.643737733311288,0.0879657360349084,"HUWE1"
"ENSG00000105732",111.340233876389,1.06900750239457,0.142010028862788,7.5276901987497,5.16457480326773e-14,1.68317194828205e-12,1.03813097679093,0.143990847258992,"ZNF574"
"ENSG00000152518",796.302419525971,-0.94277652730833,0.125241250566931,-7.52768375467872,5.1648296149624e-14,1.68317194828205e-12,-0.916014958085529,0.125042119930353,"ZFP36L2"
"ENSG00000167553",744.293106689285,0.965210174007579,0.12828038782225,7.52422245047319,5.30349838349244e-14,1.72409530165584e-12,0.943350843515159,0.130373935693078,"TUBA1C"
"ENSG00000164615",308.17349420009,-0.775986439639357,0.103153944303368,-7.52260560543605,5.36952140091747e-14,1.73821426319795e-12,-0.760156698855439,0.103090248965424,"CAMLG"
"ENSG00000172809",2590.49003065296,-1.07751215185641,0.143238326960651,-7.5225128268387,5.37333438494277e-14,1.73821426319795e-12,-1.04460268895824,0.143022898748507,"RPL38"
"ENSG00000160209",1451.11051846706,0.811093585233302,0.107862935676978,7.51966910730409,5.49150469569673e-14,1.77062003938271e-12,0.796813170289114,0.108891380730019,"PDXK"
"ENSG00000205220",125.370244896506,1.32397934629546,0.176073789666446,7.51945731845497,5.50040707965613e-14,1.77062003938271e-12,1.28504148352051,0.179757290661429,"PSMB10"
"ENSG00000073060",4004.54721551579,0.988098462176545,0.131412089073983,7.51908343546889,5.51615761523769e-14,1.7713592966395e-12,0.964857743766531,0.133408863048353,"SCARB1"
"ENSG00000119383",1794.86516540219,0.841125140784312,0.111888417390216,7.51753541969273,5.58184396484247e-14,1.78809142679114e-12,0.819579782783571,0.113284404785478,"PTPA"
"ENSG00000160218",279.79465608026,1.05818169660902,0.1408018507189,7.51539621962497,5.67388304591571e-14,1.81316369375064e-12,1.02777791550711,0.143188188338867,"TRAPPC10"
"ENSG00000163931",1217.31184191159,1.03121808099914,0.137252637215101,7.51328427579154,5.76621260585198e-14,1.83820714694061e-12,1.00520513523252,0.139501313771812,"TKT"
"ENSG00000126602",1820.63799477279,0.742931686270367,0.0988931941023576,7.51246527138571,5.80241379622075e-14,1.84527971113629e-12,0.722645228849206,0.0998704002978927,"TRAP1"
"ENSG00000198918",1519.59510817599,-1.20244819086794,0.160260716663731,-7.5030750885196,6.23378181000031e-14,1.97768605567383e-12,-1.16540567440748,0.160046432299305,"RPL39"
"ENSG00000117614",456.50557278942,-0.660241930223156,0.0880017170142201,-7.50260281985711,6.25629040017162e-14,1.98005575501585e-12,-0.64539415975243,0.0878582893895132,"SYF2"
"ENSG00000090861",1904.15709192624,0.715540066162673,0.0954056074526978,7.49997914449042,6.38279880514079e-14,2.01525009756556e-12,0.699750087518483,0.0961919614677302,"AARS1"
"ENSG00000129596",5080.01601388389,-0.776501599165194,0.103586950307437,-7.49613341121258,6.57278934855215e-14,2.07027140102961e-12,-0.752315207128856,0.103227473519904,"CDO1"
"ENSG00000008988",7404.78226087476,-0.922281402430084,0.123045487558838,-7.49545083470915,6.60708678389462e-14,2.07610750827581e-12,-0.896139860180962,0.122868378043294,"RPS20"
"ENSG00000143740",527.611682869996,0.87269207992338,0.116479656360778,7.49222746004977,6.77144365160695e-14,2.12268635992993e-12,0.849767815985059,0.11798733572705,"SNAP47"
"ENSG00000104774",456.019580028668,1.10386318258361,0.147394043117166,7.48919806552926,6.92957008853294e-14,2.16709548184382e-12,1.07001093382067,0.150229916085484,"MAN2B1"
"ENSG00000101901",366.032693909539,-0.778417504469765,0.104017270440317,-7.48354096559766,7.23463374614244e-14,2.25713715406899e-12,-0.766167774735187,0.104022216504152,"ALG13"
"ENSG00000162896",1844.95420188794,1.03809492461973,0.138746605744536,7.48194825415113,7.32287814189023e-14,2.27926746137415e-12,1.00964773279896,0.141202835565491,"PIGR"
"ENSG00000138629",283.553401111064,0.733786782389861,0.0981287879554253,7.47779319075235,7.55810117727217e-14,2.3469330212256e-12,0.716354324218799,0.0989941068003347,"UBL7"
"ENSG00000146535",417.723208869644,0.980536871282444,0.131188128904118,7.47428048157539,7.762741183342e-14,2.39916080797842e-12,0.955323081994442,0.133145216099152,"GNA12"
"ENSG00000176619",104.037558556286,1.15960776470059,0.155141040208324,7.47453905906178,7.7474933179521e-14,2.39916080797842e-12,1.12487821396851,0.157880179947956,"LMNB2"
"ENSG00000115677",8212.91022497657,0.823996765852199,0.110283785416592,7.47160394195385,7.92231529179817e-14,2.44274480402376e-12,0.802951371595497,0.111611390023826,"HDLBP"
"ENSG00000127920",299.981265396849,-1.39831205076374,0.187226910286268,-7.4685420414498,8.10882101182279e-14,2.49440975330979e-12,-1.35257841917017,0.186849721308562,"GNG11"
"ENSG00000077684",343.418326197442,-0.714116302169397,0.0956375164314898,-7.46690554936102,8.21026549641906e-14,2.51972856703621e-12,-0.696810264889959,0.0954620111926813,"JADE1"
"ENSG00000139168",481.284283194171,-0.723057119601854,0.0968653140259991,-7.46456176674121,8.35773023398958e-14,2.55902037815597e-12,-0.705170268627908,0.0967266120546888,"ZCRB1"
"ENSG00000160789",1136.30584934037,0.979363896117804,0.131221026239704,7.46346773975673,8.42745181723272e-14,2.5743812210136e-12,0.957487337670637,0.133117786256087,"LMNA"
"ENSG00000164062",1691.67009058228,0.703277468063593,0.0942358908527493,7.46294709690299,8.46083249120131e-14,2.57859538377677e-12,0.688090720648366,0.0950196027785433,"APEH"
"ENSG00000111181",2536.15092119428,0.968478677202956,0.129958529579614,7.45221325861227,9.17871956499981e-14,2.7909242908265e-12,0.942056967791763,0.132038774711286,"SLC6A12"
"ENSG00000111196",162.665883192842,-0.856298756828872,0.114911407729357,-7.4518167843323,9.20635205511931e-14,2.79287629395624e-12,-0.833554161817377,0.114820149895982,"MAGOHB"
"ENSG00000162396",98.3185370736654,0.756963897824081,0.101618042848257,7.44910919957818,9.39725672735485e-14,2.8442363694794e-12,0.737524599225879,0.102362218724486,"PARS2"
"ENSG00000196365",1166.28722409294,1.13917862052558,0.152957467671438,7.44768227317023,9.49942567722784e-14,2.86856510243995e-12,1.10839380360106,0.156000042641042,"LONP1"
"ENSG00000148248",4712.34825410198,0.54041479351079,0.0725809135161107,7.44568740362898,9.64409203242162e-14,2.9055861715987e-12,0.530486626686495,0.0728063304926747,"SURF4"
"ENSG00000139531",1597.47123385317,0.640854932533242,0.0861228432623798,7.44117249567375,9.97955321513651e-14,2.99978990023943e-12,0.626124269762977,0.0867092665808012,"SUOX"
"ENSG00000033100",312.408363765087,0.810908739972203,0.108999577736584,7.43955854518909,1.01022322167445e-13,3.02974918828377e-12,0.790625426806107,0.110077440032639,"CHPF2"
"ENSG00000023191",1011.34946307525,1.12367278759164,0.151067068214764,7.4382378692501,1.02037205968312e-13,3.0532314858609e-12,1.09185326069229,0.154128905874189,"RNH1"
"ENSG00000033627",656.598415505596,0.893848301343535,0.120232012505695,7.43436196995532,1.05073881116254e-13,3.13696761627348e-12,0.877607647916977,0.121654575165636,"ATP6V0A1"
"ENSG00000063978",482.797144253438,0.54235287975472,0.0730289591616672,7.4265453866608,1.11470658808693e-13,3.32041333455939e-12,0.532432592386623,0.0731943256458211,"RNF4"
"ENSG00000011347",2894.64104663054,1.50036054622343,0.202144355834181,7.42222329202294,1.15170428729178e-13,3.42287554096695e-12,1.45361031365488,0.207850802821969,"SYT7"
"ENSG00000136158",179.472059004918,-0.743316930776459,0.100209443572824,-7.41763355103628,1.19231439542716e-13,3.53558813743109e-12,-0.725069752736509,0.10012661524795,"SPRY2"
"ENSG00000134419",904.840114075134,-1.10668349747854,0.149305331309581,-7.41221688315908,1.24205411019476e-13,3.67480548647736e-12,-1.07230258968072,0.149128674624884,"RPS15A"
"ENSG00000103335",595.951062145259,1.50567708165937,0.203154094350465,7.41150251720695,1.24876427817901e-13,3.68637454854369e-12,1.45625976025565,0.2090105422135,"PIEZO1"
"ENSG00000137522",283.178319581996,0.666323980115402,0.0900429741820149,7.40006631465193,1.36116505457183e-13,4.00919443143014e-12,0.652616658956013,0.090605451635758,"RNF121"
"ENSG00000234616",172.395795236679,0.971510420047554,0.131339715835583,7.39692798836061,1.39371079469028e-13,4.09589203635988e-12,0.944091050042173,0.132942114167108,"JRK"
"ENSG00000158669",1223.61611429927,0.657624212582598,0.0890031390941013,7.3887754890005,1.48187134357011e-13,4.34528242972029e-12,0.64498721734484,0.0895528687966137,"GPAT4"
"ENSG00000042286",416.866733819968,0.691173280089527,0.0936961648835523,7.37675102229139,1.62198921354437e-13,4.74557999678339e-12,0.675031914267869,0.0942965648062309,"AIFM2"
"ENSG00000072682",237.362884584891,0.98797496383047,0.133984709684991,7.37378889093598,1.6584573888976e-13,4.8415188430656e-12,0.961634146766954,0.135865358138965,"P4HA2"
"ENSG00000157429",39.6312103510958,-0.995114052404963,0.134963621422336,-7.37320206673318,1.66577707793377e-13,4.85212854160975e-12,-0.965367648403595,0.135308961295586,"ZNF19"
"ENSG00000154447",192.94631282433,-0.730589862850827,0.0991069599790664,-7.37173113780448,1.68426433875908e-13,4.89514884858764e-12,-0.712605488160365,0.0990084621428289,"SH3RF1"
"ENSG00000215193",562.478155016202,0.536304768937669,0.0727568854845469,7.37118920588728,1.69112626418703e-13,4.90426616614237e-12,0.526587919346222,0.0729436391115054,"PEX26"
"ENSG00000128285",46.980969572169,1.42331180787031,0.193206139384159,7.36680424549182,1.74766815432592e-13,5.0570986637044e-12,1.37458614047982,0.197513140194868,"MCHR1"
"ENSG00000107862",782.946721629598,0.924630092177215,0.125529710586981,7.3658266863965,1.76052425773168e-13,5.08312771431913e-12,0.904747943093708,0.127522915545514,"GBF1"
"ENSG00000139192",581.912472581593,0.999072019682504,0.135656324041793,7.36472867549259,1.7750752639359e-13,5.10334188899347e-12,0.970074052720434,0.137972735511536,"TAPBPL"
"ENSG00000232112",987.34050540665,-0.853810731531903,0.115932647710071,-7.36471346421027,1.77527767367386e-13,5.10334188899347e-12,-0.825743900559461,0.115598473820978,"TMA7"
"ENSG00000103356",623.90019618556,0.71118332107899,0.096593985517668,7.36260458938106,1.803560142495e-13,5.17334920176235e-12,0.694344731362514,0.0973512611831142,"EARS2"
"ENSG00000117016",32.8123642423077,1.32074836305517,0.179482778702711,7.35863558945012,1.85799473629277e-13,5.31790406478925e-12,1.27793292371384,0.181373365883682,"RIMS3"
"ENSG00000095794",240.110855362897,-0.930313697791712,0.126444092134708,-7.35751020143035,1.87372092158309e-13,5.35128192051257e-12,-1.4807096195877,0.125546986628349,"CREM"
"ENSG00000134248",610.237077242341,-0.752579596645784,0.102358569582886,-7.35238485368217,1.94701243184522e-13,5.54856399949658e-12,-0.731246729658393,0.102124566836012,"LAMTOR5"
"ENSG00000164741",530.77328188937,-0.709902653085919,0.0965610971276541,-7.35184949428883,1.95482852650323e-13,5.558806129577e-12,-0.690456557165062,0.0963152223367686,"DLC1"
"ENSG00000129250",2182.19027329772,1.01965264592831,0.138750278664337,7.3488331392475,1.99944599197664e-13,5.67342800223371e-12,0.993217449249947,0.141134550956327,"KIF1C"
"ENSG00000119950",768.348904104492,-0.896034238508238,0.121991801860816,-7.34503650934304,2.05702942032772e-13,5.81177024635939e-12,-0.870856909435505,0.121869433175927,"MXI1"
"ENSG00000148950",99.6543197209352,-1.0554429432133,0.143692193651411,-7.34516549850821,2.05504657341854e-13,5.81177024635939e-12,-1.02344493174436,0.143790819844796,"IMMP1L"
"ENSG00000131732",360.70668114309,-0.725921243334348,0.0988496343717842,-7.34369173895049,2.07781376280865e-13,5.85792205591834e-12,-0.709307977031774,0.0987361160932699,"ZCCHC9"
"ENSG00000183723",289.220865522562,1.02364572088376,0.139544982894115,7.33559673485713,2.20735736726691e-13,6.20984339688806e-12,0.993204028651126,0.141883102646677,"CMTM4"
"ENSG00000196961",708.120582299066,1.02804339447641,0.140266777428551,7.32920092215044,2.31529051239996e-13,6.49959805677139e-12,0.997303203375945,0.142837912946022,"AP2A1"
"ENSG00000122406",7052.63523500497,-0.602967331916867,0.0823380699203036,-7.32306856962386,2.4236387734849e-13,6.78928257270259e-12,-0.585083588457704,0.0819479549861509,"RPL5"
"ENSG00000167588",5043.86183032808,0.84429818208567,0.115301453611477,7.32252851668843,2.43341582666974e-13,6.79734591564468e-12,0.822676004472217,0.116771436648614,"GPD1"
"ENSG00000173264",249.809039260933,1.06797161139598,0.145851142066963,7.32233972433107,2.43684283167575e-13,6.79734591564468e-12,1.03950704741267,0.148500023626019,"GPR137"
"ENSG00000089053",1556.46991749749,0.418307379788343,0.0571387282688181,7.32090812067693,2.4629843860456e-13,6.85574047075609e-12,0.413017006164878,0.057118356680598,"ANAPC5"
"ENSG00000076382",194.620834900673,0.888886861432519,0.12142452168532,7.32048888556572,2.47069176798314e-13,6.86268519351605e-12,0.864071070280091,0.122877212806691,"SPAG5"
"ENSG00000062485",1095.90560432532,0.931103984578794,0.12720949025956,7.3194537819384,2.48982312246399e-13,6.90126552218125e-12,0.905997939282136,0.129130007077763,"CS"
"ENSG00000090661",1114.18905452279,0.943124822429415,0.128938728147449,7.31451935333888,2.58304279912658e-13,7.14460955741609e-12,0.916196192139149,0.131037673422131,"CERS4"
"ENSG00000132153",570.182343624934,0.692310856065604,0.0946805061422845,7.3120738816627,2.63050398537742e-13,7.26063217431428e-12,0.675775251348674,0.0954239261942925,"DHX30"
"ENSG00000157303",230.578303257215,1.70553023670075,0.233397716822244,7.30739897511374,2.72362952284076e-13,7.50194692420951e-12,1.64971298548394,0.240693576630751,"SUSD3"
"ENSG00000163738",174.763096510938,-1.43505597544766,0.196406990904896,-7.30654224086422,2.74104360543169e-13,7.53415033593187e-12,-1.38647321184852,0.196004093000619,"MTHFD2L"
"ENSG00000089775",135.763243884902,-0.908779104143835,0.124546684864598,-7.29669444940924,2.94923508228491e-13,8.08950606111732e-12,-0.881718654306808,0.12444508836453,"ZBTB25"
"ENSG00000170482",708.691125015714,0.869557509062991,0.119187018428262,7.29574009426514,2.97021790613772e-13,8.13012244328675e-12,0.856688018076206,0.120436165129602,"SLC23A1"
"ENSG00000196663",171.370102040414,0.841325151899572,0.115369739484081,7.2924248218109,3.0442544731192e-13,8.31548846329614e-12,0.814521271401574,0.116699499444034,"TECPR2"
"ENSG00000008324",217.106814455421,-1.04390870378076,0.143331233758276,-7.28319066548527,3.26015945172923e-13,8.88680317628717e-12,-1.00369410900487,0.142856722010777,"SS18L2"
"ENSG00000128789",562.827048278269,-0.632836459934215,0.0869117831358575,-7.2813655076549,3.30457996968747e-13,8.98927683489777e-12,-0.617801182014947,0.0866981821075263,"PSMG2"
"ENSG00000116786",410.078918867203,1.01957284860294,0.140109894092098,7.2769511047717,3.4144894169997e-13,9.26910673489033e-12,0.98939631649328,0.142590993352349,"PLEKHM2"
"ENSG00000133111",27.863948799957,-1.22031068212706,0.167777246084167,-7.27339797623619,3.50555576752552e-13,9.49673811424712e-12,-1.18044030104124,0.168315217663249,"RFXAP"
"ENSG00000165175",460.079276007712,1.34654772283051,0.185188284478965,7.27123601052347,3.56212954573306e-13,9.62418255425324e-12,1.30132034257677,0.189996308615801,"MID1IP1"
"ENSG00000196230",7735.85724747849,0.830257749457237,0.11418688233288,7.27104315745176,3.56721941855961e-13,9.62418255425324e-12,0.809628409507576,0.11549548545038,"TUBB"
"ENSG00000188559",1759.55766345031,0.950185648858191,0.130706000663396,7.26964059825516,3.60445192325295e-13,9.70474724367043e-12,0.92115370943423,0.13285534071997,"RALGAPA2"
"ENSG00000013374",785.528420710071,0.414867244136101,0.0570798528765285,7.26819049505113,3.64334777145765e-13,9.78945239979824e-12,0.40992480021389,0.0570343731078142,"NUB1"
"ENSG00000090432",418.712180178126,0.75611142837615,0.104090329404276,7.26399304050133,3.75827353357082e-13,1.00572010859743e-11,0.736958608532712,0.105089923859245,"MUL1"
"ENSG00000142230",569.49179123904,0.573270587447546,0.0789179099496712,7.26413798608125,3.75424624196071e-13,1.00572010859743e-11,0.561894151007543,0.0792070695561333,"SAE1"
"ENSG00000179912",440.600332280708,-0.760734632748575,0.104736108605812,-7.26334635566514,3.7762933271678e-13,1.0084924532554e-11,-0.740174829860108,0.104552705740559,"R3HDM2"
"ENSG00000142207",337.663434361158,0.762959685577745,0.10505974158836,7.26215079194785,3.80983126662591e-13,1.01538944243718e-11,0.744057432036851,0.105975311965586,"URB1"
"ENSG00000108592",496.763490042426,0.677552279245591,0.0933439768199281,7.25866094769748,3.90941028755208e-13,1.03982415850325e-11,0.661583038382182,0.0940618723513448,"FTSJ3"
"ENSG00000072958",873.671954265349,0.873345131626133,0.120326239146577,7.25814367523161,3.92438597193963e-13,1.04013454491319e-11,0.848936207352442,0.12201737830055,"AP1M1"
"ENSG00000124370",454.132256315697,-0.633285238628958,0.0872525064807714,-7.25807503041212,3.92637755447253e-13,1.04013454491319e-11,-0.613807203739273,0.0869316038541406,"MCEE"
"ENSG00000141994",122.822570731983,1.36872270523812,0.188599002276212,7.25731678703982,3.94844250209982e-13,1.04220368243442e-11,1.31586285693138,0.19325134833735,"DUS3L"
"ENSG00000163041",530.728472613573,-0.743219356532198,0.102410424366268,-7.25726273600914,3.950020032924e-13,1.04220368243442e-11,-0.724179860788613,0.102257522604427,"H3-3A"
"ENSG00000160803",436.897375712924,0.655047585849699,0.0902649608061023,7.25694200717378,3.95939355017388e-13,1.04258750963179e-11,0.639913704607512,0.0908304628811171,"UBQLN4"
"ENSG00000152102",1334.13801073014,0.558572704902937,0.0770000592257374,7.25418539309686,4.04086332147043e-13,1.06191629721516e-11,0.547522584021337,0.0772868919120902,"FAM168B"
"ENSG00000136003",1108.58219325528,-0.628773490838284,0.0867365686749805,-7.24923178820257,4.19142072509936e-13,1.0992877543159e-11,-0.601518873778871,0.0861351713813264,"ISCU"
"ENSG00000144182",66.5590602736197,-0.982608592988869,0.135741658959257,-7.23881379174686,4.52625954471761e-13,1.18474618619785e-11,-0.952743632313735,0.135883689004343,"LIPT1"
"ENSG00000188010",97.5397194186342,-0.911331535992963,0.125970935437421,-7.2344587489841,4.67389374960406e-13,1.22096200609697e-11,-0.884551543714713,0.12605465727797,"MORN2"
"ENSG00000198728",277.217802221923,0.818388444496362,0.113156404047313,7.2323652504385,4.7465352407078e-13,1.23748283127047e-11,0.79614522450404,0.114387777665717,"LDB1"
"ENSG00000081870",330.088740455046,-0.808460756061246,0.111819922765486,-7.23002427534122,4.82907707682354e-13,1.25651440303278e-11,-0.784452699140095,0.111623184238284,"IFT25"
"ENSG00000167085",1981.22963161046,0.612725381092129,0.0847868063107678,7.22665952113252,4.95019088293807e-13,1.28548743914719e-11,0.599193695979781,0.0852708405246183,"PHB1"
"ENSG00000167657",151.935479134629,1.25288253197878,0.173384564182164,7.22603270878517,4.9730801597297e-13,1.28888923982286e-11,1.21037677984191,0.177169557043506,"DAPK3"
"ENSG00000197818",445.180571185892,0.701266839302975,0.0972772022738538,7.20895361822574,5.63834612048783e-13,1.45843742676508e-11,0.684106304910796,0.0979644901497515,"SLC9A8"
"ENSG00000169926",2077.2868648283,1.18379720397278,0.164327949687251,7.2038701038124,5.85271249423194e-13,1.51091789605996e-11,1.14800055550559,0.16801313039468,"KLF13"
"ENSG00000103249",471.236409329315,1.48075046572079,0.205603102120795,7.20198504033674,5.93422048650002e-13,1.52896177935928e-11,1.42880410578817,0.211870741650516,"CLCN7"
"ENSG00000077235",535.72138893452,0.807230396773716,0.112095596649599,7.20126767599128,5.96553035798749e-13,1.53208947029035e-11,0.785776578365429,0.113393511596292,"GTF3C1"
"ENSG00000174238",853.815240763168,0.710528802285469,0.0986684681406637,7.20117394822148,5.96963313275826e-13,1.53208947029035e-11,0.692992575069492,0.0995101586930255,"PITPNA"
"ENSG00000109475",4143.76050626707,-1.02263608187519,0.142061133279955,-7.19856345127077,6.0850228506614e-13,1.55866558077448e-11,-0.982060982284735,0.141469514484219,"RPL34"
"ENSG00000169180",716.806474822428,0.54666801381149,0.0759454453481547,7.19816720154072,6.10272830713622e-13,1.56016545420884e-11,0.536305140702598,0.0761819648442517,"XPO6"
"ENSG00000145741",2959.14613289135,-0.554938329313725,0.0771005070085464,-7.19759636927175,6.12832350078293e-13,1.56367262037419e-11,-0.541594076762179,0.0768043724902032,"BTF3"
"ENSG00000175283",216.578354255339,0.728790467885654,0.101322055365843,7.19281172548478,6.34704390504014e-13,1.61634777666844e-11,0.709342834260405,0.102102189411174,"DOLK"
"ENSG00000001497",465.882154627597,0.463533353019085,0.06444785861044,7.19237788521334,6.36725085063003e-13,1.61836341118523e-11,0.455343908871699,0.0645042860496872,"LAS1L"
"ENSG00000184277",584.329538120817,-0.748415731779149,0.104132931364142,-7.18711863744637,6.61729093781049e-13,1.67867538511008e-11,-0.72873694316688,0.103954670040353,"TM2D3"
"ENSG00000131669",912.684084323068,0.881537463336327,0.122669635929111,7.18627276146607,6.65839620638506e-13,1.68585470102434e-11,0.856490078481948,0.12446268852614,"NINJ1"
"ENSG00000136146",474.079433388337,-0.756701064250129,0.105395369381903,-7.17964241396791,6.98939836367139e-13,1.76626523716118e-11,-0.741244409217526,0.105337095022821,"MED4"
"ENSG00000141385",1345.60959904164,0.482589707280174,0.0672320243480134,7.17797377009122,7.07521296362992e-13,1.78452593638221e-11,0.474480968399312,0.0673245959562073,"AFG3L2"
"ENSG00000175189",2629.42109509442,1.48994201029926,0.207612051390896,7.17656802828833,7.14830908983739e-13,1.79951505691777e-11,1.43916559395615,0.213984219714,"INHBC"
"ENSG00000068394",234.997521229613,0.678525734492286,0.0945742942911301,7.17452601235982,7.25581261379028e-13,1.81961959758405e-11,0.662100564093888,0.0952798199746647,"GPKOW"
"ENSG00000140694",385.74861587931,0.466651358930776,0.0650412556925127,7.17469787386801,7.24670400178884e-13,1.81961959758405e-11,0.458708803177569,0.0651142904090255,"PARN"
"ENSG00000157978",570.257174357752,0.782768640557208,0.109121985011333,7.17333578999606,7.31920322089732e-13,1.83202717882764e-11,0.76193689805803,0.110178247172091,"LDLRAP1"
"ENSG00000160959",176.018461347972,0.973344567321963,0.135713683344667,7.17204443453204,7.3885950450015e-13,1.8458869518499e-11,0.945308488706045,0.137841119429932,"LRRC14"
"ENSG00000120725",1226.097486725,0.870460293966585,0.121391222655818,7.17070208967754,7.4614113126013e-13,1.86054813147176e-11,0.842506588264798,0.123310831334358,"SIL1"
"ENSG00000185624",25300.6446253416,0.780056812795636,0.108792183029718,7.17015497871346,7.4912913067757e-13,1.86446770028372e-11,0.759175138351045,0.110051862120245,"P4HB"
"ENSG00000176209",1021.25811958548,-0.764097226278766,0.106644097149051,-7.1649275178431,7.78277209730695e-13,1.93335806477629e-11,-0.743576628070281,0.106464772807592,"SMIM19"
"ENSG00000183648",1123.18210695001,-1.10528421973288,0.154269579824828,-7.16462844449261,7.79978082945322e-13,1.93393435782639e-11,-1.07140341004615,0.154349304775921,"NDUFB1"
"ENSG00000040608",54.0417688772298,2.31480983442514,0.323127297503459,7.16377060158577,7.84877026667172e-13,1.94242310772556e-11,2.22752339957952,0.334467361338672,"RTN4R"
"ENSG00000158169",1183.87084286358,0.989211319202712,0.138351220843831,7.15000065174216,8.6777488536142e-13,2.14355049543498e-11,0.959967000798471,0.140806101295963,"FANCC"
"ENSG00000182224",23.1350479401476,2.22138740242973,0.310868460818675,7.14574710017118,8.95077196343118e-13,2.20685137959803e-11,2.13818358401762,0.315526345270747,"CYB5D1"
"ENSG00000100109",496.581278666339,0.56119370571101,0.0785604467932731,7.14346377366916,9.10079152182521e-13,2.23964525563272e-11,0.549499250016446,0.0788112289334804,"TFIP11"
"ENSG00000169714",5626.26155901314,-0.711223873926058,0.0995795654560606,-7.14226729820271,9.18038514122895e-13,2.25501773823545e-11,-0.683480767880999,0.0990748218163886,"CNBP"
"ENSG00000118181",4520.11343150791,-0.723526973088853,0.101374604994268,-7.13716194632536,9.52775707593601e-13,2.33598602722111e-11,-0.703732078888252,0.101124037640206,"RPS25"
"ENSG00000142949",4538.67756643228,0.795363827795294,0.111464819035476,7.13555931528634,9.6394379372192e-13,2.35897471898565e-11,0.786106288284333,0.11233313370712,"PTPRF"
"ENSG00000137713",1571.74838793442,-1.08142284730347,0.151685689396856,-7.1293663337887,1.00832043004926e-12,2.46299569239863e-11,-1.04537535818285,0.151469702110885,"PPP2R1B"
"ENSG00000137801",504.116681905365,-2.20876203904342,0.309874485295159,-7.12792483362915,1.01893390585582e-12,2.48431181564772e-11,-2.12259585197728,0.306763847700031,"THBS1"
"ENSG00000143033",196.522149743788,-0.968653546047657,0.135946294036754,-7.12526628924341,1.03879655473009e-12,2.52805830676088e-11,-0.932896102389512,0.135606364811048,"MTF2"
"ENSG00000225190",180.123701381652,0.95933565608857,0.134722284531957,7.12083868991258,1.07272282099575e-12,2.6058060260572e-11,0.931671372375719,0.136633107675782,"PLEKHM1"
"ENSG00000115541",525.999615002482,-1.58450580345087,0.22252821226654,-7.12047154521231,1.07558437879278e-12,2.60794547535649e-11,-1.52606711897462,0.221731057101582,"HSPE1"
"ENSG00000171428",248.42727851701,-0.961529636773752,0.135049688297548,-7.11982122206211,1.08067145115841e-12,2.6154632952117e-11,-0.931765508715744,0.134966602167087,"NAT1"
"ENSG00000151366",369.944391472617,-1.07020054805145,0.150325818556089,-7.11920652307735,1.08550156031939e-12,2.62233276021377e-11,-1.03515765972839,0.15019122310349,"NDUFC2"
"ENSG00000196562",1290.90815763612,1.22613359226809,0.172240631737734,7.11872442580848,1.08930454480176e-12,2.6267002997912e-11,1.18783834937709,0.176197012990984,"SULF2"
"ENSG00000214160",648.405271302248,0.668180405657283,0.0938986955811096,7.1159711167671,1.11127567384443e-12,2.67478163104858e-11,0.651433813177802,0.0946134833519269,"ALG3"
"ENSG00000119682",463.870209227932,0.584870893414236,0.082261182545271,7.10992566989129,1.1610546767834e-12,2.78949742235952e-11,0.573007448084425,0.0825408428717212,"AREL1"
"ENSG00000102921",414.507790364331,0.531904313025808,0.0748183056331287,7.10928038966826,1.16649551101295e-12,2.79746446229445e-11,0.525651612270577,0.0749441332913121,"N4BP1"
"ENSG00000008838",490.755573591748,0.735248370713235,0.103538886866963,7.10118094719286,1.23695294974441e-12,2.95373187586186e-11,0.728189323721671,0.104165881623024,"MED24"
"ENSG00000009954",793.202398680393,0.478374028136088,0.0673624841464491,7.1014903057328,1.23418670207673e-12,2.95373187586186e-11,0.479474006401428,0.0672824602493667,"BAZ1B"
"ENSG00000068305",743.280574040253,-0.632922604886272,0.08913121319986,-7.10102086759508,1.23838675032337e-12,2.95373187586186e-11,-0.617164111874202,0.0888934832867127,"MEF2A"
"ENSG00000104671",143.814794979511,-1.02675900910638,0.144602762867455,-7.10054904032169,1.242622305593e-12,2.95847473335215e-11,-0.99735539453653,0.144496792374971,"DCTN6"
"ENSG00000196428",161.407700821193,-0.810727460857706,0.114205920733101,-7.09882163423359,1.2582507228163e-12,2.99027599577606e-11,-0.78637885412189,0.114058193595326,"TSC22D2"
"ENSG00000148943",537.061841631177,-1.16631859999501,0.164343386563294,-7.09683927284671,1.27642356021679e-12,3.02799866555211e-11,-1.12543941243791,0.164084589925147,"LIN7C"
"ENSG00000154153",382.990277433923,-1.67314488457049,0.235835936403068,-7.09452897674979,1.29792779399125e-12,3.07347434095123e-11,-1.61060101883451,0.234821057008873,"RETREG1"
"ENSG00000151693",89.6943133734825,-1.00005790175994,0.140970996334868,-7.09406848047212,1.30225638664605e-12,3.07818807658561e-11,-0.967665507346503,0.140968718448673,"ASAP2"
"ENSG00000010165",387.306497619595,0.504483455006422,0.0711171202241737,7.09369914608749,1.30573830506465e-12,3.08088719076725e-11,0.495345365758421,0.0712617399911385,"METTL13"
"ENSG00000116918",251.561224663499,-1.07958808138427,0.152211779826425,-7.09267103121311,1.31547908792789e-12,3.09831800924125e-11,-1.04427258588012,0.152105340662787,"TSNAX"
"ENSG00000171314",731.666178110024,0.805403503957058,0.113599548498384,7.0898477555878,1.34259617422703e-12,3.15653950533447e-11,0.783061462774526,0.114960253481739,"PGAM1"
"ENSG00000104884",258.413482933011,0.876077140206898,0.123599218365329,7.08804757662323,1.36017215062285e-12,3.19216159270952e-11,0.850486789031151,0.125245250089942,"ERCC2"
"ENSG00000140854",108.579602733512,1.02958696440648,0.145516412109162,7.07540097699846,1.49017238970077e-12,3.49103375138796e-11,0.996176611146961,0.148294164644528,"KATNB1"
"ENSG00000154640",59.7295085592459,-1.02597428799248,0.145013053680232,-7.07504781090157,1.49397243543726e-12,3.49371955328009e-11,-0.992914756560081,0.144997226785564,"BTG3"
"ENSG00000141101",358.396368147696,0.627405159112191,0.0886862240334525,7.07443761362005,1.50056053773557e-12,3.50290426238058e-11,0.61305872458664,0.0891935984187046,"NOB1"
"ENSG00000143179",255.045238858969,0.653080322967886,0.0924033974696933,7.06770898961897,1.57512425637035e-12,3.67045769192426e-11,0.639201417956883,0.0928566725630053,"UCK2"
"ENSG00000108963",206.151610833074,0.892912678125381,0.126342459692931,7.06739982976077,1.57863620305886e-12,3.67214209354646e-11,0.866834982463953,0.128098711716531,"DPH1"
"ENSG00000185896",4802.42610989694,0.539139014488755,0.0762898488597823,7.06698233836681,1.58339095183626e-12,3.6767063971563e-11,0.528912721959538,0.0765243621952441,"LAMP1"
"ENSG00000165655",57.3996119145901,-1.3232916645869,0.187375402486514,-7.06224855037811,1.63829600930219e-12,3.79750092578743e-11,-1.2639892979084,0.186788119406527,"ZNF503"
"ENSG00000163399",3379.32691187605,0.813659055072464,0.115232809396724,7.06100163080458,1.65306654902431e-12,3.82500425034343e-11,0.792316214369816,0.116727836279899,"ATP1A1"
"ENSG00000188732",111.206986760281,-0.979682343107048,0.138757725317334,-7.06038053641011,1.66047246439145e-12,3.83540008178559e-11,-0.948536483415315,0.138775140289232,"FAM221A"
"ENSG00000167904",166.114363596696,-0.752262245949372,0.106554709120614,-7.05986860794536,1.66660115074083e-12,3.84281449223357e-11,-0.731811229764552,0.106458827983578,"TMEM68"
"ENSG00000166377",205.21274336537,0.947572609681681,0.134244649534396,7.05855028835914,1.68248610150027e-12,3.87265944271898e-11,0.918313757505793,0.136332474761156,"ATP9B"
"ENSG00000105953",1176.3520650581,0.8491321286294,0.120333189100222,7.056508141924,1.70738641421035e-12,3.92311510113323e-11,0.821059299183024,0.122221516175446,"OGDH"
"ENSG00000172062",78.5662846439671,-0.972322723633237,0.137805709271204,-7.05575065630764,1.71671421386089e-12,3.93061383477222e-11,-0.94129043450769,0.137919534634376,"SMN1"
"ENSG00000177606",350.709954652989,-1.65761128193598,0.234938328479439,-7.05551662287002,1.71960623486921e-12,3.93061383477222e-11,-1.59514172326845,0.234008857098548,"JUN"
"ENSG00000196182",766.354601263561,0.83295510031824,0.118052216548983,7.05581923548743,1.71586766479898e-12,3.93061383477222e-11,0.808766860402385,0.119713041296693,"STK40"
"ENSG00000197776",45.9075983984129,-1.53228893104752,0.217225613561755,-7.05390541162821,1.73964657984146e-12,3.96952978686182e-11,-1.47574857193135,0.216941152582416,"KLHDC1"
"ENSG00000171863",6361.28036297285,-0.729115986394464,0.103492983696934,-7.04507649068836,1.853596537458e-12,4.22222353151765e-11,-0.70205883017587,0.102969646632867,"RPS7"
"ENSG00000150722",129.759720396821,-1.12822360894281,0.160159707289627,-7.04436607705935,1.86307738674636e-12,4.23648996095035e-11,-1.08249546470008,0.15971285343797,"PPP1R1C"
"ENSG00000148926",111.681634587961,-0.969169904719267,0.137704688788281,-7.03803126275063,1.94974949567021e-12,4.42593135517139e-11,-0.937588707302557,0.137645356764293,"ADM"
"ENSG00000137171",2131.30666071451,0.706077780716618,0.100383955715135,7.03377124049878,2.01024612270499e-12,4.55540455275971e-11,0.689980749491162,0.101249452071777,"KLC4"
"ENSG00000119048",491.320156974703,-1.13300220531441,0.161310683348186,-7.02372702041588,2.16026684085147e-12,4.88695416265471e-11,-1.09401981659392,0.161122711090214,"UBE2B"
"ENSG00000100263",175.954738826064,1.62778091752576,0.231940727508784,7.01809007417253,2.24921535936882e-12,5.07944586988848e-11,1.56705524926718,0.239709672288137,"RHBDD3"
"ENSG00000163867",133.521467002224,-1.31326365784808,0.187152331963572,-7.01708412644142,2.26546218518861e-12,5.10737587845775e-11,-1.26561054913604,0.186870681391573,"ZMYM6"
"ENSG00000156709",2338.02393145293,0.536487438697084,0.0764572896665001,7.01682522408517,2.26966224661027e-12,5.10809797245654e-11,0.525459500741257,0.0767030624382799,"AIFM1"
"ENSG00000111602",371.714295429898,0.689315313777801,0.0982510012142185,7.01586045189375,2.285380692923e-12,5.13469662167648e-11,0.671564219966641,0.0990223798268906,"TIMELESS"
"ENSG00000164976",2871.48872176143,0.686451885540399,0.0978774787194717,7.01337932404093,2.32629620574016e-12,5.2177199054131e-11,0.676554996920303,0.0985709205116393,"MYORG"
"ENSG00000114423",224.217699649569,-0.755840724197554,0.10782173938784,-7.0100958163804,2.38154971104621e-12,5.33256522034599e-11,-0.734324460577306,0.107611416150917,"CBLB"
"ENSG00000136238",2000.02200847602,-0.389516170202932,0.0555671689008694,-7.0098257281709,2.3861515142325e-12,5.33379810464942e-11,-0.383397704182069,0.0553524957767106,"RAC1"
"ENSG00000188283",88.1426259544819,-0.710789117350758,0.101469933876798,-7.00492343095227,2.47120944795036e-12,5.51456671046008e-11,-0.691824001369933,0.101419792840591,"ZNF383"
"ENSG00000135334",299.582201391217,-0.804067799284214,0.114823651043407,-7.00263222757351,2.51197614525913e-12,5.59605379500536e-11,-0.783820879622477,0.114719586028292,"AKIRIN2"
"ENSG00000107485",14.7596114589859,-1.67840838372278,0.239801454216885,-6.9991584880247,2.57504440899976e-12,5.71251860973927e-11,-1.61419139639898,0.239573261389449,"GATA3"
"ENSG00000143393",609.597226597341,0.624592904813254,0.0892423044057553,6.99884330612348,2.58084301672084e-12,5.71251860973927e-11,0.610445703029734,0.0897618534269082,"PI4KB"
"ENSG00000167986",2443.46736029636,0.680691804246397,0.0972583364751599,6.99880163404037,2.5816106431679e-12,5.71251860973927e-11,0.664580926953572,0.0980425318993621,"DDB1"
"ENSG00000213965",127.088556265343,-0.91197655716014,0.130298047650384,-6.99915749779427,2.57506260689345e-12,5.71251860973927e-11,-0.883539218702384,0.13025921474209,"NUDT19"
"ENSG00000140941",442.875076139239,-0.609112929801377,0.0870560629724399,-6.99678929880173,2.61894683027506e-12,5.78541173949688e-11,-0.589862341590012,0.0866776320842473,"MAP1LC3B"
"ENSG00000108187",6083.69517156693,-0.830038152047315,0.118641100960612,-6.99621080154071,2.62977772300598e-12,5.79960695160749e-11,-0.804777354660032,0.11842615327176,"PBLD"
"ENSG00000040531",237.134806237699,0.84053489689442,0.120168777730113,6.99461967385717,2.6597946256884e-12,5.8559959936143e-11,0.815637751668073,0.121602893587477,"CTNS"
"ENSG00000106785",888.159529315715,0.739219641008011,0.105705801589164,6.99317946503125,2.68725396751581e-12,5.8967309560522e-11,0.724233446954129,0.106640839137578,"TRIM14"
"ENSG00000148334",365.860794137348,0.965390168757349,0.138045808965122,6.99325952735918,2.68572021023114e-12,5.8967309560522e-11,0.935220187402003,0.140412357230545,"PTGES2"
"ENSG00000168275",184.957649329542,-0.87886131798358,0.125724923607993,-6.99035078139197,2.74199794798841e-12,6.00684608705747e-11,-0.848470836308244,0.125499011800672,"COA6"
"ENSG00000185722",961.355586496123,0.592772188603523,0.0848490813869527,6.98619453403621,2.82442382373436e-12,6.17713688758913e-11,0.579229201526071,0.0852506338922061,"ANKFY1"
"ENSG00000167306",593.30256618141,1.00771676907913,0.144319146704862,6.9825576999838,2.89853858807168e-12,6.32871626045634e-11,0.976553442208382,0.147029882107147,"MYO5B"
"ENSG00000147894",203.927676032757,-1.34594243257318,0.192808292205889,-6.98072897785915,2.93652323274069e-12,6.40103723216289e-11,-1.29816691017543,0.192471114150122,"C9orf72"
"ENSG00000101911",359.179059240521,-0.797993970956123,0.114324400520249,-6.9800844555033,2.95002669146093e-12,6.41984320988011e-11,-0.771564821171772,0.114056742666503,"PRPS2"
"ENSG00000179476",113.238714052164,-1.0506251814482,0.150536095877915,-6.97922432039327,2.96814236942464e-12,6.44860766268066e-11,-1.00951965467476,0.150259257241277,"DORIP1"
"ENSG00000177830",1533.99127114406,0.972870076653716,0.139404375255912,6.97876286069048,2.97790628856812e-12,6.45916214090409e-11,0.939747900625388,0.142047631159387,"CHID1"
"ENSG00000137207",1425.36037862496,0.56235161199245,0.0806304691548559,6.9744306077696,3.0711208324475e-12,6.65039093421115e-11,0.553808315984145,0.0808742471409601,"YIPF3"
"ENSG00000135750",55.4450777106948,-1.50766766992012,0.216209067499202,-6.97319352679638,3.09825951135906e-12,6.69705967567746e-11,-1.45027794122748,0.215807353361849,"KCNK1"
"ENSG00000151779",512.366709014663,0.871742520886733,0.125017113134283,6.97298552999205,3.10284551280818e-12,6.69705967567746e-11,0.849213487351222,0.126756013893583,"NBAS"
"ENSG00000175137",330.251116570701,0.709257477653752,0.101851492705236,6.96364342647762,3.31583244351399e-12,7.14504909186665e-11,0.691676439455347,0.102619294627896,"SH3BP5L"
"ENSG00000164074",270.792818351301,-0.632577964641841,0.0908626946939807,-6.96191068042083,3.35688327212801e-12,7.2216871177839e-11,-0.616775134213908,0.0906469012365325,"ABHD18"
"ENSG00000124145",2609.69175444988,-0.727193815514159,0.104588442107957,-6.95290799688502,3.57832073111028e-12,7.68550909393114e-11,-0.706576274153849,0.104338842032195,"SDC4"
"ENSG00000165507",505.325222624208,-1.71377232438286,0.246648708844574,-6.94823148440966,3.6989371777896e-12,7.93162978546871e-11,-1.64403781606199,0.245271321593718,"DEPP1"
"ENSG00000101417",320.360627716518,0.681287872002766,0.0980656368281628,6.94726403700987,3.72438265236378e-12,7.97320682943439e-11,0.663371665393247,0.0988741746251656,"PXMP4"
"ENSG00000117010",207.801088599838,-1.08374192615685,0.156084116463787,-6.94331973496022,3.82991238205086e-12,8.18581597761065e-11,-1.04639635864888,0.155921360708509,"ZNF684"
"ENSG00000089597",6290.05033285515,0.522679361278029,0.0753342281113067,6.93813920155614,3.97298148679433e-12,8.47525918423598e-11,0.516005741430132,0.0754667211906101,"GANAB"
"ENSG00000139746",504.039424245545,-1.15559592005997,0.166561499500111,-6.93795338975798,3.97820915681136e-12,8.47525918423598e-11,-1.11007047568643,0.166364203407581,"RBM26"
"ENSG00000165688",1281.95253311988,0.707229759399301,0.101957925044834,6.93648638973682,4.01971954041387e-12,8.54985904185605e-11,0.688134494387646,0.102918390661371,"PMPCA"
"ENSG00000159363",109.597148536753,1.54731623450659,0.223191528535158,6.93268353266756,4.12931286764968e-12,8.76879567991543e-11,1.47980585812026,0.230733415009652,"ATP13A2"
"ENSG00000174231",2550.592233169,0.825157813378191,0.119074335224842,6.92977048177585,4.215239466644e-12,8.93685069530352e-11,0.802290432481461,0.120676597959556,"PRPF8"
"ENSG00000115649",804.6703728127,0.6363910063304,0.0918595529898067,6.92786961853623,4.2722520107969e-12,9.04316237526559e-11,0.620642407818406,0.0924540667990704,"CNPPD1"
"ENSG00000116133",25172.6869751725,0.811384315616962,0.117137410485122,6.92677354106283,4.30546954429205e-12,9.09884623116358e-11,0.787482260542126,0.118728737214506,"DHCR24"
"ENSG00000150316",687.774443789863,-0.549483442168833,0.079338134846845,-6.92584270136372,4.33387812298544e-12,9.14420502679909e-11,-0.537999963614098,0.0791100923218827,"CWC15"
"ENSG00000105227",53.5827423573095,1.31319127993144,0.189642013904144,6.92457991189236,4.37271150363465e-12,9.21137914509661e-11,1.26242725315832,0.193630916490736,"PRX"
"ENSG00000241119",1142.79065702277,1.65009332426116,0.238328610638266,6.92360568813817,4.40290379966382e-12,9.26016476459646e-11,1.58719077681568,0.247034866831924,"UGT1A9"
"ENSG00000196821",3524.2858624772,0.589884798989506,0.0852132677283871,6.92245250903573,4.43890632120662e-12,9.32099531499304e-11,0.588340516090587,0.0854102642494135,"ILRUN"
"ENSG00000109220",106.250872286254,-0.881101759403651,0.12729235887471,-6.92187470789895,4.45705377712657e-12,9.34419904930708e-11,-0.853054565882668,0.127336619967673,"CHIC2"
"ENSG00000119820",722.880742609698,-0.840299662257241,0.121427237320337,-6.92019089621916,4.51035439165554e-12,9.44091032123003e-11,-0.814635438048539,0.121245648199772,"YIPF4"
"ENSG00000206418",435.673064528125,-0.671720228115395,0.0970823690764902,-6.91907536358278,4.54600987193346e-12,9.50043904347236e-11,-0.650920536311972,0.096807317040693,"RAB12"
"ENSG00000140497",809.084291310366,0.565685931601847,0.0817815705225572,6.91703433899962,4.61196326735034e-12,9.62299657336522e-11,0.553942435115941,0.0821195392901208,"SCAMP2"
"ENSG00000164068",1118.95145927487,0.700784059530837,0.1013823402915,6.91228923613232,4.7689424141398e-12,9.93479364312732e-11,0.682471694524834,0.10228659939955,"RNF123"
"ENSG00000089009",7363.33123486656,-0.564731287479527,0.0817036249788895,-6.91194898176723,4.78039794768497e-12,9.94292565232549e-11,-0.548000453785331,0.0812921461951825,"RPL6"
"ENSG00000198818",198.768434475489,-0.898424047082227,0.130031477562538,-6.90928122884812,4.87115440051865e-12,1.01157127503515e-10,-0.869859798165517,0.129943425911258,"SFT2D1"
"ENSG00000145777",137.644894165776,-1.14470906532454,0.165895596359071,-6.90017752398256,5.19375935248612e-12,1.07686670291074e-10,-1.10401043216183,0.165813315577176,"TSLP"
"ENSG00000109670",289.745731944051,-0.890172275590048,0.129040886171392,-6.89837385654435,5.26011677426715e-12,1.08891033726417e-10,-0.862553314514874,0.128994782312156,"FBXW7"
"ENSG00000177628",462.778370857629,0.765577420804954,0.111015622406607,6.89612330416833,5.34408145884938e-12,1.10455536086673e-10,0.743777312733566,0.112244274508253,"GBA1"
"ENSG00000115363",1077.6611287209,-0.771622082257412,0.111996418595638,-6.88970318812912,5.59089158605838e-12,1.15375671821387e-10,-0.749059300172644,0.111788838678684,"EVA1A"
"ENSG00000137267",402.478450130023,1.18061589103364,0.171392481905632,6.88837618725703,5.64328184496436e-12,1.16274567716433e-10,1.1393239480419,0.175709727521484,"TUBB2A"
"ENSG00000179456",458.990916315068,-0.830383794251897,0.120557779006128,-6.88784913837613,5.66422308226121e-12,1.16523689220392e-10,-0.801297432393596,0.120273159989031,"ZBTB18"
"ENSG00000136560",514.209177998933,-0.634644266577128,0.0921578540465913,-6.886491370082,5.71852278032035e-12,1.17457208932446e-10,-0.618021455474321,0.0918904482426238,"TANK"
"ENSG00000030110",109.276534173638,1.02718139193115,0.149172429382046,6.88586621660781,5.74369505635495e-12,1.17790481482818e-10,0.995057417927288,0.151575080261965,"BAK1"
"ENSG00000011376",407.052952882412,0.804844052032587,0.116892343673158,6.88534446946334,5.76478671449841e-12,1.17855872489264e-10,0.782031734294936,0.118368175908957,"LARS2"
"ENSG00000179604",655.394330616445,0.727319607811249,0.105632266298082,6.88539244021177,5.76284432963978e-12,1.17855872489264e-10,0.71073119316119,0.106652377279569,"CDC42EP4"
"ENSG00000176095",386.412473581914,0.652534588577758,0.0947768788166853,6.88495545247773,5.78056213070272e-12,1.1799516436098e-10,0.635849301317742,0.0954039497462673,"IP6K1"
"ENSG00000162337",1732.21584682141,1.28353854015228,0.186467475623157,6.88344461071727,5.84223203831406e-12,1.1906939166632e-10,1.23698804564976,0.191822781814541,"LRP5"
"ENSG00000103121",568.895760987867,-0.92796138887453,0.134831739490213,-6.88236606887275,5.88665022686559e-12,1.19789237846851e-10,-0.889313611717483,0.13431716575898,"CMC2"
"ENSG00000078808",1859.26836107018,0.851481783866233,0.123748532099605,6.88074249786559,5.95413947011202e-12,1.20975617690578e-10,0.825142385711373,0.125524341996458,"SDF4"
"ENSG00000163820",648.009183582901,0.726781967032755,0.105646418826022,6.8793810060861,6.01131862928092e-12,1.219491850125e-10,0.70751559965573,0.106672566550407,"FYCO1"
"ENSG00000111642",1529.20650205438,0.602789202110787,0.0876312743730122,6.87869948741072,6.04014243625328e-12,1.22345408178017e-10,0.590378929742624,0.0880708936248813,"CHD4"
"ENSG00000136104",165.374495729416,-0.84639468900618,0.123065471371658,-6.8775967748912,6.08706714256426e-12,1.23106491549925e-10,-0.820144822505209,0.123006008458479,"RNASEH2B"
"ENSG00000119401",115.962952243058,0.797414650338351,0.115964550714396,6.8763656257529,6.13987951365077e-12,1.23984131406022e-10,0.773715490307722,0.117057896741566,"TRIM32"
"ENSG00000085563",1245.73801826297,1.33295786996294,0.193932288115756,6.87331585118674,6.27264678791654e-12,1.26471160198636e-10,1.28359546550917,0.199760702776118,"ABCB1"
"ENSG00000100031",1046.54823036061,1.31886507402972,0.191890682028204,6.8730021702454,6.28646094082219e-12,1.26555878817836e-10,1.27135699242177,0.197512120670563,"GGT1"
"ENSG00000002834",2422.80863098022,0.569805618511369,0.0829525231745159,6.86905710285159,6.46276350512899e-12,1.29745871730452e-10,0.560855273637187,0.083245731132159,"LASP1"
"ENSG00000166352",122.782612276677,-0.687764359811659,0.100125602411454,-6.86901594844221,6.46462797016381e-12,1.29745871730452e-10,-0.6690354356012,0.100058893483324,"IFTAP"
"ENSG00000107959",1035.83490329173,0.552617218199613,0.0805171758161712,6.86334577185486,6.7266142244294e-12,1.34798482311777e-10,0.543595213164464,0.0807367800854765,"PITRM1"
"ENSG00000006282",1016.26598857803,1.13251470355551,0.165058031478551,6.86131231186217,6.82308079574315e-12,1.36523832457073e-10,1.093832080059,0.169013860168303,"SPATA20"
"ENSG00000100575",212.6522636351,-0.678657890483221,0.0989505771204088,-6.8585541411991,6.95609688375513e-12,1.38974160199575e-10,-0.660022619030359,0.0987759606634404,"TIMM9"
"ENSG00000141556",723.285396878635,0.833499332330589,0.121537011784953,6.85798770341152,6.98372688912822e-12,1.3931477003373e-10,0.809795668260356,0.123217530721101,"TBCD"
"ENSG00000137714",1126.00082816817,-0.622997592095797,0.0908609440882066,-6.85660487404797,7.05163183674455e-12,1.40456557885898e-10,-0.607521603937133,0.0905842146021818,"FDX1"
"ENSG00000135372",387.469843171237,0.48109642487764,0.0701710287956428,6.85605488667872,7.07881888418815e-12,1.40785089772237e-10,0.472012115437194,0.0701884169487443,"NAT10"
"ENSG00000151148",586.043269026164,0.48910423221548,0.0713592605186445,6.85411015557943,7.17577733458418e-12,1.42498166496433e-10,0.488859554191431,0.0712891975339401,"UBE3B"
"ENSG00000135862",854.415989812216,0.754746994851591,0.110144066111897,6.85236183386249,7.26405349849802e-12,1.44033928254857e-10,0.732958481530763,0.111366703675784,"LAMC1"
"ENSG00000167658",18686.8120987732,0.928276437944877,0.135649798527413,6.843183314845,7.74524344809905e-12,1.53344173289732e-10,0.915414981146588,0.137397569138854,"EEF2"
"ENSG00000177943",1086.6701827917,2.20332166309212,0.322033706676665,6.84189765670818,7.81509159287389e-12,1.54494738606273e-10,2.11029463773025,0.338385074338011,"MAMDC4"
"ENSG00000174243",979.212533990138,0.402880113263037,0.0589698981472031,6.83196216919608,8.37609418723255e-12,1.65336815695808e-10,0.396764615164219,0.0589342291392359,"DDX23"
"ENSG00000169032",1161.94956792787,-0.975997584949603,0.142905094508612,-6.82969063003411,8.50979473429272e-12,1.67724487233081e-10,-0.942232885114443,0.142702549230087,"MAP2K1"
"ENSG00000064545",333.772468925367,1.1708738455761,0.171488698404274,6.82770267936742,8.62851767728987e-12,1.69810259699848e-10,1.12795178722022,0.175890541225436,"TMEM161A"
"ENSG00000143390",366.566414268818,0.814550356613184,0.119306489207473,6.82737680091052,8.64813375879548e-12,1.69942282191494e-10,0.791056522867931,0.120809593366319,"RFX5"
"ENSG00000160703",266.573096638238,0.82229408422293,0.120471305729506,6.82564266439698,8.7532563826459e-12,1.71751674417162e-10,0.797020553681867,0.122108678205886,"NLRX1"
"ENSG00000144713",6551.64393245835,-0.823203329933023,0.120621842257899,-6.82466222139894,8.813243383359e-12,1.72671372597179e-10,-0.794777923125157,0.12027547265747,"RPL32"
"ENSG00000106355",478.100784737142,-0.988719430031271,0.144980783713729,-6.81965847269486,9.12571972054608e-12,1.78527824428989e-10,-0.954317372283016,0.144809408803404,"LSM5"
"ENSG00000145337",620.324174156983,-0.858156865935846,0.125851306478927,-6.81881571153606,9.17940625239976e-12,1.79311665755334e-10,-0.830827378319012,0.125683193887171,"PYURF"
"ENSG00000184557",63.1597865739862,-2.38218927909372,0.349724194893846,-6.81162274121984,9.65039084803117e-12,1.88232660600264e-10,-2.2804506069977,0.345476712062909,"SOCS3"
"ENSG00000140553",488.498271782573,0.632641143872825,0.0928872007519738,6.81085379633837,9.70211948407983e-12,1.88936899108864e-10,0.616780696884493,0.0934868468229274,"UNC45A"
"ENSG00000213859",120.861424980171,0.676760397484388,0.0993678136367984,6.81066003885353,9.71519677173789e-12,1.88936899108864e-10,0.658550648722811,0.0999025083128286,"KCTD11"
"ENSG00000131899",81.0606044293721,1.06507477351337,0.156402118824574,6.80984875088546,9.77014087346887e-12,1.89725183982435e-10,1.0271980210611,0.159422041091462,"LLGL1"
"ENSG00000116030",1899.23746183157,-0.695850980931412,0.102214852691223,-6.80772864813964,9.91516513272562e-12,1.92257826417475e-10,-0.684713849974506,0.102143473885835,"SUMO1"
"ENSG00000165671",730.787197218432,0.711712632068048,0.104561417662645,6.80664673430789,9.98998334852452e-12,1.93423707009814e-10,0.695106124195648,0.105599419707313,"NSD1"
"ENSG00000126351",222.007616088876,0.852210601886444,0.125265104284774,6.8032562360628,1.02280488833327e-11,1.97452333721346e-10,0.827838058631297,0.126981158788816,"THRA"
"ENSG00000203896",74.019073632195,2.34443372110478,0.344598167861232,6.803384172515,1.02189656948302e-11,1.97452333721346e-10,2.24112514965667,0.360520597283938,"LIME1"
"ENSG00000119878",178.627340774882,-0.925588349695325,0.136080546883187,-6.80176829749117,1.03342717096693e-11,1.99210865782585e-10,-0.895826748738932,0.135970997522554,"CRIPT"
"ENSG00000138495",593.085234117137,-0.850997098109466,0.125130960251635,-6.80085165492325,1.04002473101932e-11,2.00189555681292e-10,-0.815874523119045,0.124628717680938,"COX17"
"ENSG00000125691",6385.07756590636,-0.760584487792329,0.1118843215907,-6.79795414566426,1.06115215865911e-11,2.03958092275998e-10,-0.727202045836345,0.111286414843604,"RPL23"
"ENSG00000126947",45.8326094014974,-1.13193999457776,0.166640712232822,-6.79269777121615,1.1005578697768e-11,2.10916228726076e-10,-1.09039988687796,0.166776511898359,"ARMCX1"
"ENSG00000135070",472.363239950251,-0.876421057836652,0.129021365337209,-6.79283664024207,1.09949860241475e-11,2.10916228726076e-10,-0.847984963738314,0.128833237777431,"ISCA1"
"ENSG00000087269",466.566641826197,0.546022957808758,0.0804640786861979,6.78592195081478,1.1534750043704e-11,2.20736219586348e-10,0.533820875027698,0.0806608313304399,"NOP14"
"ENSG00000240303",62.2264414424194,1.82025527807602,0.268374960512425,6.7825078561744,1.18107437459536e-11,2.25689770913243e-10,1.74439837457198,0.278349829628307,"ACAD11"
"ENSG00000148339",919.601793325343,-1.45195483023694,0.214108937816579,-6.78138355663035,1.19030395393413e-11,2.27123795036186e-10,-1.39269654894843,0.213260708023979,"SLC25A25"
"ENSG00000131910",912.558621892705,-2.11274986506408,0.311691066123517,-6.77834591584616,1.21559524712722e-11,2.31613994553936e-10,-2.02622334135287,0.310089952500969,"NR0B2"
"ENSG00000130881",482.037349470807,1.26592852793407,0.186782293985568,6.77756173201238,1.2222093554874e-11,2.32537693270912e-10,1.21750182597747,0.192255159460995,"LRP3"
"ENSG00000119689",1727.03178874777,0.479377977468108,0.0708067321299909,6.77023162978401,1.28576377233701e-11,2.44276563154244e-10,0.471550440349739,0.0708863608541148,"DLST"
"ENSG00000149503",45.8351859329269,1.06200753463638,0.156870040865659,6.76998315787947,1.28797388219449e-11,2.44343863587502e-10,1.02373306661949,0.158905212730922,"INCENP"
"ENSG00000185015",93.7901532259673,-0.773329684526781,0.114267525154909,-6.76771185407581,1.30834992938488e-11,2.47852304608365e-10,-0.750081317747988,0.114293912937241,"CA13"
"ENSG00000157227",303.947066352599,1.22045632040106,0.180474217700293,6.76249680399128,1.35633672108607e-11,2.56573696405448e-10,1.17423333022854,0.185376397175137,"MMP14"
"ENSG00000130449",163.469437769483,-0.80269450543979,0.118749304744238,-6.75957225323238,1.38399728014815e-11,2.6143053357863e-10,-0.777692124338663,0.118618721379251,"ZSWIM6"
"ENSG00000150787",488.650399305577,-0.910932942381114,0.134816863176481,-6.7568175146507,1.41055664206916e-11,2.66065741396598e-10,-0.866806900336012,0.134013041230727,"PTS"
"ENSG00000112304",1739.73845857137,-0.586158452488382,0.0868792173272128,-6.74682013168623,1.51120421012235e-11,2.84642555514604e-10,-0.56954838619323,0.0865270573169212,"ACOT13"
"ENSG00000168763",685.685611089719,0.707685030161221,0.10491849614798,6.74509315462436,1.52928874601604e-11,2.87637366143531e-10,0.691519419904676,0.105901650955338,"CNNM3"
"ENSG00000100034",323.522286539932,0.876280974024967,0.129920934013478,6.74472501817192,1.53317110911662e-11,2.87956217155913e-10,0.85684152993708,0.131623025843353,"PPM1F"
"ENSG00000160410",214.4461234757,1.01336771124087,0.150287702928436,6.74285182017461,1.55307583492019e-11,2.91279151603408e-10,0.977855111261831,0.153296251267335,"SHKBP1"
"ENSG00000089737",1195.0262061131,0.459579829570817,0.0681610263138884,6.74256029324449,1.55619629187613e-11,2.91449223027613e-10,0.451849426650088,0.0682224734427563,"DDX24"
"ENSG00000105447",285.026913978438,0.763032053542708,0.113305323879047,6.73430009658897,1.64720894676769e-11,3.08028439565557e-10,0.740447902496918,0.114484781420688,"GRWD1"
"ENSG00000158859",27.8612624683158,-1.85408002698256,0.275326794082368,-6.73410676633198,1.64940034857753e-11,3.08028439565557e-10,-1.77631428430602,0.27369866707788,"ADAMTS4"
"ENSG00000140307",338.396482526927,-0.837301102927535,0.12436476985721,-6.73262294369123,1.66631481446964e-11,3.10746470925032e-10,-0.810511313540812,0.124204734707418,"GTF2A2"
"ENSG00000011275",327.213544237682,0.675179565271285,0.100312091208665,6.73078945056386,1.68745000979081e-11,3.14242812290039e-10,0.656454313795392,0.101161452588534,"RNF216"
"ENSG00000115884",10986.5004768133,0.817996834391582,0.121619168844725,6.72588739227402,1.74525500623068e-11,3.24548409774479e-10,0.792239864040541,0.123405734482257,"SDC1"
"ENSG00000149930",361.19007720693,0.996371771528195,0.148150397996324,6.72540732258388,1.75101914013487e-11,3.25161043709672e-10,0.962321233020523,0.151130096243479,"TAOK2"
"ENSG00000113719",5227.17185319048,0.639042299035182,0.0950289083844259,6.7247147199674,1.75936799022032e-11,3.26251252947052e-10,0.629578556728665,0.0955533865251152,"ERGIC1"
"ENSG00000167965",313.409138448641,1.01746601418901,0.151310981544904,6.72433688421394,1.76393896101193e-11,3.26638823638298e-10,0.983449648608827,0.154427852801403,"MLST8"
"ENSG00000198668",3795.99562767377,-0.61860556493379,0.092064601824673,-6.71925531282758,1.82655624574391e-11,3.37758982183488e-10,-0.600303252171638,0.0916870469034203,"CALM1"
"ENSG00000123595",241.648069771144,-0.595642540348097,0.088702079829343,-6.71509102711091,1.87948853925952e-11,3.47059552705342e-10,-0.580563245671568,0.0884395000575458,"RAB9A"
"ENSG00000204899",46.7831487801822,-1.41941033786519,0.21138871520385,-6.71469305490784,1.88462510279169e-11,3.47520645705258e-10,-1.36209603218723,0.211153312360543,"MZT1"
"ENSG00000164880",569.966942224407,1.49657601439101,0.222950033704247,6.71260725789478,1.91177177561513e-11,3.52033387381101e-10,1.4354831547367,0.231070419847704,"INTS1"
"ENSG00000175130",420.872856914594,-1.04246475615077,0.155329288214617,-6.71132127194462,1.92869930508642e-11,3.54654400150388e-10,-1.00541578005769,0.15523147173217,"MARCKSL1"
"ENSG00000177426",273.382381698438,-0.880675330850711,0.131226989874462,-6.71108383796051,1.93184067584245e-11,3.54736601647723e-10,-0.851086433955338,0.131058288980327,"TGIF1"
"ENSG00000118363",772.563598281818,-0.600761201272681,0.0895210531071102,-6.71083706481739,1.93511091748392e-11,3.54842205286815e-10,-0.585467693349526,0.0891936532909793,"SPCS2"
"ENSG00000167081",309.300921650423,-0.78021075812319,0.116305656290265,-6.70827871153583,1.96933525278094e-11,3.60615687595464e-10,-0.75216907620262,0.115979434465636,"PBX3"
"ENSG00000124762",1227.53635626913,1.55913498248999,0.232463314081207,6.70701520647397,1.98645569819138e-11,3.63245496144273e-10,1.49508616043133,0.241351586181386,"CDKN1A"
"ENSG00000188612",960.751277784293,-0.676244906092874,0.100830469255706,-6.70675155123913,1.99004655022981e-11,3.63397404720189e-10,-0.660006163549157,0.100629203234266,"SUMO2"
"ENSG00000106399",381.675107731159,-0.796708557275902,0.118799649327317,-6.70632078282328,1.99592707896595e-11,3.63966425507835e-10,-0.771621984794384,0.118626620876727,"RPA3"
"ENSG00000095203",1821.51107668691,-0.853083682793911,0.127215134347779,-6.70583486129693,2.00258093864119e-11,3.64674697623097e-10,-0.825077538943758,0.126994969918289,"EPB41L4B"
"ENSG00000158122",72.2513135217224,-0.754887389563394,0.112601940665086,-6.70403533992959,2.02741196594115e-11,3.68686546182061e-10,-0.73336340287404,0.112578521793264,"PRXL2C"
"ENSG00000185808",338.692034215013,-0.802668142231891,0.119811277137143,-6.69943732686459,2.0922357568723e-11,3.79950013448009e-10,-0.778631437007798,0.119698336241826,"PIGP"
"ENSG00000134882",813.654430839813,0.406830298857231,0.0608046929100923,6.69077137613018,2.21997260800265e-11,4.0259172667993e-10,0.399837334248603,0.0608004749152509,"UBAC2"
"ENSG00000243317",590.61109035221,-0.79561211056431,0.11893214923267,-6.68963031188339,2.23735077684803e-11,4.05185148940593e-10,-0.770456803994564,0.118732024565429,"STMP1"
"ENSG00000152904",265.063286053828,-0.5722818337701,0.0855544179017287,-6.68909739328069,2.24551257274357e-11,4.06104650175025e-10,-0.558338214136626,0.0853184507315444,"GGPS1"
"ENSG00000144827",741.494104516217,-0.671698917125322,0.100433919327561,-6.68796878208649,2.26289391599739e-11,4.08686711907018e-10,-0.650552210424752,0.100094603087635,"ABHD10"
"ENSG00000167333",156.285949089134,0.673574563234482,0.100726124353338,6.68718832933195,2.27499035651722e-11,4.10308534711037e-10,0.654850026751007,0.101347953688227,"TRIM68"
"ENSG00000141232",1281.74953970948,-1.03997745000306,0.15558432960513,-6.68433288006899,2.31978960101838e-11,4.17816003926237e-10,-1.00122281221599,0.155352454952368,"TOB1"
"ENSG00000132541",11776.6531857175,-1.11883076258072,0.167525733992336,-6.67856057644199,2.41300484864884e-11,4.34011227285664e-10,-1.0764632383703,0.167277663047901,"RIDA"
"ENSG00000108381",198.008326106148,-1.19631951645877,0.179187075476845,-6.67637168180339,2.4493032283699e-11,4.39938967322211e-10,-1.15017025578197,0.178999829136402,"ASPA"
"ENSG00000170265",206.294831185161,0.974001384425707,0.145905275605286,6.67557345260531,2.46267280146867e-11,4.41737739838372e-10,0.939494904666821,0.148650656684412,"ZNF282"
"ENSG00000186792",88.6805736234879,1.51490699805016,0.227110051207311,6.67036527003959,2.55167532974382e-11,4.57079692400096e-10,1.45154037408542,0.234523137763361,"HYAL3"
"ENSG00000147255",66.9224707774716,1.86545503843737,0.279727258913039,6.66883537087565,2.57841281494689e-11,4.61241618499875e-10,1.77877121473289,0.290675529484198,"IGSF1"
"ENSG00000123191",766.85932635711,0.765764467726375,0.114856154963577,6.66716091940577,2.60799096003218e-11,4.65899714786754e-10,0.741937006125957,0.116286837575807,"ATP7B"
"ENSG00000170584",291.674909251394,-0.808494325296988,0.121330837647577,-6.66355183045369,2.67287721474789e-11,4.76844192538899e-10,-0.780172245003419,0.121071890897405,"NUDCD2"
"ENSG00000051825",305.10738701581,0.840501926118543,0.126165448322765,6.66190258341026,2.70305184512239e-11,4.80981556806752e-10,0.813296178194086,0.127992058484561,"MPHOSPH9"
"ENSG00000163788",491.618946679647,-0.950364087327593,0.142656933384032,-6.66188501871984,2.70337499648334e-11,4.80981556806752e-10,-0.916736377823999,0.1424687906115,"SNRK"
"ENSG00000203705",164.580300115499,-0.51535225834534,0.0773612140704122,-6.66163612525883,2.70795815082275e-11,4.81146788309478e-10,-0.50493733935636,0.0771034473277216,"TATDN3"
"ENSG00000196449",121.069452090808,-0.571848104803255,0.0859186382156508,-6.65569330100355,2.81967695601243e-11,5.00321655025062e-10,-0.559940736236842,0.0857082389939102,"YRDC"
"ENSG00000243649",1188.77091688395,1.43409502089205,0.215548961622943,6.65322166293103,2.86745826872892e-11,5.08115148937887e-10,1.3760806142271,0.223137556532857,"CFB"
"ENSG00000146729",229.561237034522,-0.688829981530375,0.103616296393935,-6.64789232488622,2.97319673014175e-11,5.26143926734493e-10,-0.665180982062256,0.103258398492441,"NIPSNAP2"
"ENSG00000255529",171.6975636305,-1.11312651940142,0.167447813337168,-6.64760260057898,2.97905319517175e-11,5.26472676075588e-10,-1.07095841119086,0.167336784530951,"POLR2M"
"ENSG00000067221",150.34547939503,0.919145850620948,0.138278341786677,6.6470702406811,2.98984372538262e-11,5.26923476477298e-10,0.885465612373424,0.140399165543024,"STOML1"
"ENSG00000100297",288.356181824009,1.35820448512392,0.204336996452242,6.6468848456494,2.9936105150009e-11,5.26923476477298e-10,1.30412240496602,0.21074178388696,"MCM5"
"ENSG00000103035",1126.72522453523,0.463996298453007,0.0698030563415343,6.64722037646537,2.98679672029924e-11,5.26923476477298e-10,0.462228201048685,0.0697475795862714,"PSMD7"
"ENSG00000135185",43.1164719181267,-1.19314154811215,0.179552858539309,-6.64507130556729,3.03070317390919e-11,5.32740160049243e-10,-1.14633832875311,0.179748541873074,"TMEM243"
"ENSG00000038358",174.223673111621,1.02870910014508,0.154825201250399,6.64432593555199,3.04607845769476e-11,5.34045841967884e-10,1.00224305088502,0.157422396749995,"EDC4"
"ENSG00000133884",280.147787029733,0.568119093981963,0.0855045014586805,6.6443179515701,3.04624356158196e-11,5.34045841967884e-10,0.554327546249416,0.0858401717466917,"DPF2"
"ENSG00000197442",290.83468552547,-0.971313984927329,0.146206729993197,-6.64342869150089,3.06468783964872e-11,5.36564894904455e-10,-0.936305813743938,0.145999662244593,"MAP3K5"
"ENSG00000178685",758.740549399286,1.46952383091837,0.221227168439024,6.64260109319898,3.08195135069922e-11,5.38870803231154e-10,1.4086812417824,0.229307757893755,"PARP10"
"ENSG00000111275",27773.118806478,-0.771132595255172,0.116151922966973,-6.63899981642522,3.15818790496571e-11,5.51468195713242e-10,-0.737535662746973,0.115540595890671,"ALDH2"
"ENSG00000165775",449.19579605885,-0.606756026776356,0.091396077515409,-6.63875347029045,3.16346980324786e-11,5.51658853371672e-10,-0.591265778047757,0.0911676787057042,"FUNDC2"
"ENSG00000105223",1405.58763819841,1.00648930499088,0.151629837626611,6.63780507019578,3.18388524625245e-11,5.54484565504758e-10,0.972328530041685,0.154867965905115,"PLD3"
"ENSG00000105220",2611.9479146364,0.795781710609583,0.119966427580398,6.63337007410907,3.28107793165805e-11,5.70656169725362e-10,0.77716726631983,0.121419310864861,"GPI"
"ENSG00000203791",68.1126200134404,-1.24574003869581,0.188006207979023,-6.62605800141882,3.4476974736596e-11,5.98844128472325e-10,-1.19625456283886,0.187960243256062,"EEF1AKMT2"
"ENSG00000100442",881.175278089227,-0.697653204548232,0.105314580411503,-6.62446929781463,3.48497938685775e-11,6.04522247791425e-10,-0.677102553478979,0.105046410081362,"FKBP3"
"ENSG00000137720",293.282817354,-0.701483342671185,0.105932000077213,-6.62201546425894,3.5433397604084e-11,6.1383699059917e-10,-0.680989009068197,0.10576564507186,"CFAP68"
"ENSG00000171747",2757.70409032341,2.25622114912928,0.340797366995478,6.62041837065959,3.58183666994626e-11,6.19690691149967e-10,2.1547932461272,0.359890466257903,"LGALS4"
"ENSG00000137193",182.90469536357,-1.13179807728754,0.170984055723679,-6.61931940084869,3.60856403632145e-11,6.234954606589e-10,-1.08815127957034,0.170790308523699,"PIM1"
"ENSG00000115241",666.531090924255,0.474532102675322,0.0716939252454068,6.6188606782375,3.61977799132708e-11,6.24613329407763e-10,0.465136654157469,0.0717708410501618,"PPM1G"
"ENSG00000100403",1585.93292229197,0.8483087663708,0.12817129416138,6.61855505104519,3.62726829014693e-11,6.25086574713016e-10,0.820522626181717,0.130218125414068,"ZC3H7B"
"ENSG00000213676",656.957849116041,0.61733100676141,0.093282728272478,6.61784896511809,3.64463106104426e-11,6.27257680388349e-10,0.600363036779497,0.0938788664417037,"ATF6B"
"ENSG00000132326",286.056140360294,-0.870776584877694,0.131625313814324,-6.61557081722173,3.701207454208e-11,6.36163150680189e-10,-0.845087403320027,0.131648370947066,"PER2"
"ENSG00000134574",534.802236870444,1.09589514888537,0.165667394885504,6.61503218326556,3.71470920225883e-11,6.37651386661536e-10,1.0561502148801,0.1697209226005,"DDB2"
"ENSG00000163683",4690.1392066017,-0.875085901358614,0.132298269417631,-6.61449242843984,3.72828739103481e-11,6.39148851437036e-10,-0.842962845153547,0.131978836682174,"SMIM14"
"ENSG00000213614",626.121407326792,0.538217078816894,0.0814049000089271,6.6116054286397,3.80174211943097e-11,6.50893845831315e-10,0.526518637599054,0.0816469684501948,"HEXA"
"ENSG00000197586",620.710724354089,0.756161781014683,0.114407815089531,6.60935426852565,3.8599998887014e-11,6.60009851099255e-10,0.732882144674532,0.115778008989361,"ENTPD6"
"ENSG00000160710",3342.88530509407,0.60967278943754,0.0922533997152123,6.60867557531332,3.87773453765477e-11,6.62182268777727e-10,0.59947554249232,0.0926788560042161,"ADAR"
"ENSG00000107864",304.935052272239,-1.3126780414666,0.198683479492481,-6.60688067684198,3.92502142215855e-11,6.69389016115796e-10,-1.25923602754971,0.198346716146712,"CPEB3"
"ENSG00000071082",5855.02185576708,-0.723544566426525,0.109538068483166,-6.60541651359973,3.96401249668693e-11,6.74291841490699e-10,-0.701463967613248,0.10925783624005,"RPL31"
"ENSG00000188997",504.415256031458,0.517659743973776,0.0783678217165879,6.60551400606563,3.96140450916115e-11,6.74291841490699e-10,0.506021503894236,0.0785230497094032,"KCTD21"
"ENSG00000161204",700.370410208929,0.550841369325055,0.0834219381774859,6.60307565802537,4.02713881123239e-11,6.8414593017659e-10,0.540084503470728,0.0836988009512922,"ABCF3"
"ENSG00000100592",423.118305303306,-0.791005683915709,0.119840656893296,-6.60047853893194,4.0983271482267e-11,6.95342464349907e-10,-0.76538301285353,0.119607570762085,"DAAM1"
"ENSG00000118523",181.726051426158,-1.98044654726459,0.300068510181045,-6.59998127117604,4.11209726861313e-11,6.96780857639131e-10,-1.89179163160554,0.297583598366447,"CCN2"
"ENSG00000011105",1606.5920636745,0.726868640565672,0.110141772562048,6.59939116338617,4.12849701942619e-11,6.98146919704026e-10,0.704974300186799,0.111405446786898,"TSPAN9"
"ENSG00000176371",130.350042918042,0.655378335747821,0.09931013395356,6.59930975477581,4.13076447250066e-11,6.98146919704026e-10,0.63710301686404,0.0998078427747304,"ZSCAN2"
"ENSG00000168309",38.4854006696595,-1.68415350193567,0.255216150358781,-6.59892996414254,4.14135879583379e-11,6.99040126999329e-10,-1.6118099038274,0.25430058803882,"FAM107A"
"ENSG00000155229",527.799016259247,0.528484302845755,0.0801070687376927,6.59722432955642,4.18926648615552e-11,7.06221287538074e-10,0.516443600017626,0.0803091308246022,"MMS19"
"ENSG00000154582",485.754158255213,-0.612550211092804,0.0928562069737685,-6.59676106806567,4.20237189595771e-11,7.0752465961866e-10,-0.595987923035467,0.0925642940313239,"ELOC"
"ENSG00000198034",10138.3166954849,-0.915395050685569,0.138839269306483,-6.59319985806654,4.30446486357231e-11,7.23787795578454e-10,-0.881909640637463,0.138526685572306,"RPS4X"
"ENSG00000142459",76.2418212516872,1.41615784788121,0.214840268735477,6.59167788337142,4.34883347499856e-11,7.30315580763151e-10,1.35646144299698,0.221451657710153,"EVI5L"
"ENSG00000136156",5062.98858793084,-1.10896565520583,0.168298805563077,-6.58926634384342,4.42005242711459e-11,7.41330066947652e-10,-1.0656698592681,0.16801507010267,"ITM2B"
"ENSG00000142657",1411.08870630613,0.857248553446817,0.130122584256251,6.58800744195668,4.45768309074416e-11,7.4669027446231e-10,0.829395701002765,0.13222528217876,"PGD"
"ENSG00000176641",547.517379999098,-1.50057921206827,0.227801508516468,-6.58722245449834,4.48130613926811e-11,7.49693476869174e-10,-1.43676199721038,0.227028319951906,"RNF152"
"ENSG00000205726",737.94195265729,-0.535478536412547,0.081378098861299,-6.58013082027411,4.70034522311736e-11,7.8533940618735e-10,-0.522709705672008,0.0810449245767297,"ITSN1"
"ENSG00000112137",23.298259337493,-1.2161553428889,0.184838621079959,-6.57955212922093,4.71867454036416e-11,7.87402648902846e-10,-1.16774439198523,0.185201278272776,"PHACTR1"
"ENSG00000084112",484.008388775092,0.484191269087826,0.0736150898868061,6.57733719855997,4.78947796094342e-11,7.98205909288368e-10,0.474270769923939,0.0736884116683318,"SSH1"
"ENSG00000118705",4248.59551812116,0.564681237161901,0.0858949991454422,6.5740874646934,4.89524511613372e-11,8.14801481656341e-10,0.550919120715841,0.0863107251335184,"RPN2"
"ENSG00000173812",4786.84001680563,-0.690572274419909,0.105093801915173,-6.57100858314466,4.9975578327037e-11,8.30780889209304e-10,-0.670973061761805,0.104809229656103,"EIF1"
"ENSG00000062598",319.129297994986,0.582906371424529,0.0887224206144839,6.570000766293,5.03150030407749e-11,8.35368638127165e-10,0.568212690210741,0.0890484001793758,"ELMO2"
"ENSG00000214706",892.116328735532,0.667297718501963,0.101580056528316,6.569180420922,5.05929529232005e-11,8.38925463711408e-10,0.652542791598656,0.102366928914411,"IFRD2"
"ENSG00000204435",127.073491635196,-1.15906545599656,0.176456000572581,-6.56858056532795,5.07971465305566e-11,8.41251863171457e-10,-1.11270687028293,0.176285951152097,"CSNK2B"
"ENSG00000164104",206.211564511345,-0.860250403931304,0.131009450673457,-6.56632326530006,5.15727921960765e-11,8.53024349313497e-10,-0.832746843454687,0.131026279440956,"HMGB2"
"ENSG00000109390",676.886963289178,-0.703474211374606,0.107155863457763,-6.56496237046228,5.20460038023408e-11,8.59771249763637e-10,-0.682161829442711,0.106893463594398,"NDUFC1"
"ENSG00000198246",131.179328082531,0.819022971271761,0.124810472530681,6.56213340647701,5.30433260298578e-11,8.75148409159284e-10,0.788391529454018,0.126198239256637,"SLC29A3"
"ENSG00000105053",641.078317280718,0.575488020537222,0.0877188841287853,6.56059440624341,5.35937114320462e-11,8.8298385324009e-10,0.562407277461518,0.0881357724888125,"VRK3"
"ENSG00000156697",147.258107237387,0.61279922572121,0.0934083747881303,6.56043130084606,5.36523684180519e-11,8.8298385324009e-10,0.59409430582986,0.0938427966253168,"UTP14A"
"ENSG00000144028",2433.17945578097,0.595351122224143,0.0907758111825948,6.558477577541,5.43598786677273e-11,8.92593604028253e-10,0.5876169498515,0.0912917002835879,"SNRNP200"
"ENSG00000160007",1885.30251593223,0.787168345247469,0.12002363128395,6.5584446731594,5.4371872279406e-11,8.92593604028253e-10,0.761631908930395,0.121721631134229,"ARHGAP35"
"ENSG00000136802",578.071104081062,0.981686795453227,0.149696769247903,6.55783555239941,5.4594364203476e-11,8.94281463236793e-10,0.946524986949512,0.152860806522015,"LRRC8A"
"ENSG00000186665",141.17438180179,-0.689374317241191,0.105122941178887,-6.55779137750806,5.46105344404057e-11,8.94281463236793e-10,-0.66874864541809,0.104936666277293,"C17orf58"
"ENSG00000158856",364.596354402669,1.28684397343632,0.196572701403404,6.54640224328744,5.89396988511203e-11,9.63975248538944e-10,1.23460435364081,0.202823708598893,"DMTN"
"ENSG00000142784",699.388011949287,0.797184499216018,0.121820524012137,6.54392603939704,5.99244414952172e-11,9.7886500834495e-10,0.77166568637585,0.123557959994051,"WDTC1"
"ENSG00000164985",317.696500688824,-0.887338533795972,0.135607864498478,-6.54341499350083,6.01296696741505e-11,9.81000286158445e-10,-0.856091920292673,0.135439922322305,"PSIP1"
"ENSG00000108691",78.5917291478223,-1.81041581722605,0.276873164333642,-6.53879122443388,6.2018026324807e-11,1.01055610716882e-09,-1.72950485906702,0.275241123444982,"CCL2"
"ENSG00000127481",2830.40739603689,0.921632193037632,0.141003416530233,6.5362401544364,6.30845910918386e-11,1.02666468024122e-09,0.888981817184826,0.143787442276129,"UBR4"
"ENSG00000109794",1011.42410047239,0.63221758233272,0.0967302849869193,6.53588048891011,6.32363976324131e-11,1.02786470522019e-09,0.617883369372965,0.0973875157058108,"FAM149A"
"ENSG00000116661",494.40086499688,1.33361188061407,0.20407173977917,6.53501500039739,6.36031662856904e-11,1.0325515256688e-09,1.27917429315669,0.210864665950458,"FBXO2"
"ENSG00000106689",29.5733662746039,-1.24310545341723,0.190291247422311,-6.53264651031701,6.46175332267286e-11,1.04772714589053e-09,-1.19233976742246,0.190795342780259,"LHX2"
"ENSG00000158201",418.283844622764,-0.785285098316322,0.120251766345535,-6.53034148421455,6.56199048241376e-11,1.06255022555088e-09,-0.759421759395967,0.120031084447624,"ABHD3"
"ENSG00000255112",593.604840601147,-0.596996602550712,0.091421233728643,-6.53017442668429,6.56931401791294e-11,1.06255022555088e-09,-0.578689035572687,0.0910480715978599,"CHMP1B"
"ENSG00000149115",1428.85757783655,1.04756212578487,0.160429670735555,6.52972807948736,6.58892040080018e-11,1.06441381591332e-09,1.01065577058597,0.164206496359153,"TNKS1BP1"
"ENSG00000070366",335.134225041248,0.705191619225674,0.108031684751708,6.52763696915805,6.6815398991918e-11,1.07805336167597e-09,0.684627664535055,0.109015163815812,"SMG6"
"ENSG00000128534",234.653200933306,-0.622012321021611,0.0953259356025385,-6.52511110528294,6.79511449164759e-11,1.09503644304813e-09,-0.605629928384515,0.0950294007704584,"LSM8"
"ENSG00000145425",6516.70184948838,-0.758204315320761,0.116287736460788,-6.52007114762633,7.02740500908512e-11,1.13108574999529e-09,-0.723180829839398,0.115580045169936,"RPS3A"
"ENSG00000176788",79.9438460273492,-1.45658060449419,0.223467080751698,-6.51809921888517,7.12038903377261e-11,1.14465252770025e-09,-1.39424147684691,0.222988226751889,"BASP1"
"ENSG00000130844",128.381230019386,-1.01220226494913,0.155309470699477,-6.51732479925667,7.15723401422234e-11,1.14877807571421e-09,-0.97390035502433,0.155214473653488,"ZNF331"
"ENSG00000176986",1496.55425935781,0.645494721340837,0.0990448923757421,6.51719342469527,7.16350296340092e-11,1.14877807571421e-09,0.629141593360183,0.0997876218495878,"SEC24C"
"ENSG00000109083",354.467914681628,-0.564881857554072,0.0867225276642986,-6.51366920185629,7.33369092164063e-11,1.17463959457811e-09,-0.550512172948993,0.0864269902863077,"IFT20"
"ENSG00000143093",261.244917121959,0.557631747161784,0.0856189024933254,6.51295135680179,7.3688378991963e-11,1.17883499126146e-09,0.54380150666644,0.0858303797515527,"STRIP1"
"ENSG00000063176",413.324005948184,1.35177772987598,0.207602117451607,6.51138700543884,7.44600293453314e-11,1.18939680466883e-09,1.29429182146798,0.214806146208564,"SPHK2"
"ENSG00000125772",263.247841979627,-0.894358358483731,0.137355916906799,-6.51124741201056,7.4529269622648e-11,1.18939680466883e-09,-0.847044775366714,0.136536496590761,"GPCPD1"
"ENSG00000163449",72.1025965081812,0.975557418818051,0.149849992333347,6.51022668488288,7.50374814515412e-11,1.19605748279781e-09,0.937999636707524,0.152221171142884,"TMEM169"
"ENSG00000135547",67.32967628443,-0.819865892439969,0.12594517089254,-6.50970487101488,7.5298595867955e-11,1.19876821426541e-09,-0.79170710254888,0.126030313208463,"HEY2"
"ENSG00000141736",1867.75146082922,0.946836284771045,0.145504917518755,6.50724594685265,7.65410427803763e-11,1.21707653290632e-09,0.910595929344393,0.148544734877652,"ERBB2"
"ENSG00000149925",1416.12656884556,0.849152323160883,0.130515899422505,6.50612168263126,7.71157688944992e-11,1.22473608355244e-09,0.823249731689516,0.13255471950758,"ALDOA"
"ENSG00000160097",1511.8710864616,1.39909190255792,0.215059852861448,6.5055931357829,7.73874193354587e-11,1.22756959394054e-09,1.34146013110797,0.222715444926612,"FNDC5"
"ENSG00000008130",1315.28559060343,0.713418261251958,0.109743043738265,6.50080621923926,7.98906880448007e-11,1.26575306714542e-09,0.692446433746758,0.110901168767494,"NADK"
"ENSG00000017797",497.606205970597,0.568113858967366,0.0874223726602184,6.49849508403798,8.11274457483613e-11,1.28230359326185e-09,0.553821475934335,0.0878005197670566,"RALBP1"
"ENSG00000144566",605.753405846369,-0.720042689615942,0.110801535695966,-6.49849016164998,8.11300997407809e-11,1.28230359326185e-09,-0.706017880587185,0.110642990092946,"RAB5A"
"ENSG00000145826",4767.14654614763,-0.746298117492182,0.114915374367695,-6.49432786168587,8.34049335557048e-11,1.31667788392615e-09,-0.714579653796215,0.114329569122011,"LECT2"
"ENSG00000119938",4108.756559122,1.77603389958089,0.273482749935931,6.49413500484753,8.35118344022543e-11,1.31678660088632e-09,1.69508762914116,0.286448054062966,"PPP1R3C"
"ENSG00000161013",2752.55194457189,0.905887938851115,0.139497869156141,6.49391954394046,8.36314231710894e-11,1.31709487735713e-09,0.878414856126658,0.141907797707661,"MGAT4B"
"ENSG00000134153",828.539588758753,-0.499667397514816,0.0769781450956038,-6.49102932909398,8.52518790134174e-11,1.34101103834009e-09,-0.487180394112518,0.0766343557183282,"EMC7"
"ENSG00000177302",273.682527055429,0.600354427546701,0.0925117311899169,6.4894951140222,8.612449958946e-11,1.35312071789359e-09,0.583493321497306,0.0929381248958292,"TOP3A"
"ENSG00000142528",137.234061894513,0.577037507528328,0.0889772741771538,6.48522347829454,8.86003581539946e-11,1.39036032831406e-09,0.562069224290346,0.0892013975076822,"ZNF473"
"ENSG00000122965",241.43872242205,0.802738282521143,0.12379731231729,6.484294913154,8.91476956359237e-11,1.39728400088401e-09,0.776178648096478,0.125323973666771,"RBM19"
"ENSG00000130985",2357.7133838505,0.611947270443827,0.0944014085592569,6.4823955466692,9.02775834732024e-11,1.41331113437358e-09,0.59297455352772,0.0950639589965539,"UBA1"
"ENSG00000110651",11041.7881689627,0.8340193870507,0.128671436639714,6.48177566701144,9.06493565251207e-11,1.41727553823745e-09,0.809553739154712,0.130430999487528,"CD81"
"ENSG00000167130",529.919063772261,0.608576127248301,0.0938926718873089,6.4816147524135,9.07461095802955e-11,1.41727553823745e-09,0.592163433607805,0.0944947382603351,"DOLPP1"
"ENSG00000169599",291.803051235224,-0.543575432611969,0.0838734857248886,-6.48089712635692,9.11788269154176e-11,1.42234648716634e-09,-0.530099480477349,0.083606923495844,"NFU1"
"ENSG00000091262",3772.7827407271,0.772632149393795,0.11923680014429,6.47981284686291,9.18364599652943e-11,1.43090986024031e-09,0.74823586177282,0.120851864355007,"ABCC6"
"ENSG00000123349",2640.36443126522,-0.785431322903036,0.121236824306942,-6.47848809462807,9.26462401208603e-11,1.44182080074615e-09,-0.758920872346127,0.120962364880049,"PFDN5"
"ENSG00000106263",1512.356422779,0.563032327083869,0.0869282511521522,6.47697750295681,9.35781386746307e-11,1.45380361027882e-09,0.548017734859384,0.0874009308099542,"EIF3B"
"ENSG00000109046",769.178106131636,-0.859978987279159,0.132776685047893,-6.47688249611716,9.36370546495855e-11,1.45380361027882e-09,-0.83220196337371,0.132655762505404,"WSB1"
"ENSG00000155034",24.7866941996214,2.14344644932191,0.33113858776035,6.47295884124854,9.61021376701771e-11,1.49031889819264e-09,2.04131527768536,0.341481651075961,"FBXL18"
"ENSG00000122877",11.5530861816481,-2.12687751330121,0.328603137784769,-6.47248084007734,9.6406749107515e-11,1.49328383382299e-09,-2.02838860549154,0.326935748801403,"EGR2"
"ENSG00000070413",777.719808968956,0.683592348378448,0.105782256038402,6.46225911584152,1.0315126883435e-10,1.59587497705411e-09,0.664020513158672,0.106840419696666,"DGCR2"
"ENSG00000186132",57.607084183874,-0.834021514062282,0.129073899359205,-6.46158145219778,1.03614357922133e-10,1.60115802394696e-09,-0.804583668351101,0.12925075745225,"C2orf76"
"ENSG00000117791",3734.82783176686,-0.643542053308081,0.0996292102602921,-6.4593712188098,1.05138914578891e-10,1.62281236734545e-09,-0.621997963073099,0.0992066677869225,"MTARC2"
"ENSG00000031698",1782.00882593146,0.563727988515898,0.0873538292660902,6.45338611085628,1.09378209030463e-10,1.68458054590208e-09,0.551093165391144,0.087745855798893,"SARS1"
"ENSG00000166471",517.025084280606,-0.920930046611941,0.142705794214964,-6.45334726370469,1.09406263232965e-10,1.68458054590208e-09,-0.886318721972147,0.142481186532135,"TMEM41B"
"ENSG00000188959",25.7971547133142,3.1645628061639,0.490387853627586,6.45318350108883,1.09524604837625e-10,1.68458054590208e-09,3.00749692886743,0.512271725059742,"C9orf152"
"ENSG00000152147",200.605695870487,-0.523785404516524,0.0811752086572216,-6.45252920418489,1.09998676684233e-10,1.68926331646238e-09,-0.510668738154436,0.0809500191032116,"GEMIN6"
"ENSG00000239900",471.50298282299,0.579654663253881,0.0898353814528486,6.4524094391264,1.10085669567425e-10,1.68926331646238e-09,0.571092904574945,0.0901192047034584,"ADSL"
"ENSG00000107758",349.776499489682,-0.688874802785868,0.106813698344202,-6.44931140354303,1.12359484177453e-10,1.72214780987235e-09,-0.666285351477937,0.106498469125031,"PPP3CB"
"ENSG00000109182",28.0126116654457,2.82032919853219,0.437441522277008,6.44732851113807,1.13838863444709e-10,1.74279357687562e-09,2.68367946772746,0.453620109329364,"CWH43"
"ENSG00000131242",272.446132301903,1.00619783104786,0.156108287668339,6.44551193326511,1.15210860882295e-10,1.75970556192146e-09,0.966898214573085,0.159694746659369,"RAB11FIP4"
"ENSG00000135709",111.94403414711,0.878221893121549,0.136252657213911,6.44553956656255,1.15189869859428e-10,1.75970556192146e-09,0.846696291736114,0.138037807883257,"KIAA0513"
"ENSG00000196535",1126.45999670499,1.03143504417318,0.16006455872877,6.44386897614823,1.16465639620632e-10,1.77680951476853e-09,0.992423264068269,0.163884351940773,"MYO18A"
"ENSG00000225968",391.836411683754,1.17071152523985,0.181702764145584,6.44300338932576,1.17132078554352e-10,1.78490850260023e-09,1.12182938153515,0.187017011809537,"ELFN1"
"ENSG00000149136",883.203388435386,0.392536694550465,0.0609280456142972,6.44262737451655,1.17422742632286e-10,1.78726916704818e-09,0.385985061676078,0.0608920577855215,"SSRP1"
"ENSG00000198171",933.337035857304,0.750272887905974,0.116463565091458,6.44212537471944,1.17811893829158e-10,1.79112170225715e-09,0.727824595310568,0.117882177975454,"DDRGK1"
"ENSG00000182327",277.626502482179,1.61418603150576,0.250673133576401,6.43940580498542,1.19942123818441e-10,1.82140484682075e-09,1.54364343705473,0.261237643611308,"GLTPD2"
"ENSG00000101019",651.198531868401,0.492595963003796,0.076507047599744,6.43856975870866,1.20604529249306e-10,1.82935395402808e-09,0.481823489850014,0.0766152895737372,"UQCC1"
"ENSG00000120963",524.71013677905,-0.666127495762833,0.103480239471352,-6.43724346953459,1.21662699894389e-10,1.84328090541947e-09,-0.646782579179131,0.103208552072836,"ZNF706"
"ENSG00000176261",275.118264740902,-0.592013428799516,0.0920117399920753,-6.43410752639288,1.2420091586294e-10,1.87957386005916e-09,-0.575615558570079,0.0917474594475107,"ZBTB8OS"
"ENSG00000102181",1171.05848510012,0.586515437625006,0.0911834928005932,6.43225456286963,1.25724944651645e-10,1.90045306691567e-09,0.570941072074571,0.0916530833095889,"CD99L2"
"ENSG00000170873",2256.68561360263,-0.669317153032566,0.104077828841587,-6.43092924287757,1.26826192748017e-10,1.91490097903715e-09,-0.649025420876695,0.103754294552799,"MTSS1"
"ENSG00000188786",182.366282830409,0.54027051389181,0.0840196584002602,6.43028696115404,1.27363269991186e-10,1.92080734559445e-09,0.526759491751335,0.0841439686089261,"MTF1"
"ENSG00000129103",1840.82815245242,0.484576908855118,0.0753633419466323,6.42987553813983,1.27708470090592e-10,1.92380974509466e-09,0.473721365744506,0.0755249252937328,"SUMF2"
"ENSG00000187514",3417.4284611186,-0.515407806293628,0.0801636487237098,-6.42944544690101,1.28070311181541e-10,1.9270556765899e-09,-0.502643824720682,0.0797971833629097,"PTMA"
"ENSG00000104497",52.5784298921915,-1.38410490392385,0.215327688977884,-6.42790024122725,1.29378597663563e-10,1.94451896899369e-09,-1.32348948010996,0.215062395602439,"SNX16"
"ENSG00000165669",304.196237890383,-0.4927714430361,0.0767163657454916,-6.42328971462075,1.33360329419664e-10,2.00207764782132e-09,-0.476977378784235,0.0763076102657869,"FAM204A"
"ENSG00000171552",999.272788481972,0.745830874810749,0.116180770011368,6.41957248809568,1.3665757282169e-10,2.04924100657217e-09,0.720696387071806,0.117705554383059,"BCL2L1"
"ENSG00000196781",743.135463198599,-0.824720125812491,0.12848046954436,-6.41903106937,1.37144420002273e-10,2.05420185864611e-09,-0.797647014276181,0.128187314502749,"TLE1"
"ENSG00000167625",82.9524221068147,0.873334570189138,0.136160691643447,6.41399922142046,1.41750931570481e-10,2.12078723301927e-09,0.841722935316506,0.137833697092681,"ZNF526"
"ENSG00000121864",255.399290296993,-0.896236408212384,0.139914187682864,-6.40561492050994,1.49764527314711e-10,2.23813821410385e-09,-0.858433570781426,0.139298849825405,"ZNF639"
"ENSG00000161243",169.9508787646,1.00492119471463,0.156889092875226,6.40529673731906,1.50077204016138e-10,2.2402681043951e-09,0.965883088646875,0.160160083946736,"FBXO27"
"ENSG00000176438",412.321989869505,0.856715368742273,0.133859038479671,6.40013090242226,1.55243797441491e-10,2.3147676524515e-09,0.829061840241897,0.135979227278651,"SYNE3"
"ENSG00000174606",294.580175245094,-0.691142759961467,0.108059750753538,-6.39593146515596,1.5957156938139e-10,2.37660552316219e-09,-0.669102913149349,0.107781473824832,"ANGEL2"
"ENSG00000138085",779.337931386563,-0.506487059187201,0.0791936816855431,-6.39554884186753,1.5997169542086e-10,2.37987270272434e-09,-0.494416463188005,0.0788620637379,"ATRAID"
"ENSG00000125870",426.068218417238,-0.655939142708996,0.102609892170919,-6.39255269478684,1.63138977858871e-10,2.4242525761737e-09,-0.635674312685956,0.102300946337584,"SNRPB2"
"ENSG00000074416",2759.99049883275,0.861883917579127,0.134861393921517,6.39088691372049,1.64926324481613e-10,2.44804959202358e-09,0.833383801576069,0.137177225577982,"MGLL"
"ENSG00000103257",247.995587818818,1.0626937991884,0.166305136960561,6.39002389589698,1.65859833780286e-10,2.45636734707676e-09,1.01986048969297,0.170200537421905,"SLC7A5"
"ENSG00000138433",327.812279945644,-0.529722437810783,0.0828964774523116,-6.39016824467023,1.65703335811208e-10,2.45636734707676e-09,-0.516873913662034,0.0825966956468706,"CIRSR"
"ENSG00000147669",554.722545476959,-0.617883451365105,0.0967347973923449,-6.38739593219018,1.68734360521556e-10,2.49613100070427e-09,-0.600261869619919,0.0964181138574608,"POLR2K"
"ENSG00000170540",3278.72853076019,-1.02769100560136,0.160898850623472,-6.38718674259717,1.68965257175951e-10,2.49674138718133e-09,-0.979527800569091,0.160412795969954,"ARL6IP1"
"ENSG00000151876",126.052114398264,-0.741112827437623,0.116047021388817,-6.38631494861481,1.69930843686512e-10,2.50819449324733e-09,-0.716670620927559,0.115989046190813,"FBXO4"
"ENSG00000104221",139.280254491937,0.625507296419354,0.0979966862731458,6.382943344389,1.73716189745241e-10,2.56119524544888e-09,0.607599022214429,0.0983650191992094,"BRF2"
"ENSG00000103021",44.0062132434333,1.09166318406957,0.171057139874343,6.38186272067628,1.74946763550614e-10,2.57645311958321e-09,1.04606307759864,0.17366544744292,"CFAP263"
"ENSG00000086065",737.332492984502,-0.674729464057182,0.105773019202487,-6.37903190383092,1.78210912594662e-10,2.62159203935343e-09,-0.652291948416141,0.105404673418985,"CHMP5"
"ENSG00000113971",82.2952070888173,-1.42789727505038,0.223917256008338,-6.37689698643504,1.80711922827682e-10,2.6554164910148e-09,-1.36449471130989,0.223517529042327,"NPHP3"
"ENSG00000073584",467.524627559634,-0.91080945423475,0.14283785130198,-6.3765272715365,1.81148505644417e-10,2.65590336894699e-09,-0.876131855869607,0.142626012508396,"SMARCE1"
"ENSG00000141564",217.140814536298,0.95487476910296,0.149748203740891,6.37653571294368,1.81138526008876e-10,2.65590336894699e-09,0.918833341497307,0.152862159041969,"RPTOR"
"ENSG00000139679",327.800493732933,-1.37409548179123,0.215655997768848,-6.37170074566654,1.86943388024026e-10,2.73781606977121e-09,-1.31429701061642,0.215059460400187,"LPAR6"
"ENSG00000197548",227.520167387195,0.564344762213624,0.0885821886522661,6.37086044948594,1.87970618753525e-10,2.749801296121e-09,0.549936108688026,0.0888999166507511,"ATG7"
"ENSG00000178814",492.507946766161,1.46604940405186,0.23019401793091,6.36875544042975,1.90568184960391e-10,2.78470668500389e-09,1.39936355429416,0.239416039000842,"OPLAH"
"ENSG00000094631",2806.30539033474,0.804669696086669,0.12637838342699,6.36714661373662,1.9257707783035e-10,2.81094213604699e-09,0.775561460233752,0.128304184521692,"HDAC6"
"ENSG00000162772",130.548772376066,-1.41429618432759,0.222165437006307,-6.3659595452169,1.94072583795204e-10,2.82963415088334e-09,-1.35114636701105,0.221632335254025,"ATF3"
"ENSG00000151332",271.665426642093,-0.661545449027524,0.103926666059618,-6.36550246544064,1.94651447558327e-10,2.83493468866475e-09,-0.641052283786164,0.10365310779844,"MBIP"
"ENSG00000159461",2977.34413988248,0.491634348908741,0.0772499221703235,6.36420510333677,1.96303681801997e-10,2.8558389774642e-09,0.480420478398975,0.0774319096556337,"AMFR"
"ENSG00000120659",18.4249562439463,-1.74930952994855,0.275017550979612,-6.36071961123033,2.00810719403337e-10,2.91818314753238e-09,-1.66771454350598,0.274134766916509,"TNFSF11"
"ENSG00000133874",30.7181835214745,-1.01310223581951,0.159352301664431,-6.35762536993615,2.04896429616858e-10,2.97427386145045e-09,-0.9729517630962,0.159371931947529,"RNF122"
"ENSG00000169871",103.718941578904,1.74016842340992,0.273751919765521,6.3567350501156,2.06086998377202e-10,2.98826147646943e-09,1.65015199376007,0.286646069788221,"TRIM56"
"ENSG00000172164",2129.29147124577,-0.774425909637932,0.121834251263854,-6.35638912378404,2.06551404640216e-10,2.99170054289669e-09,-0.746997079819702,0.121518450503963,"SNTB1"
"ENSG00000132109",275.786479297708,0.548344041137231,0.0862760904922687,6.35568948486799,2.07493797123326e-10,3.00204761859968e-09,0.534620227152016,0.0865134078043137,"TRIM21"
"ENSG00000186416",104.613998523062,-0.696380877077293,0.10959835924046,-6.35393524048497,2.09875218829872e-10,3.03316918892875e-09,-0.66932853057356,0.109344858794268,"NKRF"
"ENSG00000085871",2278.06721890209,-0.66927410039211,0.105337746513316,-6.35360184307254,2.10330822157107e-10,3.03642061899175e-09,-0.647184300207629,0.104966889194501,"MGST2"
"ENSG00000108883",750.571689655211,0.433553533113456,0.0682523946973999,6.35220983872632,2.12243522497854e-10,3.06067712728011e-09,0.425889187315875,0.0682621291074502,"EFTUD2"
"ENSG00000108861",2853.30562108893,0.580179278509832,0.0913897464303952,6.34840669956024,2.17556314246525e-10,3.13385824219885e-09,0.568046286479563,0.0918155846443807,"DUSP3"
"ENSG00000174851",1210.08240055456,0.772201328875412,0.121703946549622,6.34491609161221,2.22546708468527e-10,3.20224039748264e-09,0.744169898577467,0.123333881626144,"YIF1A"
"ENSG00000230989",1002.2908177079,-0.532921302459401,0.0840141690096325,-6.34323125184158,2.24995303045554e-10,3.2339390391897e-09,-0.51149639934791,0.0835890926058949,"HSBP1"
"ENSG00000064419",694.184647065134,0.412854155809942,0.0651040590471712,6.34145031588289,2.27612163774768e-10,3.26798445829726e-09,0.405151331509196,0.0650811889415011,"TNPO3"
"ENSG00000106415",122.284616884231,-1.10158247857572,0.173823752961759,-6.33735297855446,2.3374607507165e-10,3.34874953688068e-09,-1.05579615771572,0.173720056896171,"GLCCI1"
"ENSG00000138107",886.013899999741,0.492185640836124,0.0776631649301404,6.33743990833821,2.33614276028079e-10,3.34874953688068e-09,0.481511494938228,0.0778194057720062,"ACTR1A"
"ENSG00000130695",153.145244854636,0.709561736677108,0.11198719893701,6.33609683439105,2.35658711519795e-10,3.37248108246698e-09,0.686643821297376,0.113019531140988,"CEP85"
"ENSG00000147862",764.420730456114,-0.676450704469503,0.106766035694739,-6.33582299902546,2.36077685007942e-10,3.37480868709508e-09,-0.655567112656067,0.106462853104499,"NFIB"
"ENSG00000108602",45.0016127019368,2.95822649812709,0.467049628588881,6.3338590099406,2.39104022529142e-10,3.41436394861028e-09,2.80412760377497,0.49549649593619,"ALDH3A1"
"ENSG00000100387",507.372142214594,-0.780909479232777,0.123310336237936,-6.33287932753633,2.40627760789758e-10,3.42497848492752e-09,-0.741611306859608,0.122603051247691,"RBX1"
"ENSG00000100395",398.112608643315,0.679973409827888,0.107371514052262,6.33290324561239,2.40590447373216e-10,3.42497848492752e-09,0.659006677303332,0.1083744263212,"L3MBTL2"
"ENSG00000135956",995.775262420071,0.497965223965487,0.078630020971867,6.33301654775921,2.40413767036113e-10,3.42497848492752e-09,0.48967928212756,0.0788201508785565,"TMEM127"
"ENSG00000111737",279.770561792876,0.674863702718443,0.106571705126219,6.33248479902959,2.41244061542101e-10,3.43004245600788e-09,0.657762111835619,0.107298599123643,"RAB35"
"ENSG00000130173",1868.26762907368,1.85309434144265,0.292664094227215,6.33181308535912,2.42296907560764e-10,3.43699261263763e-09,1.76437314125457,0.307755858114424,"ANGPTL8"
"ENSG00000152520",280.984009201845,-1.12386327928658,0.17749192707821,-6.33191209193057,2.42141442843732e-10,3.43699261263763e-09,-1.07645841741571,0.177253989447522,"PAN3"
"ENSG00000159650",3504.3199492976,0.984814284659194,0.155537752047347,6.33167363997526,2.42516036544156e-10,3.43699261263763e-09,0.949834542121349,0.159015567855817,"UROC1"
"ENSG00000148688",211.028868650049,-0.515098262332909,0.0813809675131497,-6.32946840119194,2.46007264323814e-10,3.48272219579283e-09,-0.502157309191897,0.0810741443312841,"RPP30"
"ENSG00000160325",772.155181881806,0.911612124088685,0.144042944328252,6.32875236159612,2.47151385026396e-10,3.4951612623604e-09,0.877895313181163,0.146950644798905,"CACFD1"
"ENSG00000103591",391.602800116712,0.563104550852657,0.0889805234842951,6.32840231550272,2.47712594348951e-10,3.49933907424709e-09,0.548149397036896,0.0893708557445433,"AAGAB"
"ENSG00000134056",437.679381741027,-0.749293961903462,0.118431231838457,-6.32682739402318,2.50253013431561e-10,3.53143748643079e-09,-0.713776781351327,0.117718013735941,"KGD4"
"ENSG00000151923",777.890178322992,-0.438153528852831,0.0692723768768331,-6.32508293503299,2.53096609672517e-10,3.56774085968775e-09,-0.428557152362839,0.0689324827017768,"TIAL1"
"ENSG00000159131",624.61296042197,0.600365106214428,0.094937041997417,6.32382359491211,2.55169015941917e-10,3.59070779131765e-09,0.58345965425915,0.095535611824864,"GART"
"ENSG00000172831",7250.21847901562,0.505283196523896,0.0799023148924154,6.32376167329113,2.55271342296318e-10,3.59070779131765e-09,0.495099957976077,0.0800212743745417,"CES2"
"ENSG00000104969",561.983723238097,0.90411785356034,0.142984393405645,6.32319256686546,2.56213677470782e-10,3.60011662495231e-09,0.871788031677279,0.145765449584804,"SGTA"
"ENSG00000141002",748.966913861439,0.703957151464948,0.111350820534868,6.32197542939987,2.58240449604157e-10,3.62472682248223e-09,0.681205623992682,0.11258279966412,"TCF25"
"ENSG00000149418",174.007237841223,1.56908520428665,0.248233844204292,6.32099627396221,2.59882292744807e-10,3.64388739752729e-09,1.49844135690346,0.258206542024233,"ST14"
"ENSG00000100029",549.587632329994,0.603974416218445,0.0955649290348182,6.32004253357833,2.6149131936901e-10,3.66254756469403e-09,0.587490809048289,0.0962130633323615,"PES1"
"ENSG00000161847",25.7854451588345,2.13516441171513,0.337924480525281,6.31846620995367,2.64172040731893e-10,3.69616268679714e-09,2.02780152403268,0.349949504375369,"RAVER1"
"ENSG00000204396",29.8208048126333,1.61432998724893,0.255551687481681,6.31703904269721,2.66622242077766e-10,3.72648454267077e-09,1.53870699649334,0.261052077205977,"VWA7"
"ENSG00000196139",2420.59644194711,0.991113900252678,0.156969864907209,6.3140393274758,2.71844807923896e-10,3.79544935432238e-09,0.954224741732184,0.160594503671762,"AKR1C3"
"ENSG00000168303",759.228209637019,-0.769809241573105,0.121960791896606,-6.31194033428153,2.755584723791e-10,3.83938079968109e-09,-0.743486305890033,0.121653482363637,"MPLKIP"
"ENSG00000187391",47.7338160683801,-0.956807887333662,0.151587990899373,-6.31189767511868,2.756344588884e-10,3.83938079968109e-09,-0.919240908914261,0.151720928449264,"MAGI2"
"ENSG00000187824",1944.87873877435,-0.843366566795284,0.133618569956935,-6.31174669110062,2.75903563145176e-10,3.83938079968109e-09,-0.811608409635953,0.133326425726398,"TMEM220"
"ENSG00000198700",930.193301340092,0.518081954109448,0.0820840374900259,6.31160417970912,2.76157801708795e-10,3.83938079968109e-09,0.505535202103832,0.0823227339774979,"IPO9"
"ENSG00000002919",286.128244853551,0.550879601185955,0.0872971727722219,6.31039452587227,2.78325042144433e-10,3.86542985746161e-09,0.539237970655891,0.0875387450784472,"SNX11"
"ENSG00000064115",1850.1160092548,0.820809069514247,0.130112100551262,6.30847604516893,2.81796335318893e-10,3.90951585965073e-09,0.789907710146805,0.132258710339605,"TM7SF3"
"ENSG00000130522",419.367333098292,-1.53446505644719,0.243253410096981,-6.30809268340958,2.82495039881914e-10,3.91508388956345e-09,-1.46291985474158,0.242328895737012,"JUND"
"ENSG00000165804",123.297794266847,1.26039267934525,0.199855495734802,6.30651999191317,2.85379132527798e-10,3.95089554033752e-09,1.20368362529745,0.206325700489652,"ZNF219"
"ENSG00000163956",1169.54672822949,0.795359337443945,0.126121080906379,6.30631557966387,2.85756100674347e-10,3.95195884609081e-09,0.767515720179987,0.128080224508774,"LRPAP1"
"ENSG00000169641",175.911979623685,0.940792957870713,0.149347198330517,6.29936797199681,2.98861738724969e-10,4.12887056878588e-09,0.906034170846894,0.152112829894027,"LUZP1"
"ENSG00000168958",640.788463759676,-0.415008029211396,0.0659038412490307,-6.29717511674632,3.03118780374182e-10,4.1832933568202e-09,-0.406073885710495,0.0655763710237726,"MFF"
"ENSG00000124785",57.5441970537014,-1.07133796665622,0.170144666355994,-6.29662974221394,3.04186689186484e-10,4.19363554955942e-09,-1.02679394411346,0.170395557077987,"NRN1"
"ENSG00000125868",2149.40764860676,-0.727450412894773,0.115656392130659,-6.28975536495172,3.17966648288527e-10,4.37902603699451e-09,-0.702767125707921,0.115329269989379,"DSTN"
"ENSG00000165312",99.9996777737297,-1.06689511501237,0.169637403539783,-6.28926812571829,3.18966144246518e-10,4.38820089357331e-09,-1.02269110368465,0.169575239149886,"OTUD1"
"ENSG00000118816",1613.00852516918,-0.660631823186272,0.105078529791719,-6.28702956251616,3.2359777407576e-10,4.44727379277813e-09,-0.636383580230157,0.10461240426822,"CCNI"
"ENSG00000108551",42.7804443836804,-2.26537919330332,0.360617556025016,-6.28194372529707,3.34365888975331e-10,4.59047058837248e-09,-2.15243206001125,0.356276854457437,"RASD1"
"ENSG00000111790",352.330201740239,-0.796651009294226,0.126825722769542,-6.2814624028742,3.35402918341526e-10,4.59991127383806e-09,-0.768046105931181,0.126578939084605,"FGFR1OP2"
"ENSG00000129474",757.206376316285,1.06814448276925,0.170219926000527,6.27508487323593,3.49443621354052e-10,4.78748670004937e-09,1.02486344662038,0.174685987242534,"AJUBA"
"ENSG00000168936",800.532933184081,0.778914266008047,0.124145552850917,6.27420191960822,3.51432196267103e-10,4.80972587947263e-09,0.749951254881026,0.12604891131433,"TMEM129"
"ENSG00000181929",644.312782825214,0.431218190781832,0.0687311539863341,6.2739844418671,3.51923689634664e-10,4.81145098414329e-09,0.422545858474456,0.0687285797342713,"PRKAG1"
"ENSG00000130787",391.564088191047,1.05696161402943,0.168475888743081,6.27366694376813,3.52642431349114e-10,4.81627619413115e-09,1.01533624228022,0.172788236812687,"HIP1R"
"ENSG00000166847",462.966706605245,0.418930150280922,0.0667855447896295,6.27276683301045,3.54687872024603e-10,4.83919225189215e-09,0.410780371129278,0.066734434450634,"DCTN5"
"ENSG00000170365",278.410869837123,0.949117532608294,0.151346102166945,6.27117262366857,3.58339066291187e-10,4.88394632172853e-09,0.912739985189062,0.154422081242891,"SMAD1"
"ENSG00000124571",315.300705372394,0.425935580649848,0.0679327266208827,6.26996150216226,3.61137382762505e-10,4.91699563748825e-09,0.41691799094099,0.0679602706738633,"XPO5"
"ENSG00000130816",223.186265922137,0.954667959894924,0.152430039428046,6.2629909660659,3.77662506916721e-10,5.13667827072887e-09,0.91657971930015,0.155660461254138,"DNMT1"
"ENSG00000175311",558.449024272412,0.476216802215077,0.076048365224753,6.26202549926836,3.80008778997534e-10,5.16325653692624e-09,0.480400209118093,0.0758878335043114,"ANKS4B"
"ENSG00000139154",125.961685878143,-0.928948491956168,0.148351984555258,-6.26178675493319,3.80591165112058e-10,5.16583843285089e-09,-0.888007287461198,0.148095788652621,"AEBP2"
"ENSG00000105325",415.657138350649,0.978934223778454,0.156368254193481,6.26044096244227,3.8389038830132e-10,5.20525319503109e-09,0.9391034264188,0.160025540385641,"FZR1"
"ENSG00000204256",2173.29083686948,0.467718600550391,0.0747297210269759,6.25880297855727,3.87943606948518e-10,5.25479992704134e-09,0.457285374352152,0.0748320635345495,"BRD2"
"ENSG00000164898",14.4175350316668,-1.53510568103919,0.245341494018861,-6.2570161120857,3.92412886107901e-10,5.3098746747139e-09,-1.46252944548338,0.245804188392123,"FMC1"
"ENSG00000003056",850.598370131674,0.930244260300931,0.148729935955662,6.25458657212256,3.9857032281085e-10,5.3876559241557e-09,0.89410461238842,0.151914548080693,"M6PR"
"ENSG00000082805",444.498959171333,0.802203851902788,0.128436708903989,6.2459078774937,4.21345469557886e-10,5.68967636122987e-09,0.773618473601214,0.130393564564238,"ERC1"
"ENSG00000128283",511.417283820015,1.4740427241823,0.236042764547538,6.24481215091614,4.2430974673131e-10,5.72383414494306e-09,1.40400929881934,0.24593296286444,"CDC42EP1"
"ENSG00000025708",453.440839320362,1.28322212047327,0.205501139565482,6.24435525363292,4.25551799327845e-10,5.73471339810687e-09,1.22484536351664,0.212710529310686,"TYMP"
"ENSG00000133135",2090.70085531433,-0.914740265304996,0.146527130018734,-6.24280476378703,4.29793242308262e-10,5.78594869962227e-09,-0.877865673825985,0.146216476915495,"RNF128"
"ENSG00000125107",2141.47852938422,0.693181354114215,0.111047160214408,6.24222494997469,4.31389929386903e-10,5.80151155291927e-09,0.673440821855877,0.112122058534463,"CNOT1"
"ENSG00000221866",75.5672971814002,2.61474753351137,0.418942036115059,6.24131098840903,4.33918553575287e-10,5.8295629350737e-09,2.47880649279087,0.445063073313024,"PLXNA4"
"ENSG00000136628",1110.41052027859,0.695919178919202,0.11159780138734,6.23595779009811,4.49022173393514e-10,6.02018934307435e-09,0.671397285540535,0.112807180676318,"EPRS1"
"ENSG00000175792",303.808609177904,0.530731105190454,0.0851064400475771,6.23608630432384,4.48653640994915e-10,6.02018934307435e-09,0.51702930394187,0.085331871780062,"RUVBL1"
"ENSG00000115129",238.546983969193,1.52083740715885,0.243900152292477,6.23549183083377,4.50360855740237e-10,6.02586486450809e-09,1.44853555309987,0.253939380991927,"TP53I3"
"ENSG00000198673",11.4939404079266,-1.34248178896378,0.215292023719625,-6.2356317980089,4.49958326847994e-10,6.02586486450809e-09,-1.2803095801341,0.216700142036915,"TAFA2"
"ENSG00000006125",1322.50766906766,0.483578667584539,0.0776052402142365,6.2312630725654,4.62689358246652e-10,6.1845361326654e-09,0.473068324363525,0.0777194067628975,"AP2B1"
"ENSG00000172086",432.25765879427,-0.722413556677472,0.115958734332332,-6.22991929704124,4.6667551394055e-10,6.22757710972962e-09,-0.693277691508046,0.115489857222675,"KRCC1"
"ENSG00000176087",737.150728814289,0.577469075113145,0.09269376457734,6.22985890956373,4.66855431209413e-10,6.22757710972962e-09,0.561285074909459,0.0932384233850055,"SLC35A4"
"ENSG00000105671",286.853475790877,0.842506696288554,0.135250578925775,6.2292280223874,4.68739136959316e-10,6.2432511927564e-09,0.811427290896854,0.137561730625622,"DDX49"
"ENSG00000111640",23770.9933866973,0.659274981982852,0.105837104947848,6.22914791847067,4.68978841685864e-10,6.2432511927564e-09,0.638541170565087,0.106868723933191,"GAPDH"
"ENSG00000005007",918.448973149659,0.729643015084065,0.117176382335339,6.22687781054677,4.75821921202309e-10,6.32706399633358e-09,0.698083731104918,0.118679347107827,"UPF1"
"ENSG00000142168",13117.2450898896,-0.667578369968265,0.107211511169123,-6.22674153818408,4.76235790700788e-10,6.32706399633358e-09,-0.645976568578085,0.106842850640285,"SOD1"
"ENSG00000100299",526.799712893728,1.2223648869487,0.196385021251825,6.22432851119159,4.83622796220163e-10,6.4187275554785e-09,1.16810367695949,0.202836895873944,"ARSA"
"ENSG00000133275",265.6911598478,1.14625763029229,0.184220402958206,6.22220781132664,4.90207138246033e-10,6.49956413106473e-09,1.09681629255046,0.189608626424461,"CSNK1G2"
"ENSG00000104518",982.024173881576,1.07556789932125,0.17299902345121,6.21719058214561,5.06134886895211e-10,6.70399589623978e-09,1.03350256066579,0.177614731311263,"GSDMD"
"ENSG00000168003",760.60074194528,0.620700484933064,0.0998736409636367,6.21485788386404,5.13711225458109e-10,6.79610478747597e-09,0.602206124372364,0.100688273667796,"SLC3A2"
"ENSG00000257093",1603.26554752475,0.852821414348115,0.137225761624156,6.214732600165,5.14121249303211e-10,6.79610478747597e-09,0.820662490799002,0.139755043760207,"DENND11"
"ENSG00000118454",163.00787997129,-0.700093015928856,0.112686738405502,-6.21273652814031,5.20697161943187e-10,6.87612721579138e-09,-0.677381806519475,0.112470955246092,"ANKRD13C"
"ENSG00000103507",1035.22211795889,0.763602610936235,0.122914332189794,6.2124782141528,5.2155413396007e-10,6.88054281334496e-09,0.73414157520354,0.124811121761467,"BCKDK"
"ENSG00000160285",4562.62622103394,1.63317008824124,0.26294604870871,6.2110463201919,5.26329547041913e-10,6.93659140776159e-09,1.55277049838661,0.275640117956443,"LSS"
"ENSG00000100401",719.942644384852,0.884131833267771,0.142377479690062,6.20977302865884,5.30611838124691e-10,6.98603546074968e-09,0.849877430852676,0.145173808718513,"RANGAP1"
"ENSG00000077454",45.6191188765688,1.32598388599089,0.213786876699873,6.20236333707417,5.56214798284958e-10,7.31008092460264e-09,1.26396611150076,0.219805721184834,"LRCH4"
"ENSG00000136699",410.162615104894,0.801345408859423,0.12920071629243,6.20232945958035,5.56334580468772e-10,7.31008092460264e-09,0.772502396453172,0.131176173487642,"SMPD4"
"ENSG00000143543",1810.48026616384,-0.757746581978114,0.122179091209622,-6.20193336254278,5.57736947654629e-10,7.32120104967183e-09,-0.73156368325333,0.121890309964062,"JTB"
"ENSG00000155970",155.454198913297,-1.51053699454865,0.243569590265695,-6.20166496524011,5.58689158529542e-10,7.32639587768919e-09,-1.43830359101826,0.242757786628497,"MICU3"
"ENSG00000167700",353.586758246844,1.19802004351978,0.193211845049318,6.20055174781849,5.62655556593239e-10,7.36374061442007e-09,1.14418925547878,0.199539918195107,"SLC33A2"
"ENSG00000183018",219.3208223241,1.03592811397013,0.167069854382304,6.20056872498152,5.62594861069465e-10,7.36374061442007e-09,0.99201778385099,0.170970050448663,"SPNS2"
"ENSG00000120509",298.700901121479,-0.508280845538134,0.081997439196922,-6.19874047916869,5.69167911623124e-10,7.44157370847076e-09,-0.495131278986827,0.0816765955340377,"PDZD11"
"ENSG00000138942",1274.58201916008,0.448226309673249,0.07232154656513,6.19768700977091,5.72989393637226e-10,7.4841055125275e-09,0.438837135718005,0.0723881262908919,"RNF185"
"ENSG00000167447",155.918295472099,1.04223931516201,0.168196933278048,6.19654172552047,5.77172341153939e-10,7.52381291448788e-09,0.997965471372811,0.172249599365437,"SMG8"
"ENSG00000243335",143.853281051823,0.703987223332634,0.113608424584873,6.19661108676593,5.76918166104169e-10,7.52381291448788e-09,0.680573534808588,0.11459582838305,"KCTD7"
"ENSG00000110848",27.7643325612004,-1.63264485187662,0.263484567885902,-6.19635853809705,5.77844158984999e-10,7.52511987853263e-09,-1.55315065546501,0.262752921317011,"CD69"
"ENSG00000117862",804.008558119942,-0.387519782316658,0.06257313851324,-6.19306928698585,5.90037756456702e-10,7.67632124655033e-09,-0.380064426637334,0.0622649719955113,"TXNDC12"
"ENSG00000204209",369.215369801227,0.6582913350472,0.106362119121428,6.18915211999175,6.04886884801504e-10,7.86173812961165e-09,0.644586149273184,0.107075857311938,"DAXX"
"ENSG00000125686",375.4462540845,0.89342712185698,0.14447019584678,6.1841621839048,6.24331552909631e-10,8.10645880237496e-09,0.86009456772126,0.147258682251819,"MED1"
"ENSG00000110047",480.247780300426,0.953349493972612,0.154195727854057,6.18272313533187,6.3005160731479e-10,8.17266942059756e-09,0.914427748648461,0.157736521811229,"EHD1"
"ENSG00000118515",812.422489612801,-1.10700414599392,0.179124670598894,-6.18007638083974,6.40705954871754e-10,8.30269153724558e-09,-1.05969424594701,0.178992060519833,"SGK1"
"ENSG00000120451",1020.66619302946,0.520034505925594,0.084172132774929,6.17822655529156,6.48256461690387e-10,8.39227588457781e-09,0.506656409958803,0.0844248538982757,"SNX19"
"ENSG00000104388",1698.2136787981,-1.02073807554971,0.165282312551404,-6.1757247934939,6.58606240365484e-10,8.51788778060115e-09,-0.975402801470791,0.164988365763151,"RAB2A"
"ENSG00000082781",1338.999154878,0.64389501395245,0.104276989601699,6.17485234673438,6.62253322937121e-10,8.55665088301289e-09,0.630294876784668,0.105075638798346,"ITGB5"
"ENSG00000196576",2702.58316868316,1.02288883340184,0.16567457835629,6.17408442230695,6.6547976992588e-10,8.58990848121973e-09,0.979769167226023,0.170083728319356,"PLXNB2"
"ENSG00000047849",1266.99501632672,0.784091700691164,0.127001500197826,6.17387746971342,6.66351904674283e-10,8.59274160327288e-09,0.757566024820028,0.128871908841539,"MAP4"
"ENSG00000116679",967.55470693809,-0.644698652387714,0.104526185528064,-6.16781956722819,6.92380846808928e-10,8.91965384450718e-09,-0.624013071874697,0.10415274515103,"IVNS1ABP"
"ENSG00000157916",2638.4343915629,0.384719491651381,0.062383942865517,6.16696338801049,6.96138675211874e-10,8.95929794510219e-09,0.379222516259291,0.0623383471629577,"RER1"
"ENSG00000143799",1169.74638179289,0.577045881201649,0.0935782036668642,6.16645606124175,6.98374746638656e-10,8.97929874437943e-09,0.559498660068138,0.0941096354151483,"PARP1"
"ENSG00000130402",1916.40754703903,0.831368315401366,0.134826950435688,6.16618793731396,6.99559346570814e-10,8.98575449458667e-09,0.80245554909754,0.137106960236461,"ACTN4"
"ENSG00000100335",760.375914551856,0.495638849966952,0.0803969989823079,6.16489242435557,7.05310732952309e-10,9.05080030219308e-09,0.507489826351731,0.0800527149977906,"MIEF1"
"ENSG00000033050",269.169266073391,0.55661745826231,0.0903033005737241,6.16386615689517,7.09899532640745e-10,9.10081523539245e-09,0.541242669396606,0.0907116866621954,"ABCF2"
"ENSG00000111237",869.855592361463,-0.574657874348409,0.0932562074653617,-6.1621407300083,7.17680244560133e-10,9.19161293762521e-09,-0.557754183443678,0.0928610012019005,"VPS29"
"ENSG00000198911",2261.05196007575,0.980525545867422,0.15927885254983,6.15603094931051,7.45906529135666e-10,9.54383417162311e-09,0.94306407113238,0.163016979427044,"SREBF2"
"ENSG00000128951",397.721378186714,-0.779111135628673,0.126585785827095,-6.15480743385257,7.51687735134421e-10,9.60846671920368e-09,-0.750333290948796,0.126309997843868,"DUT"
"ENSG00000075856",380.91469576502,0.348566753311514,0.0566367727061925,6.15442470777299,7.53505103455521e-10,9.62235518146983e-09,0.342294891740679,0.0564728752766908,"SART3"
"ENSG00000177432",64.3786788014899,-0.876680165399795,0.142460745174451,-6.15383672411831,7.56305487177517e-10,9.64875779474727e-09,-0.841914178141109,0.142474301935831,"NAP1L5"
"ENSG00000118985",1715.8106959885,-0.98343569498038,0.159883462248047,-6.15095320774738,7.70186415772731e-10,9.81633528563773e-09,-0.943708890249446,0.15978045793431,"ELL2"
"ENSG00000100147",32.3390805971475,1.36067338508657,0.221274115852595,6.14926594483831,7.78423633131096e-10,9.9117268412031e-09,1.29645803640625,0.225990893407656,"CCDC134"
"ENSG00000243978",21.1943369927508,2.33100310355348,0.379103355703794,6.14872717026215,7.8107198517289e-10,9.93583937853745e-09,2.20811235940337,0.392123854277816,"RTL9"
"ENSG00000108846",3466.42644030548,0.802443400074062,0.130558779035746,6.14622322604869,7.93495929611025e-10,1.00841384259254e-08,0.770751640225303,0.132796300716158,"ABCC3"
"ENSG00000050820",277.928812634389,1.46969968770186,0.239238079342711,6.14325149131673,8.08491206440116e-10,1.02647977087662e-08,1.3986153269972,0.249393012297204,"BCAR1"
"ENSG00000128891",144.842821918314,-0.517140962204351,0.0841826954274581,-6.1430791634604,8.09369194692743e-10,1.02660451033956e-08,-0.503259928896874,0.0838804557315644,"CCDC32"
"ENSG00000224578",30.546273101016,-1.02732930967245,0.167307637967243,-6.14036108664442,8.23341082793434e-10,1.04332133744546e-08,-0.982992613285851,0.16781796730856,"HNRNPA1L3"
"ENSG00000133028",750.11992538908,0.486416134801961,0.0792424476319536,6.13832799639342,8.33945408787553e-10,1.05574281270163e-08,0.475225860665043,0.0793774795355933,"SCO1"
"ENSG00000181191",127.016218497133,0.657987892001016,0.107214582414488,6.13711192249256,8.40351832224759e-10,1.06283114534786e-08,0.638000847307923,0.107988738492244,"PJA1"
"ENSG00000100129",1630.51906716887,1.13722544168254,0.185315611793138,6.13669528799326,8.42557732861256e-10,1.06459837916039e-08,1.09239929062882,0.190756884721287,"EIF3L"
"ENSG00000172059",479.223287877231,-1.13887952325169,0.185595101095988,-6.13636629698903,8.44303588363476e-10,1.06578149994185e-08,-1.08746225097293,0.185281059122979,"KLF11"
"ENSG00000182774",2559.31498821692,-1.02252721323137,0.166652443775876,-6.13568688261495,8.47920208650547e-10,1.06932159646486e-08,-0.977879850595132,0.166350418369329,"RPS17"
"ENSG00000174233",529.612678134588,0.727255463844053,0.1185510825144,6.13453245992682,8.54100043585068e-10,1.0760843228556e-08,0.701862512891262,0.120007474850888,"ADCY6"
"ENSG00000054793",630.546766301666,0.868434539233295,0.141598076389458,6.13309559972205,8.61853204949945e-10,1.08481446428021e-08,0.822289638779959,0.144875165771748,"ATP9A"
"ENSG00000106603",325.397744864168,-0.420389954022391,0.0685627789950074,-6.13146024978076,8.70760931954882e-10,1.09497979275243e-08,-0.411617716097905,0.0682519439154066,"COA1"
"ENSG00000115271",156.650171273193,-0.8951956491397,0.146030807673664,-6.13018350990839,8.77777669425544e-10,1.10275007592144e-08,-0.851997278918832,0.145582412361046,"GCA"
"ENSG00000205542",8301.58181073625,-0.72085606963472,0.117648643854601,-6.12719404165516,8.94423679842821e-10,1.12259124583514e-08,-0.693528964675804,0.117193341039263,"TMSB4X"
"ENSG00000079335",34.3379690515483,-1.03203745625782,0.168482654641034,-6.12548192843152,9.0409532866184e-10,1.13207840500673e-08,-0.987221758939993,0.168869129610293,"CDC14A"
"ENSG00000146374",82.7616667320136,-0.930405469270716,0.151893020453474,-6.12539974840851,9.0456211610746e-10,1.13207840500673e-08,-0.893479099594053,0.151910333032244,"RSPO3"
"ENSG00000173456",441.465106841465,0.551617796795844,0.0900511530922198,6.12560503507314,9.03396515076663e-10,1.13207840500673e-08,0.536218409882646,0.0904540941776634,"RNF26"
"ENSG00000203667",676.432503385182,-0.630194798641536,0.102896621343663,-6.12454316198349,9.09441592296252e-10,1.13710427390052e-08,-0.608474429255568,0.102480089011653,"COX20"
"ENSG00000184999",928.931432363177,-2.46304474658832,0.402172388891908,-6.12435068795911,9.105415320397e-10,1.13739941279266e-08,-2.33221805144886,0.395371307507513,"SLC22A10"
"ENSG00000267534",10.8771399423082,3.80952566494138,0.622058689513579,6.12406148995402,9.12196664123773e-10,1.13838685117096e-08,3.60869848772931,0.610123587841603,"S1PR2"
"ENSG00000133488",470.701370561813,1.8174519426929,0.296793788171523,6.12361853625643,9.1473745777961e-10,1.14047664480363e-08,1.72258147399114,0.313064118512283,"SEC14L4"
"ENSG00000106588",137.343785032889,-0.885716345300404,0.144660809033092,-6.12271112833187,9.19963941776382e-10,1.14590778215968e-08,-0.850226471159886,0.144533094896012,"PSMA2"
"ENSG00000198018",133.153448236026,1.43393515264794,0.234320978031836,6.11953383214848,9.38495037913043e-10,1.16788522392846e-08,1.36415613014404,0.243269269872472,"ENTPD7"
"ENSG00000106636",544.934523704424,0.609705662784138,0.0996540270795251,6.11822402618597,9.46239797406946e-10,1.17641106446269e-08,0.591207230937496,0.100351576877436,"YKT6"
"ENSG00000197859",365.160894532759,1.78913645489841,0.292493607866947,6.11683950273632,9.54494111216542e-10,1.18555372342236e-08,1.69655341381139,0.308131057552975,"ADAMTSL2"
"ENSG00000130066",8302.27496114356,-0.668588934420494,0.109317707666641,-6.11601677981871,9.59432272731058e-10,1.18944306052515e-08,-0.641703922878736,0.108624770692941,"SAT1"
"ENSG00000165527",907.86116442403,-0.593678600511588,0.0970678137817728,-6.11612209425353,9.5879876492967e-10,1.18944306052515e-08,-0.576724853639773,0.0966952088031551,"ARF6"
"ENSG00000163682",6946.06575059218,-0.918880679072158,0.150407116524485,-6.10928990798497,1.00075397421852e-09,1.23950393457771e-08,-0.871574375883218,0.149400254974707,"RPL9"
"ENSG00000100209",221.503478992007,-0.619356224322079,0.101430575447404,-6.10620832613968,1.02025822170727e-09,1.26247366043213e-08,-0.596292532944997,0.100993410239677,"HSCB"
"ENSG00000158186",139.151048580878,1.09803642042551,0.179842755095955,6.10553602695673,1.02456239818241e-09,1.26660925206288e-08,1.0487275913444,0.184493191374525,"MRAS"
"ENSG00000053747",187.530682182113,1.51184230096392,0.247676373709258,6.10410382840406,1.03379070070036e-09,1.27681879600572e-08,1.44187903967682,0.257900882712418,"LAMA3"
"ENSG00000101811",94.7536577824773,0.635267922548449,0.10417718349675,6.09795639722075,1.07433039508714e-09,1.32564517166984e-08,0.614901431318651,0.104678456525372,"CSTF2"
"ENSG00000166510",160.060145459116,-1.16513339510042,0.191103521735614,-6.0968703481684,1.08165176701294e-09,1.33342950978393e-08,-1.11157016167737,0.190834794787044,"CCDC68"
"ENSG00000116212",290.151328653298,0.56418028789625,0.0925821471046964,6.09383456249126,1.10237587900648e-09,1.35770634452753e-08,0.548046181000387,0.092931554995453,"LRRC42"
"ENSG00000146701",2973.04575069906,0.600736327043249,0.0986080591449277,6.09216257020459,1.11395471361531e-09,1.37068483733263e-08,0.584502732474444,0.0992697150922386,"MDH2"
"ENSG00000047634",587.240831986318,-1.08003149783024,0.177325946778214,-6.09065688046805,1.12448328624116e-09,1.38234798754913e-08,-1.03138366122128,0.17704982679083,"SCML1"
"ENSG00000177459",165.014231014227,1.53563838173041,0.2521826247159,6.08939011345607,1.13341628186997e-09,1.3915116651886e-08,1.46047756333493,0.26338030349619,"ERICH5"
"ENSG00000197958",6407.39495879469,-0.754563616916395,0.123916306330541,-6.08930042591516,1.13405135709203e-09,1.3915116651886e-08,-0.719286025017571,0.123273717107038,"RPL12"
"ENSG00000205531",1124.65851864774,0.352944002513299,0.0579893263020304,6.08636149133778,1.1550549118815e-09,1.41596396367149e-08,0.347171490822452,0.0578934764901303,"NAP1L4"
"ENSG00000163913",309.732243547324,0.723640710035085,0.118912231659452,6.0855027269818,1.16126347852317e-09,1.4222506937894e-08,0.698837752670612,0.120290236775303,"IFT122"
"ENSG00000157557",1459.66795972911,-0.887965354736009,0.145923320954474,-6.08515039904445,1.16382008832465e-09,1.42405718242402e-08,-0.843232350648768,0.145502847396812,"ETS2"
"ENSG00000163083",119.725617498291,-1.70971926089735,0.28101423452078,-6.08410198085862,1.17146026506892e-09,1.43207482357451e-08,-1.62265797993351,0.279497712662213,"INHBB"
"ENSG00000157259",408.856195653942,-0.442539259859267,0.072762893574625,-6.08193597201302,1.18739988486457e-09,1.45021399667226e-08,-0.43063595168419,0.0723658639783099,"GATAD1"
"ENSG00000054803",26.0315616701151,-1.75650831624693,0.288872688269917,-6.08056208694152,1.19761966406658e-09,1.46134017582026e-08,-1.66615901120029,0.287580527838588,"CBLN4"
"ENSG00000143977",434.742614849518,-0.753986047146857,0.12402664579243,-6.07922630116695,1.20763823202002e-09,1.47197742055834e-08,-0.718562069853804,0.123388973237025,"SNRPG"
"ENSG00000181038",176.443594024773,-0.76289644407457,0.125494920364573,-6.07910218085555,1.2085732884882e-09,1.47197742055834e-08,-0.728286758311789,0.125006585459022,"METTL23"
"ENSG00000239305",1109.26058995946,-0.657879165417883,0.108227263022315,-6.07868245991066,1.21174047488358e-09,1.47447089577794e-08,-0.621940736391907,0.107361176909372,"RNF103"
"ENSG00000150527",94.4404426396407,-1.20741093180981,0.198656329872236,-6.07788804205911,1.21775726514876e-09,1.48042402150956e-08,-1.15060120322575,0.198471787853549,"MIA2"
"ENSG00000080822",456.077926528417,-0.750552331396233,0.1236746729956,-6.06876341951545,1.28898859789212e-09,1.56557415865753e-08,-0.707592030166354,0.122758544954158,"CLDND1"
"ENSG00000175221",328.475207512828,1.36550842704905,0.225014426534498,6.06853724038756,1.2908048737172e-09,1.56633520436504e-08,1.29862391734438,0.234255005773804,"MED16"
"ENSG00000107581",2148.29118623258,0.708549692599083,0.116780591447327,6.06735831543266,1.30031240650079e-09,1.57641925819423e-08,0.684171070215492,0.11818540492525,"EIF3A"
"ENSG00000076242",434.421582398441,0.466733814326635,0.0769620281023919,6.06446874952,1.32390516291485e-09,1.60354511268969e-08,0.455659494746844,0.0770251898264756,"MLH1"
"ENSG00000173402",1691.2187567337,0.69924548111944,0.11531102454459,6.06399504194018,1.32781249772876e-09,1.60679957215964e-08,0.667632074036864,0.116943081482716,"DAG1"
"ENSG00000198515",387.243587763121,-1.06086866589556,0.175100897953792,-6.05861350965496,1.37299843851252e-09,1.65995385137336e-08,-1.01414674235958,0.174990671032965,"CNGA1"
"ENSG00000128609",1110.81486822857,-1.01659795053397,0.16783211849106,-6.05723123603495,1.38484449803802e-09,1.6727396936852e-08,-0.966491938624479,0.167466490976484,"NDUFA5"
"ENSG00000120279",181.887511241593,-1.11920845866825,0.184789046557224,-6.05668181918813,1.38958060699148e-09,1.67692193140695e-08,-1.06793254640907,0.184594424014012,"MYCT1"
"ENSG00000099785",448.766329092597,0.670668406154008,0.110772312251019,6.05447690424859,1.4087468381914e-09,1.69849458531392e-08,0.648216843017624,0.111913776637045,"MARCHF2"
"ENSG00000090863",1106.19625407408,0.690514300269496,0.114059773282609,6.05396872531555,1.41320058739624e-09,1.70074944548985e-08,0.674841500378884,0.115124307886547,"GLG1"
"ENSG00000183726",552.395424904184,-0.510496324489561,0.0843224120597574,-6.05410011430631,1.41204776271973e-09,1.70074944548985e-08,-0.492895300001962,0.0837939904292514,"TMEM50A"
"ENSG00000165006",894.561544119739,0.379389338287322,0.0626842639959915,6.05238562443013,1.42716324930518e-09,1.71598459729242e-08,0.372361390074932,0.0626060463400946,"UBAP1"
"ENSG00000100416",278.380934914191,0.848397602402434,0.140199311485941,6.05136782349685,1.43621098415097e-09,1.72528775705581e-08,0.814487192593884,0.142770493298986,"TRMU"
"ENSG00000151632",4478.41566060292,1.14402369163137,0.189068340192063,6.05084748969198,1.44085806017294e-09,1.72929236282925e-08,1.09554090982161,0.195014991501859,"AKR1C2"
"ENSG00000171302",347.840213663587,0.580989855935891,0.0960624448597483,6.04804361146689,1.4661527364303e-09,1.75804798978518e-08,0.55909223602672,0.0966013640868555,"CANT1"
"ENSG00000133313",4279.68451758924,0.446025053668373,0.0738460844138124,6.03992828067872,1.54182743594192e-09,1.84542727469194e-08,0.44016386832807,0.0738379613245852,"CNDP2"
"ENSG00000188566",55.6940910224192,1.55190388257101,0.256936993531418,6.04001728688882,1.54097717352699e-09,1.84542727469194e-08,1.47188712707966,0.266362470157005,"NDOR1"
"ENSG00000144331",391.953161273333,-0.809203551688675,0.133987691788872,-6.03938720702613,1.54700607461754e-09,1.84994386724928e-08,-0.777465891836357,0.133719883908675,"ZNF385B"
"ENSG00000110628",675.513939877592,1.38333489329701,0.229099946242264,6.03812840634274,1.55911979021559e-09,1.86273785462599e-08,1.31437230981409,0.23878753760367,"SLC67A1"
"ENSG00000169908",453.63250839306,-1.03723050166289,0.171788906443233,-6.03782003819695,1.56210135226e-09,1.86460801485541e-08,-0.992052429682158,0.171698735437484,"TM4SF1"
"ENSG00000196363",600.750389937349,0.611077586860197,0.101224380905324,6.03686168682761,1.57140301060927e-09,1.87401195993493e-08,0.591872209448942,0.101963961800646,"WDR5"
"ENSG00000070047",418.047437117252,1.27970186859912,0.211999483757053,6.03634426801545,1.57644743965593e-09,1.87832642448054e-08,1.21806149048453,0.21990026841033,"PHRF1"
"ENSG00000131748",413.66951239647,0.68176706229412,0.112977197968281,6.0345545344958,1.59401793706613e-09,1.89754431821091e-08,0.657648258460453,0.11423070292782,"STARD3"
"ENSG00000127419",303.416395279326,1.05435416852543,0.174854098719472,6.02990822775615,1.64052811888209e-09,1.95114663172552e-08,1.0066505448146,0.179808688274037,"TMEM175"
"ENSG00000170525",267.639051688894,-1.39516803656602,0.23139354997763,-6.0294162767324,1.64552935592341e-09,1.95532847473715e-08,-1.32618915988293,0.23072046105204,"PFKFB3"
"ENSG00000158109",1815.86154583323,0.429782633150736,0.0712888066867079,6.02875336431843,1.65229211424042e-09,1.96159404653646e-08,0.42037183146709,0.0713121929853757,"TPRG1L"
"ENSG00000134597",146.955056607092,-0.507796981325577,0.0842584752067588,-6.02665761609752,1.6738507150797e-09,1.98508600492944e-08,-0.49423700356506,0.0838754926372707,"RBMX2"
"ENSG00000177542",374.95194096968,1.17105615729087,0.194316582542935,6.02653742653242,1.67509536038023e-09,1.98508600492944e-08,1.1154253879155,0.200843934016323,"SLC25A22"
"ENSG00000143995",94.5385963376469,-0.753992102100881,0.125146153904876,-6.0248923244896,1.6922224431761e-09,2.00357919845832e-08,-0.725601163984054,0.124960136359313,"MEIS1"
"ENSG00000112200",457.34423396695,-0.71938289552585,0.119418389189242,-6.0240545899999,1.70100951237015e-09,2.00988945784015e-08,-0.679762889110448,0.118560068059358,"ZNF451"
"ENSG00000115255",3336.16898947394,1.20106360518742,0.199381473040814,6.02394789681164,1.7021318133767e-09,2.00988945784015e-08,1.14690036949598,0.206286154045604,"REEP6"
"ENSG00000116514",161.85835996616,0.682927245252895,0.11336724976612,6.02402586868602,1.70131155967211e-09,2.00988945784015e-08,0.659176053724671,0.114391398304033,"RNF19B"
"ENSG00000102316",1328.30409857874,0.564930032142921,0.0938270447727144,6.02097224218669,1.73372491864784e-09,2.04536041925783e-08,0.548133692893799,0.0943539621825163,"MAGED2"
"ENSG00000105229",137.955841191124,0.903234666328098,0.15011813458374,6.01682580743935,1.7787030252944e-09,2.09654467600949e-08,0.865111066663691,0.153168915605433,"PIAS4"
"ENSG00000235453",43.8003111940784,-0.98940267347454,0.164485167732326,-6.0151482782,1.79722116138428e-09,2.11647708504342e-08,-0.945761345561042,0.164867593375769,"TZMP1"
"ENSG00000066117",311.746605642004,0.570582883034171,0.0949359034281902,6.01019069108835,1.8530523399753e-09,2.18027588097541e-08,0.559295264812296,0.0952571075058843,"SMARCD1"
"ENSG00000170791",312.16233618255,-0.515797254185125,0.0859037662249414,-6.00436135517615,1.92086471083676e-09,2.25804506989971e-08,-0.499229181793731,0.0855072723488124,"CHCHD7"
"ENSG00000126749",66.7075631270892,-0.81976851223845,0.136540000731123,-6.00387071809641,1.92668133222407e-09,2.26286230330617e-08,-0.785570519259481,0.136586947439508,"EMG1"
"ENSG00000197324",680.93503577659,0.872899862967473,0.145420281431411,6.00260056145734,1.94181917869719e-09,2.27860885086695e-08,0.837706306956827,0.148386699269714,"LRP10"
"ENSG00000110092",1611.57684790119,1.05815446286591,0.176287027566181,6.00245223641693,1.94359446860339e-09,2.27866115526556e-08,1.01263613232631,0.181319129229512,"CCND1"
"ENSG00000153140",128.408774472123,-0.889032524914132,0.148222020603226,-5.99797871663061,1.99788698031801e-09,2.34022953584226e-08,-0.851481356710618,0.148053793137948,"CETN3"
"ENSG00000182518",143.525022472146,-0.542561188761856,0.0904978722693967,-5.99529221136542,2.03119864893075e-09,2.37713434771753e-08,-0.52677714760294,0.090320387816074,"VCF2"
"ENSG00000157881",157.349383359502,0.728451429695279,0.121535121527728,5.99375242759836,2.05053469472238e-09,2.397632308234e-08,0.701594820528345,0.122790657593352,"PANK4"
"ENSG00000104880",17.3991882770234,1.56281339349197,0.260747822553289,5.99358176106182,2.05268887054776e-09,2.39802144362305e-08,1.48172823014868,0.265596281194665,"ARHGEF18"
"ENSG00000160293",1454.94438129433,0.670777748260472,0.111928162393483,5.99293094710476,2.06092378339051e-09,2.40550731667726e-08,0.665428872843919,0.112572101265042,"VAV2"
"ENSG00000149100",1310.37457225248,-0.576754446331301,0.0962747917438281,-5.99071092115112,2.08925718804071e-09,2.43641808128822e-08,-0.558073467664788,0.0958198893908504,"EIF3M"
"ENSG00000063660",512.249107557122,1.14572141566923,0.191268139583216,5.99013206363496,2.09670709262854e-09,2.4429420868626e-08,1.09180770424025,0.197615768118502,"GPC1"
"ENSG00000131508",607.1798553449,-0.640460863043328,0.106922140222184,-5.9899742159337,2.09874308140256e-09,2.44315220245324e-08,-0.616402543903889,0.106470857305594,"UBE2D2"
"ENSG00000113838",133.105047503908,0.760037153698412,0.126942686077571,5.98724650614354,2.13423200430151e-09,2.48227019157541e-08,0.731665766812951,0.128474479355599,"TBCCD1"
"ENSG00000069020",445.831818667816,-0.706797291302566,0.118069025041215,-5.98630581607532,2.14660590917413e-09,2.48792127731142e-08,-0.666925385183663,0.117086102684307,"MAST4"
"ENSG00000108375",428.920075566028,0.69616169272741,0.116286672591451,5.98659912794333,2.14274018446797e-09,2.48792127731142e-08,0.671447615486061,0.117668339076402,"RNF43"
"ENSG00000148219",63.5463760057151,0.923229486946692,0.154223660387645,5.98630252080734,2.14664937796276e-09,2.48792127731142e-08,0.883516236304682,0.156750900254599,"ASTN2"
"ENSG00000212127",11.6991380749189,-1.64199076735339,0.27428356163227,-5.98647165576328,2.14441937923818e-09,2.48792127731142e-08,-1.556223773975,0.274600511406111,"TAS2R14"
"ENSG00000165060",311.419975775195,-0.570262165631581,0.0952772851214053,-5.9852898296266,2.16004877045661e-09,2.50124908635283e-08,-0.552746282937375,0.0949096532289516,"FXN"
"ENSG00000082641",3740.86849504797,0.545355393329243,0.0911392595271692,5.98375931688001,2.18045445479588e-09,2.52265934550461e-08,0.534315484175232,0.091466352389258,"NFE2L1"
"ENSG00000099814",381.278079374378,1.44820914694065,0.242045691100348,5.98320565161494,2.18788239519502e-09,2.5290306949199e-08,1.37300605293641,0.252923917906011,"CEP170B"
"ENSG00000197265",230.203688152937,-0.457762355933889,0.0765439200603318,-5.98038819507913,2.22606474312316e-09,2.57090950947014e-08,-0.442808040625908,0.0761088329282975,"GTF2E2"
"ENSG00000153029",374.726888319713,0.792783079733296,0.132577166863768,5.97978595023027,2.23431020621392e-09,2.57817074277059e-08,0.762576610773981,0.134705004575651,"MR1"
"ENSG00000164162",115.985574168669,-0.637206915581865,0.106609462732847,-5.97702023110879,2.27255985892972e-09,2.62001077956819e-08,-0.615346313140921,0.10632609903826,"ANAPC10"
"ENSG00000110852",128.530372872061,-1.04420831963989,0.174751465785421,-5.97539090700439,2.29539103769134e-09,2.64170615404232e-08,-0.99641369574179,0.174619596015637,"CLEC2B"
"ENSG00000123064",489.310152691725,0.841852275601459,0.140884508507174,5.97547796079079,2.29416555225332e-09,2.64170615404232e-08,0.80699234056947,0.143625330854041,"DDX54"
"ENSG00000160233",1034.12976714286,0.790713208470554,0.132391114556489,5.97255496427723,2.33566415589257e-09,2.68570779707262e-08,0.760862171690049,0.134620771176494,"LRRC3"
"ENSG00000100796",909.490874772186,-0.530572998668133,0.0888397398208708,-5.97224845252741,2.34005791147838e-09,2.68841208224471e-08,-0.514305671884692,0.0883841876345145,"PPP4R3A"
"ENSG00000065320",256.160390739824,0.886071654025851,0.148385850910778,5.97140258715524,2.35222494874064e-09,2.70003432215512e-08,0.850645676860329,0.151451084020677,"NTN1"
"ENSG00000136717",481.797035066902,0.794621103113189,0.133078769412829,5.97105839360568,2.35719349222156e-09,2.70338062008616e-08,0.761375453488185,0.135445750921235,"BIN1"
"ENSG00000132406",154.77351067791,-0.782695679929338,0.131137587719982,-5.96850753119409,2.3943359625988e-09,2.74358810126857e-08,-0.742040088173154,0.130537065932605,"TMEM128"
"ENSG00000140876",574.398627802125,-0.692617299935587,0.116105794907185,-5.96539819988542,2.44038159272208e-09,2.79391861302425e-08,-0.661328563811229,0.115491549123168,"NUDT7"
"ENSG00000075426",246.162841222838,-0.820244439347521,0.137529996395244,-5.96411299968512,2.45966483967824e-09,2.81354885136435e-08,-0.787003556853789,0.137266081902843,"FOSL2"
"ENSG00000240891",46.1689467582562,-1.07778756102013,0.180753013169234,-5.96276400665601,2.48006486463446e-09,2.83442135484178e-08,-1.02714899310034,0.181041300986942,"PLCXD2"
"ENSG00000131778",825.164997220321,0.638201551593559,0.107058666764228,5.96123201308913,2.50343216441722e-09,2.85864595635015e-08,0.61843264119035,0.107967974406325,"CHD1L"
"ENSG00000071894",640.433523934769,1.1071547002054,0.185739708990095,5.9607862326544,2.51027177735346e-09,2.86397211617294e-08,1.05466236941436,0.191680823151591,"CPSF1"
"ENSG00000109881",40.6052590148688,-0.928728523453515,0.155841036614478,-5.95946063777168,2.53071809207943e-09,2.88479951517903e-08,-0.887900856826745,0.156189420310523,"CCDC34"
"ENSG00000127463",651.033024859968,0.543198464481938,0.091163651503723,5.95849832166666,2.54566262146103e-09,2.8993247468993e-08,0.528474422912784,0.0914988587786112,"EMC1"
"ENSG00000073008",556.253434820863,0.690696934418439,0.115985806717062,5.95501254824513,2.60051876762359e-09,2.9566865366608e-08,0.665956654035393,0.11731898969047,"PVR"
"ENSG00000165102",995.980989566286,0.426278960842946,0.0715828658396921,5.95504183637445,2.60005309524046e-09,2.9566865366608e-08,0.416932852450628,0.0715745104153117,"HGSNAT"
"ENSG00000172586",474.653075638927,-0.6245665704433,0.104944523859068,-5.95139743815544,2.65862603278288e-09,3.01873225649571e-08,-0.598949486184798,0.104631288482516,"CHCHD1"
"ENSG00000205544",203.367280801461,-1.39864833056767,0.235014302102916,-5.95133282550259,2.65967599691252e-09,3.01873225649571e-08,-1.32675774683348,0.234350265377143,"TMEM256"
"ENSG00000158615",822.450230142485,-0.699451020730303,0.117545282159989,-5.95048144746713,2.67354877662424e-09,3.03186418544658e-08,-0.673865345925156,0.117156034073345,"PPP1R15B"
"ENSG00000131165",591.579328460402,0.646412844307369,0.10864665428059,5.94968016813431,2.68666957892195e-09,3.04412148675443e-08,0.625372747056127,0.109730319535964,"CHMP1A"
"ENSG00000100284",987.813426695116,0.813862239228041,0.136794731275883,5.9495145144638,2.68938993904457e-09,3.04458365756327e-08,0.782788732593159,0.139233601579069,"TOM1"
"ENSG00000180228",273.568056585657,-0.686190784498843,0.115348798112607,-5.94883341418922,2.70060316513578e-09,3.05465131204276e-08,-0.659497416511521,0.114928666324985,"PRKRA"
"ENSG00000078902",2025.18710120722,0.720230890199469,0.121144821035756,5.94520577967498,2.76109770266405e-09,3.11771975585548e-08,0.698624498073124,0.122641022067722,"TOLLIP"
"ENSG00000189376",28.5180361613895,-1.38900422972875,0.233631300740658,-5.94528312484385,2.75979423058747e-09,3.11771975585548e-08,-1.31824572442762,0.233642818052849,"C8orf76"
"ENSG00000148335",291.815452801911,0.717108101630975,0.120632020331227,5.94459165702413,2.77146860491734e-09,3.12674855632748e-08,0.691608022704145,0.122083704694159,"NTMT1"
"ENSG00000137478",393.215490869116,-0.490529730063038,0.082525478958443,-5.94397919592872,2.78184922432296e-09,3.13577284995171e-08,-0.484012922034275,0.0822814707658724,"FCHSD2"
"ENSG00000124201",562.402902788329,0.729101379373325,0.122767944393563,5.93885792398713,2.87014458359161e-09,3.2325340964557e-08,0.703847551171036,0.12433742580376,"ZNFX1"
"ENSG00000076685",569.499343784981,-0.421973890683537,0.0710780691789481,-5.93676636911962,2.90698449953974e-09,3.27122717272993e-08,-0.411981372777668,0.0706653417061829,"NT5C2"
"ENSG00000066827",68.3151309365259,0.868180932724357,0.146260561543581,5.93585122032823,2.92324804311742e-09,3.28671936256908e-08,0.584333705186236,0.139467817421471,"ZFAT"
"ENSG00000118689",487.535303895653,-0.815412506243467,0.137439213488739,-5.93289560923077,2.97638105651461e-09,3.3409966240163e-08,-0.781734950653032,0.137119032199367,"FOXO3"
"ENSG00000176994",91.7654356328123,1.59817346456086,0.269375494434086,5.93288364228661,2.9765980859571e-09,3.3409966240163e-08,1.50869194207583,0.282314157830353,"SMCR8"
"ENSG00000134294",2379.61734395435,-1.46730749610999,0.247410923440591,-5.93064960796821,3.01738506985068e-09,3.38389197867582e-08,-1.3851051449253,0.246044012286768,"SLC38A2"
"ENSG00000244474",2028.86091508452,1.43317731609559,0.241684531037985,5.92995054313318,3.03025938045651e-09,3.39543787260344e-08,1.37357137568854,0.251634132232741,"UGT1A4"
"ENSG00000225921",388.226078355224,-0.425805480204042,0.0718097228360795,-5.92963547813755,3.03607923765438e-09,3.39906626215625e-08,-0.416159374600522,0.0714431731959857,"NOL7"
"ENSG00000092330",407.039182108548,0.355471819657271,0.05997591768785,5.9269092222541,3.08689505777955e-09,3.45302126854083e-08,0.347473151313527,0.0598138065864171,"TINF2"
"ENSG00000137936",256.786657740685,0.652730117854263,0.1102774841206,5.91897904689623,3.23946228364007e-09,3.62060784604459e-08,0.630065138901038,0.111367909941382,"BCAR3"
"ENSG00000168528",1722.27540227254,1.02417958871026,0.173058875238287,5.91809918618768,3.25683552683331e-09,3.63693779018552e-08,0.977848937557473,0.178020174710411,"SERINC2"
"ENSG00000185608",737.013024871089,-0.561800138345086,0.0949832150067697,-5.91473070589415,3.32419000185124e-09,3.70900725121809e-08,-0.544141279849213,0.0945573145418952,"MRPL40"
"ENSG00000185267",71.774509085215,-0.848214793790415,0.143412875242523,-5.91449541999639,3.32894500235724e-09,3.71116764615033e-08,-0.81238087291148,0.143445411912894,"CDNF"
"ENSG00000141551",911.043640884717,0.658773367421291,0.111386711447671,5.91429048276358,3.3330920680575e-09,3.71264722233883e-08,0.634123706938968,0.112470610389137,"CSNK1D"
"ENSG00000140836",227.824558673844,-0.735132438648913,0.124304847344424,-5.91394828402795,3.34002794153006e-09,3.7172280539463e-08,-0.710469211028696,0.124147039541639,"ZFHX3"
"ENSG00000114650",1721.95442515722,0.715871995084691,0.121060246235368,5.9133532050883,3.35212280929152e-09,3.72753791445373e-08,0.694230007073716,0.122308920597857,"SCAP"
"ENSG00000188636",179.491219127549,0.940797481293036,0.159111999117908,5.9128003325247,3.36339804432161e-09,3.73691971742939e-08,0.898964808622588,0.162663544906418,"RTL6"
"ENSG00000107175",352.516636411698,0.568927864778792,0.09623735524334,5.91171550111944,3.3856294042138e-09,3.75844829138945e-08,0.555893549309089,0.0966188169300366,"CREB3"
"ENSG00000156411",1085.76240554751,-0.824040133979765,0.139423854579321,-5.91032385717719,3.41435780305043e-09,3.78714699536327e-08,-0.791286659018391,0.139241483786076,"ATP5MJ"
"ENSG00000140632",1158.60933034122,0.434875739431359,0.073605496530696,5.90819653325756,3.45873242227451e-09,3.83097636729421e-08,0.425126439475841,0.0736370357911876,"GLYR1"
"ENSG00000165714",72.8904155474448,0.61452483805237,0.104013058874239,5.90815081013418,3.45969231407627e-09,3.83097636729421e-08,0.594138946279553,0.104446471206292,"BORCS5"
"ENSG00000090674",197.784323627734,0.77657476290763,0.131452909143834,5.90762705797489,3.47070626085022e-09,3.83994274204656e-08,0.743374085737803,0.13340150527542,"MCOLN1"
"ENSG00000197081",2109.19133081287,0.808624359946714,0.136931600902439,5.90531589945289,3.51971645327374e-09,3.89089729838808e-08,0.777156642428844,0.139351111350789,"IGF2R"
"ENSG00000106591",950.59146647048,-0.495038162893094,0.0838506578055019,-5.90380774401763,3.55206082025154e-09,3.92335845297247e-08,-0.48753355506853,0.0833762567141077,"MRPL32"
"ENSG00000171223",141.596082578963,-1.55303479842519,0.263104170321603,-5.90273729423159,3.57519339540095e-09,3.94559901457242e-08,-1.47011121239056,0.262062447011015,"JUNB"
"ENSG00000183530",422.470337844653,0.590660441316645,0.100089430702618,5.90132681513187,3.60589808920019e-09,3.97615194660048e-08,0.572357467421701,0.100684470493034,"PRR14L"
"ENSG00000180035",85.7970261476287,0.920912960129499,0.156089409099616,5.89990676139836,3.63707048010488e-09,4.00716903272475e-08,0.878620500254398,0.158791762682308,"ZNF48"
"ENSG00000182473",1218.26040511549,0.503602332191197,0.0853802731471256,5.89834529251739,3.67164997750318e-09,4.04188491670626e-08,0.491603633718948,0.0856393899609585,"EXOC7"
"ENSG00000148090",320.043627450983,-0.506840070812049,0.0859312641073553,-5.89820336145463,3.67480893062348e-09,4.04198282210433e-08,-0.49300038809982,0.0855073660018444,"AUH"
"ENSG00000139737",72.05663021045,-0.802914124874343,0.136170124265184,-5.89640443678167,3.71507750940906e-09,4.08286398070782e-08,-0.768315948127697,0.136162463320372,"SLAIN1"
"ENSG00000109111",1303.72029991747,0.660003670915924,0.111965426306774,5.89470957854063,3.75340936975353e-09,4.12155027207465e-08,0.631667298159373,0.113209693024105,"SUPT6H"
"ENSG00000058056",233.5845177327,-0.558020429324065,0.0946769365906714,-5.89394259487529,3.77088217224238e-09,4.13728622331193e-08,-0.535907353643482,0.0941755597015095,"USP13"
"ENSG00000110723",273.891010260149,-1.09642128819826,0.186057406743505,-5.89291932736525,3.79431675103249e-09,4.1595315856864e-08,-1.04421421991262,0.185830588899596,"EXPH5"
"ENSG00000175938",343.234049541373,-0.886798317832119,0.150490364455224,-5.89272489997836,3.79878547002139e-09,4.16096584844439e-08,-0.847447589165864,0.150206072420623,"ORAI3"
"ENSG00000011132",114.129139213796,1.12708316960535,0.191297193065254,5.89179146617632,3.82031094740504e-09,4.17886404172381e-08,1.06953740853095,0.197150989828194,"APBA3"
"ENSG00000146540",316.337864291837,1.0776292038867,0.182905047809149,5.89174118918329,3.8214737249244e-09,4.17886404172381e-08,1.02583039279837,0.188448329860454,"CHLSN"
"ENSG00000144401",129.715057336813,-0.575304275834214,0.0976560392391034,-5.89112849872628,3.83567138711513e-09,4.19090867076828e-08,-0.557096216183476,0.0973922930126488,"METTL21A"
"ENSG00000105483",412.502227645901,-0.754382344673535,0.128088201512937,-5.88955372753314,3.87239899530897e-09,4.22752945043432e-08,-0.714677920099974,0.127323507832889,"CARD8"
"ENSG00000128908",361.621474188671,0.424676363119772,0.0721361818160643,5.88714778670471,3.92917344018128e-09,4.28595671196576e-08,0.41566384232105,0.0720588003061238,"INO80"
"ENSG00000104524",134.783684865279,0.999596569619972,0.169834097344108,5.88572368712654,3.96315962878104e-09,4.31945030401748e-08,0.953114814799996,0.174215418467495,"PYCR3"
"ENSG00000196700",474.439905401753,1.01573593043897,0.172648585394395,5.88325660542565,4.02271502009688e-09,4.38073332957779e-08,0.967964454344116,0.177579937062129,"ZNF512B"
"ENSG00000243927",440.253275768496,-0.94790045260481,0.161147199867685,-5.88220244213436,4.04842733558097e-09,4.40509043803794e-08,-0.904925265384184,0.160868040357087,"MRPS6"
"ENSG00000074755",668.545531114474,0.604072789754969,0.102772407745645,5.87777208888608,4.15824881597229e-09,4.52085085971025e-08,0.585109127126848,0.10348443526649,"ZZEF1"
"ENSG00000009780",135.505799931019,-0.6908180555492,0.117559724742054,-5.87631569455419,4.19497972988111e-09,4.5570217098692e-08,-0.665142195869113,0.117203378357077,"FAM76A"
"ENSG00000130203",47872.6020722056,1.08021156723121,0.183857042313735,5.87527980237998,4.2212973702887e-09,4.58183027017486e-08,1.02824097353999,0.189816531762987,"APOE"
"ENSG00000183258",557.004087798494,0.518781617744002,0.0883131619463045,5.8743408831792,4.24529011742151e-09,4.60407658039305e-08,0.505089560745472,0.0886390105143916,"DDX41"
"ENSG00000165802",423.99848225596,1.17002729942594,0.199307066822955,5.8704757341358,4.34546383951326e-09,4.70883760584622e-08,1.11130747258227,0.20635141762685,"NSMF"
"ENSG00000181135",54.1624035321489,1.10525277367535,0.188316875350877,5.86911168537611,4.38136233142959e-09,4.74383359009884e-08,1.05118742940989,0.192573925331352,"ZNF707"
"ENSG00000175482",128.241391660707,0.986177411385734,0.168082051202662,5.86723808002956,4.4311419540159e-09,4.79378923307916e-08,0.940399014457949,0.171999013840742,"POLD4"
"ENSG00000126903",72.6100081450307,0.819073993779309,0.139691924174894,5.86343125142889,4.53398620703085e-09,4.90102318569526e-08,0.784227201683366,0.141168928524953,"SLC10A3"
"ENSG00000129910",42.5642184826962,3.43861469077998,0.586898394958622,5.85896080193303,4.65772610780088e-09,5.03064987164121e-08,3.22317364554394,0.635046551215861,"CDH15"
"ENSG00000114315",239.822748872265,-1.04932736808987,0.179118047374546,-5.85830062057159,4.6762758796994e-09,5.0465449370592e-08,-0.998187882134994,0.178799624763431,"HES1"
"ENSG00000188785",111.578953494234,-0.672796667109136,0.114854534392991,-5.85781545904897,4.68995375252639e-09,5.05716061472256e-08,-0.647855926619255,0.114541351632919,"ZNF548"
"ENSG00000118960",369.335527217372,0.67103094597408,0.114569416995054,5.85698141418531,4.7135585303667e-09,5.07845430530344e-08,0.646673629811446,0.11588299512578,"HS1BP3"
"ENSG00000100344",641.73506705966,1.2160511144947,0.207692338746754,5.85506004618432,4.76837702564309e-09,5.13331577429411e-08,1.15391580455791,0.215585469953523,"PNPLA3"
"ENSG00000140598",239.682491544792,0.619711706649299,0.10587191718366,5.85340969668344,4.81595797128414e-09,5.180302504079e-08,0.600753860537983,0.106729598950091,"EFL1"
"ENSG00000158411",184.881982159134,-0.740522768057759,0.1266211162354,-5.84833549153889,4.96516353407354e-09,5.33643617058059e-08,-0.708409142937054,0.126199646396286,"MITD1"
"ENSG00000164199",431.955442254603,-0.958300832579928,0.163954470935007,-5.84492040451772,5.0681053982058e-09,5.43451072011297e-08,-0.914015398479336,0.16371206125278,"ADGRV1"
"ENSG00000188157",423.925177404183,1.49958926197251,0.256563818256202,5.84489766392171,5.06879778543121e-09,5.43451072011297e-08,1.4176096010104,0.269238388889472,"AGRN"
"ENSG00000259431",46.5039244821776,1.13392768314871,0.193995587338212,5.84512100871559,5.06200154934835e-09,5.43451072011297e-08,1.0753525831832,0.19915461159697,"THTPA"
"ENSG00000144040",1979.69608868689,0.696526052161064,0.119187192299635,5.84396728140054,5.09720436383069e-09,5.45608070359308e-08,0.67036059125259,0.120730361686831,"SFXN5"
"ENSG00000152234",8778.21511947735,0.535489593063547,0.0916293872000078,5.8440813523579,5.09371321869023e-09,5.45608070359308e-08,0.523292714161412,0.0919643550491096,"ATP5F1A"
"ENSG00000168785",15.8116576684402,-1.68257771073079,0.2880566175968,-5.84113541555895,5.18462385150084e-09,5.54514684231195e-08,-1.58972199304665,0.287598126810074,"TSPAN5"
"ENSG00000048707",1104.38930166602,0.637101606933637,0.10907717413757,5.8408334463278,5.19403123536571e-09,5.55069928935268e-08,0.613052904561703,0.110185559521243,"VPS13D"
"ENSG00000131446",2406.55681488205,0.604083066738165,0.103429049723686,5.84055512790647,5.2027165210495e-09,5.55547167203063e-08,0.591253317523703,0.104016068867598,"MGAT1"
"ENSG00000150403",273.238335914308,0.777183524249951,0.133086239694706,5.83969857464436,5.22953512702682e-09,5.57951981202746e-08,0.746595213733893,0.135149128926567,"SLC9D1"
"ENSG00000170606",1136.31969990894,0.546715035814502,0.0936225536986786,5.83956551296484,5.23371332815883e-09,5.57951981202746e-08,0.531748605639206,0.094106791117573,"HSPA4"
"ENSG00000138363",706.378858307235,0.463022425135668,0.0793068419262238,5.83836670190953,5.27150331399185e-09,5.6152599216842e-08,0.453500357256166,0.079368649673621,"ATIC"
"ENSG00000198752",1002.08748069073,0.780827309395581,0.133820749488557,5.83487472891751,5.38309956991688e-09,5.72949789309018e-08,0.749076265600919,0.136127638379503,"CDC42BPB"
"ENSG00000136830",482.629562983285,1.10626958591138,0.189630173873904,5.83382677614907,5.41703603698568e-09,5.76096094208024e-08,1.05372263319211,0.195786813777415,"NIBAN2"
"ENSG00000178573",982.671960689604,-0.830868235351992,0.142448429394329,-5.83276515497382,5.45162733938518e-09,5.79306905168243e-08,-0.794826086217629,0.142082922730016,"MAF"
"ENSG00000178445",3504.18461696737,0.918807723696236,0.157537788470234,5.83230050782287,5.46683467914235e-09,5.80454398270872e-08,0.883349404203161,0.161051465835844,"GLDC"
"ENSG00000103978",431.830159457338,-0.47364845390402,0.0812179943821753,-5.83181667445818,5.4827138204682e-09,5.81671314748464e-08,-0.459479032946342,0.0807519801471865,"TMEM87A"
"ENSG00000124120",2027.02160789523,0.944330157529387,0.162011155640779,5.82879712075639,5.58283255207066e-09,5.91816210793577e-08,0.902439136855631,0.16616356398157,"TTPAL"
"ENSG00000178297",116.024715600437,1.84350476143777,0.316360605609274,5.8272260475902,5.63562548275563e-09,5.96931979935322e-08,1.73648966317918,0.333884317447097,"TMPRSS9"
"ENSG00000164051",200.412444127147,0.561390913916724,0.0963749183565378,5.82507278335495,5.7087714709741e-09,6.04193610826728e-08,0.546751735142864,0.0967791952402069,"CCDC51"
"ENSG00000148300",281.432945839262,0.587620707828676,0.100884825090956,5.82466894598757,5.72259222496719e-09,6.05169873364803e-08,0.571077080591436,0.101429052374652,"REXO4"
"ENSG00000157637",1705.10691526234,1.03464808547723,0.177672296860547,5.82335065037915,5.7679359364174e-09,6.09475477840061e-08,0.989210717938251,0.182836978977304,"SLC38A10"
"ENSG00000130234",187.671421989057,1.43773693787226,0.246915660356807,5.82278554464569,5.78747999754359e-09,6.11050213694137e-08,1.35901318812403,0.258256251680278,"ACE2"
"ENSG00000125354",600.716084035551,0.653651018820884,0.112355186748366,5.8177200157641,5.9655714099011e-09,6.2934866332338e-08,0.630950525493247,0.11350101785972,"SEPTIN6"
"ENSG00000169508",28.9482569816762,-1.39315929400696,0.239549946774863,-5.8157361868099,6.0367609400359e-09,6.36349035520517e-08,-1.31813008446424,0.239426494181509,"GPR183"
"ENSG00000100280",945.425199882745,0.786860447928962,0.135313137741736,5.81510754285216,6.05949169983095e-09,6.38234141759795e-08,0.754711945400125,0.137691162554284,"AP1B1"
"ENSG00000204947",30.940593733699,1.1177080306533,0.192223585761664,5.81462480904468,6.07700307326456e-09,6.39566926159881e-08,1.06139830033836,0.195313784717519,"ZNF425"
"ENSG00000196531",5991.97376054925,-0.44394529532383,0.0763901225024363,-5.81155365092746,6.18956898148944e-09,6.50893492094967e-08,-0.430669095460205,0.0758887354887349,"NACA"
"ENSG00000244038",1733.42864144179,0.659211243402609,0.113444649308874,5.81086236696616,6.21518457475781e-09,6.5306560344183e-08,0.63499779195528,0.114776034168858,"DDOST"
"ENSG00000005471",4769.7337772504,1.05588564961468,0.181774546237205,5.80876515151254,6.29352964277557e-09,6.60360664775908e-08,1.00751246589329,0.187358081122388,"ABCB4"
"ENSG00000114353",2476.66411399577,0.600050026327153,0.103301316053878,5.8087355442228,6.29464252083978e-09,6.60360664775908e-08,0.588926659742607,0.103885914978264,"GNAI2"
"ENSG00000182107",313.249587217888,-0.730084063455064,0.1257109772354,-5.80763971063516,6.33596760603963e-09,6.64166795391065e-08,-0.70146834175522,0.125379703336611,"CDC50B"
"ENSG00000180423",41.6659059596256,0.937329334226096,0.161424149094282,5.80662397469809,6.37450770315568e-09,6.67675166425995e-08,0.893393148790784,0.164166322702841,"HARBI1"
"ENSG00000130559",192.396787994182,0.464900429076866,0.0800942688200322,5.8044156707576,6.4590858309605e-09,6.75996216617058e-08,0.453130974470152,0.0801312598711768,"CAMSAP1"
"ENSG00000177380",49.9897899136466,1.26341544174158,0.217677761435953,5.8040630030703,6.4726937030094e-09,6.76744146560519e-08,1.19675957518474,0.224229550159405,"PPFIA3"
"ENSG00000180190",202.954516068002,-0.896383918713895,0.154443393033245,-5.80396416518084,6.47651241581539e-09,6.76744146560519e-08,-0.849320262971502,0.153913533086141,"TDRP"
"ENSG00000164182",131.508378697233,-0.570171144835908,0.0982420839157343,-5.80373626158993,6.48532608047185e-09,6.77127701629598e-08,-0.551553186139703,0.097940389269708,"NDUFAF2"
"ENSG00000119953",202.526132766569,-0.921589795878632,0.158845832732522,-5.80178768322165,6.56116081780375e-09,6.84502720500825e-08,-0.879307825554357,0.158639699995215,"SMNDC1"
"ENSG00000149527",60.0742815816938,3.40852328495798,0.587645399711061,5.80030625039168,6.61939160837015e-09,6.90030957369766e-08,3.18765841815118,0.643380054769897,"PLCH2"
"ENSG00000115866",743.55817326936,-0.633925160707863,0.109356197682428,-5.79688370794302,6.75585033798519e-09,7.03142494465715e-08,-0.611020941086676,0.108889388167588,"DARS1"
"ENSG00000135829",1325.34572316457,0.61167313688417,0.105517252030237,5.79690169252027,6.75512618218187e-09,7.03142494465715e-08,0.588092913478059,0.106431680785889,"DHX9"
"ENSG00000136870",353.51286670154,-0.552656749168049,0.0953788658866325,-5.794331312609,6.85939286204741e-09,7.13355185005657e-08,-0.535121997949285,0.0949440979264938,"ZNF189"
"ENSG00000110108",653.786207214533,0.545891688316134,0.0942461221595032,5.79219256779882,6.94734192845596e-09,7.21931364088802e-08,0.528374941457145,0.0947291023751328,"TMEM109"
"ENSG00000114554",146.963904347186,1.0146914382941,0.175203923487983,5.79148810194135,6.97655021669076e-09,7.23823957076048e-08,0.966149618004407,0.179693033528818,"PLXNA1"
"ENSG00000173221",1170.69479981586,-0.726692662638286,0.125475143556739,-5.79152684778304,6.97494065285875e-09,7.23823957076048e-08,-0.697978708031485,0.125077239078753,"GLRX"
"ENSG00000165916",1590.10940106937,0.493937688108436,0.0852949878366069,5.79093450431853,6.99958703085909e-09,7.25642227151896e-08,0.480465558680686,0.085534519114318,"PSMC3"
"ENSG00000179832",174.820115041929,1.29806291889972,0.224164333013907,5.79067553453829,7.01038890106119e-09,7.26190246037542e-08,1.22856509129426,0.233330316951968,"MROH1"
"ENSG00000141293",502.465876489515,-0.943644097338623,0.16297554073854,-5.79009643448586,7.03460239309311e-09,7.28125590467483e-08,-0.899550929948767,0.162718203251946,"SKAP1"
"ENSG00000162736",1232.46087245227,0.474841434909689,0.0820215541497565,5.78922747602068,7.0710881797624e-09,7.31327156125308e-08,0.457366833883262,0.0823481115820514,"NCSTN"
"ENSG00000131174",2382.45390069479,-0.755642621654229,0.130535871575155,-5.7887737105212,7.09021393930262e-09,7.32530414137243e-08,-0.724214656667846,0.130105681906819,"COX7B"
"ENSG00000165152",87.4805048093288,1.32989033794456,0.229739525480743,5.78868758069248,7.0938499014506e-09,7.32530414137243e-08,1.25187888283854,0.238713513535078,"PGAP4"
"ENSG00000124380",120.011948405557,-0.804272142073804,0.138955873536031,-5.78796794699908,7.12430011719165e-09,7.35098239364775e-08,-0.768563068515558,0.13872695008317,"SNRNP27"
"ENSG00000198356",405.672718087539,0.704363684828659,0.121705344934713,5.7874507089767,7.14626473978178e-09,7.36787169647352e-08,0.677073896980834,0.123296313047277,"GET3"
"ENSG00000116251",3287.30058200615,-0.540363889677674,0.0933927510101746,-5.78592967690613,7.21123794903191e-09,7.42904216251597e-08,-0.522059591487332,0.0928964405116823,"RPL22"
"ENSG00000110057",175.505405187564,1.03009902668654,0.178047330606122,5.78553479672959,7.228199567029e-09,7.44005323727356e-08,0.979753166852414,0.1831906604466,"UNC93B1"
"ENSG00000164897",424.975273246565,1.23049419816205,0.212688904967055,5.78541790110141,7.23322812069737e-09,7.44005323727356e-08,1.16664767483342,0.221086250666666,"TMUB1"
"ENSG00000119599",116.848831158832,0.623251108101718,0.107749264873153,5.7842724851574,7.28268133938418e-09,7.48507279581047e-08,0.601549732156408,0.108232731542098,"DCAF4"
"ENSG00000197756",6577.69504003354,-0.85909639946092,0.148544436539606,-5.78343032882192,7.31925093900764e-09,7.51679078494342e-08,-0.814128318877055,0.147761934098972,"RPL37A"
"ENSG00000093009",16.0222935180474,2.56159543482355,0.443259882202442,5.77899227445456,7.5149376780261e-09,7.71174352836255e-08,2.40724157388623,0.458224915384722,"CDC45"
"ENSG00000149346",154.716103268866,-0.721618870403475,0.124932417799132,-5.77607384148847,7.64638269919516e-09,7.84051983003142e-08,-0.687026980854528,0.124449547358276,"SLX4IP"
"ENSG00000144231",186.036906557748,0.66456074775345,0.115094759258982,5.774031346276,7.73970285161667e-09,7.92386685415125e-08,0.639868107427392,0.116150144619506,"POLR2D"
"ENSG00000171204",359.458091286278,-0.784761097168221,0.135911134658836,-5.77407509059598,7.73769264864337e-09,7.92386685415125e-08,-0.736546334058766,0.134848368904031,"TMEM126B"
"ENSG00000116771",1992.38528131782,0.656338834432894,0.113675024774311,5.77381738632544,7.74954237057668e-09,7.9277758236995e-08,0.639358349689377,0.114662301412674,"AGMAT"
"ENSG00000105341",362.750057339036,0.511308843682288,0.0885696444370514,5.77295807081723,7.78918295368839e-09,7.96214151927494e-08,0.502819353667082,0.0887249497386664,"DMAC2"
"ENSG00000173113",845.36792202117,-0.717300971103227,0.124270658758189,-5.77208633374175,7.82959798590557e-09,7.99724492493659e-08,-0.684716776398051,0.123683764536328,"TRMT112"
"ENSG00000138286",341.5109006094,-0.569037170652401,0.098591608298793,-5.77165927680041,7.84947132256966e-09,8.01132863821335e-08,-0.55011516347909,0.098169954383705,"FAM149B1"
"ENSG00000113645",396.376194852013,0.821530760601445,0.142356900543271,5.77092334453944,7.88383349483428e-09,8.04016667645144e-08,0.786135487380333,0.145041805303291,"WWC1"
"ENSG00000130208",38478.1875154211,-1.05410124881136,0.182671808644457,-5.77046483873718,7.90531596550882e-09,8.04960479519638e-08,-1.00163411131837,0.182313107300005,"APOC1"
"ENSG00000166391",3216.2028624407,0.780598786167727,0.135274686097119,5.77047198326008,7.90498078551632e-09,8.04960479519638e-08,0.755046964036961,0.13738627114625,"MOGAT2"
"ENSG00000170917",310.578486884606,-0.54124691855435,0.0938452649838881,-5.76743982391945,8.04848088968379e-09,8.1890494121775e-08,-0.523590162022263,0.0933881650285152,"NUDT6"
"ENSG00000105939",709.117981111548,0.50922433981193,0.0883011003849519,5.76690819924041,8.07390020409964e-09,8.20856911870084e-08,0.494326073321514,0.0883850210436247,"ZC3HAV1"
"ENSG00000114316",513.246623124324,0.439549644870498,0.0762265438516592,5.76635936329324,8.10022434971337e-09,8.22263329131274e-08,0.436509774184724,0.0760884792703413,"USP4"
"ENSG00000164292",683.185921526179,-1.02994626618015,0.178612529825397,-5.76637186196832,8.09962394080342e-09,8.22263329131274e-08,-0.977820263131671,0.17829096766987,"RHOBTB3"
"ENSG00000135148",327.107628558037,0.422939437492074,0.0733604247570398,5.76522612693145,8.15484274827897e-09,8.27169950877049e-08,0.409285132291621,0.073352777450039,"TRAFD1"
"ENSG00000187045",5606.48975159621,0.865886747050604,0.150202713587436,5.76478764177956,8.17607228015406e-09,8.28684893306454e-08,0.829630348650294,0.153452735169346,"TMPRSS6"
"ENSG00000260916",285.83520386178,-1.22700861626889,0.212883739680002,-5.76374982003453,8.22653339165128e-09,8.33157989496006e-08,-1.163823792415,0.212768173615588,"CCPG1"
"ENSG00000124688",254.631720011191,0.499183096985329,0.0866129917260616,5.76337437418324,8.24486285212674e-09,8.34372515842434e-08,0.48543245264418,0.0867519653912006,"MAD2L1BP"
"ENSG00000182247",196.143315862832,-0.533110496460801,0.0925095229769214,-5.76276343564973,8.27477409600587e-09,8.3675634215064e-08,-0.516799095195414,0.0921073257554089,"UBE2E2"
"ENSG00000169026",95.0041932177635,1.74173410961695,0.302292676384677,5.76174762302391,8.32474147562733e-09,8.41163056547271e-08,1.63594592523793,0.319522473682912,"SLC49A3"
"ENSG00000135624",1891.94988332621,0.437746404254257,0.075981877502751,5.76119488806273,8.35205338131825e-09,8.43275573761013e-08,0.427349805532758,0.0760303089480381,"CCT7"
"ENSG00000177646",716.899904323845,0.389131123303458,0.0675634943165902,5.75948783051482,8.43695415958202e-09,8.51194930766719e-08,0.38100358290104,0.0675220500756981,"ACAD9"
"ENSG00000110921",1090.46140399327,1.28100284243981,0.222500602854003,5.75730054664328,8.54696617734436e-09,8.61633665320948e-08,1.21920270503556,0.231479818787167,"MVK"
"ENSG00000162385",342.751748100139,-0.492063253358144,0.0854735761845802,-5.75690494446534,8.56701183408048e-09,8.62993709315253e-08,-0.477058833958719,0.0850530172405356,"MAGOH"
"ENSG00000111199",238.281215159372,1.19820139835144,0.208164247037401,5.75603839470166,8.61108083937827e-09,8.66769803755767e-08,1.13481195941713,0.216149904989306,"TRPV4"
"ENSG00000131323",265.713084484894,0.54293972670042,0.0943469596761462,5.75471354417891,8.67888341609853e-09,8.72927265518359e-08,0.526092596108362,0.0946513754708734,"TRAF3"
"ENSG00000136828",108.089332273647,1.16450886787244,0.202374020680762,5.75424090481167,8.70319731361633e-09,8.74704548328798e-08,1.10184213657693,0.20900305451255,"RALGPS1"
"ENSG00000113851",684.345594975951,-0.695044104682883,0.120844306901701,-5.75156680941746,8.84201254876977e-09,8.87978163364628e-08,-0.660813255586201,0.120152106196292,"CRBN"
"ENSG00000186468",5962.69260989269,-0.652643126231333,0.113494867581846,-5.75041973383232,8.90221602959627e-09,8.93342806750492e-08,-0.606291090594585,0.112124636853449,"RPS23"
"ENSG00000124406",87.7747554276352,-1.18000659884437,0.205223334374799,-5.74986563998285,8.93143982333079e-09,8.94911238310298e-08,-1.11876495567476,0.205084734834272,"ATP8A1"
"ENSG00000125746",165.745008807204,0.631162827797065,0.109769679975623,5.7498831001168,8.93051752653918e-09,8.94911238310298e-08,0.608144497355117,0.110657551926164,"EML2"
"ENSG00000197961",270.965288827625,-0.720798503085816,0.125363332946326,-5.74967565192628,8.9414815514512e-09,8.95236092063928e-08,-0.682659150539115,0.124579746329139,"ZNF121"
"ENSG00000198208",41.4838987655993,1.66870182025652,0.290244570087967,5.74929556735814,8.96160369315806e-09,8.96568953070813e-08,1.57160293099913,0.302195422090504,"RPS6KL1"
"ENSG00000136521",1263.74484310356,-0.644880129040529,0.112248930034028,-5.7450893192927,9.18724772127072e-09,9.18445736509114e-08,-0.622184433954594,0.111984979480734,"NDUFB5"
"ENSG00000086848",95.1489843765119,-0.676217205882372,0.117714768510306,-5.74454008141865,9.21711618713787e-09,9.2073256236614e-08,-0.649240356119927,0.117376848059851,"ALG9"
"ENSG00000154723",3066.15744020312,-0.601146394240042,0.104665462605703,-5.74350295956449,9.27377421759244e-09,9.255488027801e-08,-0.569171407425729,0.103807193407399,"ATP5PF"
"ENSG00000172301",526.217049848566,-0.732648041413602,0.12756346007529,-5.74340050811714,9.27938948556685e-09,9.255488027801e-08,-0.69287802712823,0.126756096488807,"COPRS"
"ENSG00000139865",81.9451012998755,-1.28571305133524,0.22390252156737,-5.74228928881614,9.34050710821178e-09,9.30939565380138e-08,-1.21529474574379,0.223581672481882,"TTC6"
"ENSG00000165030",314.6932973311,-1.26951918607105,0.221093730258177,-5.74199541790987,9.35673547088701e-09,9.31851582524193e-08,-1.20202989179093,0.220524583787713,"NFIL3"
"ENSG00000145354",663.132282125615,-0.673557518847104,0.117323037101381,-5.74105082418786,9.40908439734948e-09,9.36356804047643e-08,-0.642826303081075,0.116797201352599,"CISD2"
"ENSG00000128849",2562.92148620425,0.619064510873462,0.107840385560331,5.74056284810971,9.43623921134875e-09,9.38349890155722e-08,0.598584452602751,0.108671185926892,"CGNL1"
"ENSG00000009335",1014.26643090292,0.479730850913533,0.083587455604862,5.73926849958607,9.50863645596901e-09,9.44835528900287e-08,0.474250759630782,0.0838218750888474,"UBE3C"
"ENSG00000086589",456.193514522165,-0.453619267682128,0.079093564143449,-5.73522349883507,9.73838424811969e-09,9.6693489450033e-08,-0.440426261988468,0.0786989025342336,"RBM22"
"ENSG00000091009",158.4271092462,-1.24954209696763,0.217895184501093,-5.73460170691087,9.77417587383595e-09,9.6975734404615e-08,-1.18293900112432,0.217534866030437,"RBM27"
"ENSG00000163468",2343.57216943016,0.441664456787698,0.07703390387532,5.73337757232888,9.8450136210775e-09,9.76050070294475e-08,0.437501544058602,0.0769567565057518,"CCT3"
"ENSG00000108439",1704.6234584443,0.523070567344436,0.0912808821955099,5.7303408420626,1.00229032159986e-08,9.92938628606749e-08,0.50531700133783,0.0916977939231179,"PNPO"
"ENSG00000150990",124.59433563745,0.857827467057935,0.149750576959366,5.72837503851957,1.01397203195528e-08,1.00375607313708e-07,0.818765430599491,0.152687642873323,"DHX37"
"ENSG00000186115",7614.40616145483,0.66016068320468,0.115278225376565,5.7266728477838,1.02419405035983e-08,1.01311336341379e-07,0.643759128733707,0.116263841314183,"CYP4F2"
"ENSG00000166333",976.470245057569,0.565273111830964,0.0987142946004661,5.72635517600402,1.02611279587031e-08,1.0136964450263e-07,0.548469351398051,0.099366922671115,"ILK"
"ENSG00000166579",608.561840329468,0.586603707210446,0.102439904111992,5.72632034650426,1.02632337932558e-08,1.0136964450263e-07,0.56787346874553,0.103139211990488,"NDEL1"
"ENSG00000180891",133.802167979326,0.984252042964713,0.172044382646027,5.72091938037737,1.05949164853883e-08,1.04567219225354e-07,0.935858876049705,0.176713781140407,"CUEDC1"
"ENSG00000204444",4786.25892122259,-0.810347406125032,0.141666518898694,-5.7201053038122,1.06458053319633e-08,1.04990766292606e-07,-0.774735151364481,0.141268243350914,"APOM"
"ENSG00000106266",252.451602367068,0.823399692306719,0.143966894280091,5.7193683063328,1.0692080701105e-08,1.05368214454153e-07,0.787197696631851,0.146673798639183,"SNX8"
"ENSG00000172780",11.0962164765036,3.13316618576507,0.547974796613355,5.71771951032958,1.07963160368006e-08,1.06315854106595e-07,2.93744047537576,0.558254934783597,"RAB43"
"ENSG00000131469",4023.53171566319,-0.711914931395601,0.124515403151777,-5.71748485227821,1.08112309452547e-08,1.06383158912723e-07,-0.680011242251977,0.123920864126081,"RPL27"
"ENSG00000123815",286.261115731584,0.796150824705178,0.139287484108972,5.71588201049212,1.09136447298109e-08,1.07310714348537e-07,0.761901345306508,0.141832200021772,"COQ8B"
"ENSG00000147642",434.700416090622,-1.39045387637929,0.243340437492455,-5.71402719049688,1.10333357551764e-08,1.08406640710935e-07,-1.31082360163982,0.242388862205165,"SYBU"
"ENSG00000115840",43.7143878180118,-0.842970773619857,0.147551225046388,-5.71307200841497,1.10954700370439e-08,1.08935837813363e-07,-0.801605830563062,0.147551307314231,"SLC25A12"
"ENSG00000132405",1069.43869903723,0.555924231665237,0.0973704872314082,5.70937095491822,1.13394496410374e-08,1.11248281649701e-07,0.540322821825251,0.0978967096795285,"TBC1D14"
"ENSG00000133216",18.0456889191705,1.91122872379707,0.334822298657744,5.70818828811257,1.14185063820347e-08,1.11940472841302e-07,1.79618855731015,0.345381953532934,"EPHB2"
"ENSG00000243244",21.4662941584971,-1.15164360598414,0.201778001817666,-5.70747849423552,1.14662102971022e-08,1.12324497597952e-07,-1.09133718893335,0.202114547748105,"STON1"
"ENSG00000204310",708.804288306552,0.657028437236492,0.11512036871089,5.70731699866716,1.14770911259926e-08,1.12347495735925e-07,0.632508043052797,0.11637136988104,"AGPAT1"
"ENSG00000146676",321.086419042354,-0.679831171535118,0.119125125147601,-5.70686637846362,1.15075049294224e-08,1.12561522957485e-07,-0.64821633317616,0.118522400764589,"PURB"
"ENSG00000101346",1453.389136602,0.613632259117605,0.107547041318341,5.70571027892108,1.15858924605452e-08,1.13244142639597e-07,0.584484763953595,0.108629483061638,"POFUT1"
"ENSG00000174021",916.729046188674,-0.660533955894748,0.115833667414708,-5.70243497108575,1.18107974817507e-08,1.15356794988672e-07,-0.642080787265334,0.115356398742016,"GNG5"
"ENSG00000118046",394.407286622594,0.8977369358347,0.157441033731053,5.70205183845687,1.18373815126447e-08,1.15530737580044e-07,0.855603132295883,0.161242799634007,"STK11"
"ENSG00000118898",542.132547342021,0.925356614417255,0.162312615816315,5.70107634433332,1.1905329875467e-08,1.16081442581606e-07,0.882272412366144,0.166528805739945,"PPL"
"ENSG00000126457",512.587589756951,0.526229918900706,0.092305024624175,5.70098887946004,1.19114407510064e-08,1.16081442581606e-07,0.50995804324406,0.0926691770016344,"PRMT1"
"ENSG00000240682",86.1824502039142,-0.70078180216726,0.123035482624762,-5.69576992926932,1.2281640436863e-08,1.19600649402173e-07,-0.672052052318804,0.122909915322144,"ISY1"
"ENSG00000197386",1075.37646471853,0.599984062744005,0.105344993780545,5.69542074295331,1.23068046251779e-08,1.19668677765947e-07,0.580359951257644,0.106157956689341,"HTT"
"ENSG00000244754",1080.87023272774,-0.605330371059724,0.106281797913399,-5.69552249721034,1.22994665146157e-08,1.19668677765947e-07,-0.572635070819306,0.105323461561922,"N4BP2L2"
"ENSG00000204574",738.411734914157,0.453058617199829,0.0795501431444125,5.69525835267653,1.23185243758631e-08,1.19694237588644e-07,0.441894831105259,0.0796356335306205,"ABCF1"
"ENSG00000172053",1846.48692586837,0.373159809460814,0.0656130256864289,5.68728244974071,1.29076875378225e-08,1.25326411595111e-07,0.368217396993514,0.0654807896994029,"QARS1"
"ENSG00000182372",406.816324602202,0.653651008837643,0.114942288324277,5.6867756712269,1.29460332926078e-08,1.2560609751693e-07,0.630265820323938,0.116025922754869,"CLN8"
"ENSG00000123737",193.493559006886,-0.480398462926724,0.0845286365336163,-5.68326288731361,1.32148896756941e-08,1.28120204322672e-07,-0.462117459388727,0.0840226848317271,"EXOSC9"
"ENSG00000169223",2623.8809571088,0.678627067927355,0.119410826328937,5.68312847997522,1.32252837687288e-08,1.28126627004477e-07,0.660345684293499,0.120674207411523,"LMAN2"
"ENSG00000205476",521.139095864704,0.77545175103355,0.136455969125524,5.68279831218099,1.32508502932395e-08,1.28279922765288e-07,0.742673542294035,0.138880602962299,"CCDC85C"
"ENSG00000175203",741.038660970458,0.458716302515559,0.0807301778752517,5.68209205762423,1.33057003899773e-08,1.28716275778428e-07,0.469357883178346,0.0803423339405432,"DCTN2"
"ENSG00000137871",502.126989411255,-0.736045771377071,0.129609895706619,-5.67893190071816,1.35538423502003e-08,1.31020476051936e-07,-0.705373505534793,0.129202696033787,"ZNF280D"
"ENSG00000197562",223.622065610563,1.26628556838717,0.223213590113804,5.67297702501699,1.40337057137546e-08,1.35559625405204e-07,1.19581443158391,0.232547121291225,"RAB40C"
"ENSG00000110046",350.263413303305,1.11242293529494,0.196157112082988,5.67108132599498,1.41899013524194e-08,1.36967918772693e-07,1.05447581726121,0.203040192765771,"ATG2A"
"ENSG00000167792",2826.53668746289,0.759635597117936,0.133977757693662,5.66986349222856,1.4291134010944e-08,1.37844007610321e-07,0.72452131517204,0.136270017809995,"NDUFV1"
"ENSG00000011485",567.723320901744,0.45398831459755,0.0800749758204984,5.66954045187902,1.43181043133938e-08,1.38003046405669e-07,0.442159175066498,0.080173447297984,"PPP5C"
"ENSG00000108039",457.505239539264,0.373224606733879,0.0658512578169363,5.66769138672229,1.44734349353283e-08,1.3939813047442e-07,0.367078133615765,0.0656935703951198,"XPNPEP1"
"ENSG00000050393",460.196854341905,-0.489261063648422,0.0863657262551881,-5.66499101973373,1.47032236616343e-08,1.41507779772717e-07,-0.471046424629109,0.0857689783772798,"MCUR1"
"ENSG00000164118",160.463010965833,-0.671283098062496,0.118512390561339,-5.66424400759225,1.47674141843632e-08,1.42021749562693e-07,-0.644338251443699,0.118125952386417,"CEP44"
"ENSG00000187091",206.233370728111,0.678376540123443,0.119784175775977,5.66332352106472,1.48468857587235e-08,1.42681823284199e-07,0.651758943701387,0.12114292816801,"PLCD1"
"ENSG00000198081",291.224559660851,-0.514275272557192,0.0908197524823553,-5.66259275653835,1.49102730721808e-08,1.43186473572817e-07,-0.49687862425147,0.0903441235577726,"ZBTB14"
"ENSG00000127948",4299.05331323393,0.824932674099143,0.14569104178147,5.66220588453547,1.49439371141174e-08,1.43405157466814e-07,0.788553859929512,0.148736076805557,"POR"
"ENSG00000150347",105.795770240393,-0.914897994095898,0.16164324471984,-5.65998285719641,1.51388116747275e-08,1.45169406052049e-07,-0.871221200977839,0.161476917152629,"ARID5B"
"ENSG00000169371",121.173300680861,0.603962234624889,0.106727114795266,5.65893902204203,1.52311656183171e-08,1.45948709265475e-07,0.582531113695482,0.107369610112755,"SNUPN"
"ENSG00000009830",222.187823159814,0.76546858236277,0.135294738765702,5.65778528674626,1.53338797625744e-08,1.46826080693858e-07,0.732595099904412,0.137260983658913,"POMT2"
"ENSG00000065883",539.700143777261,-0.540525313421834,0.0955650634990422,-5.65609746523375,1.54853552707843e-08,1.4816874091217e-07,-0.519328032100317,0.0949795942858897,"CDK13"
"ENSG00000144802",824.567417985291,-0.892996582246204,0.157892036877509,-5.6557417328081,1.55174658307941e-08,1.48368159134521e-07,-0.851557864494206,0.157628405608955,"NFKBIZ"
"ENSG00000123178",226.81547885779,-0.619119229659838,0.109494644079217,-5.65433345956096,1.56452210705096e-08,1.49481118007496e-07,-0.597173092780807,0.109078833661167,"SPRYD7"
"ENSG00000187288",15.1888565511593,3.41326971910732,0.603732826681354,5.65360962376297,1.5711282651526e-08,1.50003442632336e-07,3.18513351088263,0.636702584742463,"CIDEC"
"ENSG00000028528",1809.14630019082,0.334717912273008,0.0592205223463576,5.65205943837128,1.58536745347077e-08,1.51253245597074e-07,0.329989189791712,0.0590757699512392,"SNX1"
"ENSG00000272047",512.484990430729,-0.655523572528441,0.116005745972949,-5.65078537300472,1.59716411705094e-08,1.52268376285972e-07,-0.629881098644114,0.115541439203902,"GTF2H5"
"ENSG00000214530",5558.18011209975,0.72955986797709,0.129122458979926,5.65013920692533,1.60317955505139e-08,1.52731273674433e-07,0.708096384920866,0.130775768966862,"STARD10"
"ENSG00000137996",331.957773106386,-0.440939240224871,0.0780491600987038,-5.64950653751101,1.60909066379066e-08,1.53072887857426e-07,-0.429122663870428,0.0775721657088845,"RTCA"
"ENSG00000174839",165.045632470027,-0.809419706015633,0.143270940754647,-5.64957347074152,1.60846429843827e-08,1.53072887857426e-07,-0.777677756889216,0.142927747531915,"DENND6A"
"ENSG00000180447",25.8758440919074,-1.45399508434497,0.257434300309315,-5.64802391366633,1.6230260492453e-08,1.54287082775189e-07,-1.37068798930741,0.257426274652227,"GAS1"
"ENSG00000049449",1716.03284430736,-0.424707248965878,0.0752063063206456,-5.64722919850789,1.63054386641653e-08,1.5488990292381e-07,-0.414148731302376,0.0747465122837738,"RCN1"
"ENSG00000145022",853.628512545328,0.440992910101852,0.078096913003298,5.64673932864964,1.63519475616492e-08,1.55219712758957e-07,0.430412894245228,0.0781445935773983,"TCTA"
"ENSG00000165338",71.1861627010436,-1.08689688442414,0.192503643257603,-5.64611072305624,1.64118169872033e-08,1.55675779865647e-07,-1.0304336371841,0.192455036782332,"HECTD2"
"ENSG00000175866",800.521288027398,0.823783454778715,0.145913923670268,5.64568091966519,1.64528746506502e-08,1.55952878078085e-07,0.786330731297087,0.14898667784478,"BAIAP2"
"ENSG00000107949",663.938542455642,-0.445488932055871,0.0789317354718309,-5.64397741152995,1.66165884529669e-08,1.57391369476088e-07,-0.43473990495983,0.0785054071304086,"BCCIP"
"ENSG00000119705",540.598879043729,-0.682490928275546,0.120940380439946,-5.64320143357281,1.66916864064764e-08,1.57989031795592e-07,-0.647483707503041,0.120165291833625,"SLIRP"
"ENSG00000069702",418.197006523657,-1.05949685544721,0.187786501224012,-5.64202883882121,1.68057940783937e-08,1.58954802324808e-07,-1.00446217450502,0.187462284315242,"TGFBR3"
"ENSG00000065518",1232.77653472991,-0.409957797078008,0.0727051486762699,-5.63863501474158,1.71403401098146e-08,1.62002668977616e-07,-0.392486929618166,0.0720866135829063,"NDUFB4"
"ENSG00000082196",43.6973168512367,-1.46079413827647,0.259122378287708,-5.63746808720057,1.7256857186919e-08,1.62986930934702e-07,-1.37688795626703,0.258519145563669,"C1QTNF3"
"ENSG00000133027",1685.67139723507,0.924003232238172,0.163938399822838,5.63628309924159,1.73759645945859e-08,1.63994229284816e-07,0.879816622024005,0.168293355762207,"PEMT"
"ENSG00000119321",568.070428950469,0.557027878231285,0.0988350288109524,5.63593581074119,1.74110228217825e-08,1.64207397185952e-07,0.5390049536008,0.0993824438551733,"FKBP15"
"ENSG00000164346",1133.34479304493,-0.701109160111764,0.124460888796163,-5.63316851497027,1.76928420539768e-08,1.66745854318295e-07,-0.66325550787537,0.123597531189965,"NSA2"
"ENSG00000143158",3169.68661431033,-0.710994071346869,0.126220829231927,-5.63293773043148,1.77165440691918e-08,1.66849799152345e-07,-0.680099756172063,0.125685153478943,"MPC2"
"ENSG00000189403",2959.91661235852,-0.690518978766099,0.122594067399863,-5.63256439248277,1.77549518921521e-08,1.67091991859954e-07,-0.659529705375969,0.121952024602541,"HMGB1"
"ENSG00000118292",93.1643811799118,-0.981475875722511,0.174264356137035,-5.63210915576285,1.78018946175133e-08,1.67291249855927e-07,-0.932287985843008,0.174171669137212,"C1orf54"
"ENSG00000174903",1561.71897852055,0.55123711892746,0.0978739655685629,5.6321118259105,1.78016189283627e-08,1.67291249855927e-07,0.525473597698849,0.0985704816551999,"RAB1B"
"ENSG00000257727",73.4326934477447,-1.10027076903623,0.195360937922885,-5.63198959185251,1.78142436805416e-08,1.67291249855927e-07,-1.04247052057469,0.19541779036757,"CNPY2"
"ENSG00000145088",18.8770539274597,-1.09261916540631,0.194084407584714,-5.62960816380577,1.80619475768192e-08,1.69496508764364e-07,-1.035992561276,0.195091528500894,"EAF2"
"ENSG00000167461",1229.7360119869,0.467958159858029,0.0831582583901408,5.62732035178733,1.83030621275574e-08,1.71636834737479e-07,0.45307198215478,0.0833503782716786,"RAB8A"
"ENSG00000113384",1051.50134699766,-0.638206874259247,0.113442752383532,-5.62580562310026,1.84644173407596e-08,1.73026703707075e-07,-0.609207786742816,0.112729871234038,"GOLPH3"
"ENSG00000108424",1724.83398592103,0.332581918312947,0.0591274791069118,5.62482830887456,1.85692571086312e-08,1.73885376310269e-07,0.328811924535326,0.0589658344294963,"KPNB1"
"ENSG00000175029",103.88715243565,-0.76761411874665,0.13647566621223,-5.62454934312577,1.85992885872878e-08,1.74042809907769e-07,-0.733614241396667,0.136204307918732,"CTBP2"
"ENSG00000110887",2834.50096126948,0.664920399981668,0.118254284940109,5.62280174725526,1.87884983240121e-08,1.75688472254221e-07,0.640561621458591,0.119644168711883,"DAO"
"ENSG00000163517",77.1053448291184,0.914382595261115,0.162642098221809,5.62205360886389,1.88700683118145e-08,1.76325989633321e-07,0.87020679125141,0.16608022937169,"HDAC11"
"ENSG00000166441",6305.92109097121,-0.727121500515591,0.129384384485576,-5.61985515799748,1.91117615994909e-08,1.78429168223143e-07,-0.691766522339211,0.12870354931278,"RPL27A"
"ENSG00000184640",1110.52790830876,0.882919121820173,0.157109745876509,5.61976035855955,1.91222509769751e-08,1.78429168223143e-07,0.846211788747444,0.160689508374439,"SEPTIN9"
"ENSG00000171135",685.993265387538,-0.526553620750387,0.0937054818702019,-5.61924030741077,1.91798931645906e-08,1.78840278615439e-07,-0.509384800268025,0.0931864083042042,"JAGN1"
"ENSG00000115053",3790.47489241299,0.355764965140222,0.0633181519968098,5.61868838430641,1.92412525515562e-08,1.79285443095392e-07,0.345278054417797,0.0632189860624003,"NCL"
"ENSG00000138092",63.0910802884586,0.84629813128701,0.150636030497906,5.61816537842702,1.92995729516922e-08,1.79701681387538e-07,0.806599193123741,0.152808647410776,"CENPO"
"ENSG00000164548",584.131867714945,-0.79604461004805,0.141746882370767,-5.61595850810911,1.95475567991636e-08,1.81882072662747e-07,-0.759963413771496,0.141329621686601,"TRA2A"
"ENSG00000100665",9039.36400652304,0.650456200487661,0.115838603105954,5.61519375274846,1.96342112433496e-08,1.82559339851653e-07,0.636351392204769,0.116688348972764,"SERPINA4"
"ENSG00000182179",780.679245616659,0.622868207720199,0.110930640000087,5.61493386966587,1.96637434180495e-08,1.82704901793959e-07,0.597516563125468,0.111949863182387,"UBA7"
"ENSG00000100949",233.741874349757,0.620633951664139,0.110557430064403,5.61367925523055,1.98069210011907e-08,1.83905445628827e-07,0.59780814610362,0.111469607211529,"RABGGTA"
"ENSG00000198680",68.2678007304854,-0.785152834924619,0.139883032624891,-5.61292402796325,1.98935956110905e-08,1.8458004215336e-07,-0.748457413114994,0.139801655196332,"TUSC1"
"ENSG00000180964",300.968294859245,-0.790377981843793,0.140839365995403,-5.61191096152472,2.00104399403719e-08,1.85533417080941e-07,-0.754722484455754,0.140471385520246,"TCEAL8"
"ENSG00000169122",89.6819111039053,-0.567907729401851,0.101205018413177,-5.61145818958628,2.00628766089999e-08,1.85888693479305e-07,-0.548324245434717,0.100977076044446,"FAM110B"
"ENSG00000185339",321.963371531681,0.975974964978523,0.173941769980333,5.61092924999483,2.01243034145069e-08,1.86326707985511e-07,0.926419499071524,0.178951855594706,"TCN2"
"ENSG00000119138",1273.4986782701,-1.23426068856628,0.220030250933449,-5.60950452644624,2.02906690665725e-08,1.87603194473661e-07,-1.16533959842453,0.219478069448614,"KLF9"
"ENSG00000136161",236.793127539701,-0.765018813910636,0.136377790173869,-5.60955572703817,2.02846672860415e-08,1.87603194473661e-07,-0.734805670291089,0.136239051357429,"RCBTB2"
"ENSG00000177239",693.344687033648,0.649789509742765,0.115853525877504,5.60871587481776,2.03833336238136e-08,1.88327698590266e-07,0.627120485161536,0.117020937691788,"MAN1B1"
"ENSG00000120800",195.736440546744,0.707621162970711,0.126221207270251,5.60619865927625,2.06818567390351e-08,1.90951841392802e-07,0.678471721308835,0.12781193880335,"UTP20"
"ENSG00000166508",599.527276701614,0.655509092193142,0.116971921640152,5.60398669186376,2.09476798485788e-08,1.93270604685626e-07,0.629845061327146,0.118232380709662,"MCM7"
"ENSG00000198585",1572.3160329452,0.489097751295461,0.0872911026555243,5.6030653344543,2.10593798164239e-08,1.94165122313052e-07,0.474643510641634,0.0875398149286788,"NUDT16"
"ENSG00000134317",211.046470850052,-0.97065085583354,0.173367901799665,-5.59879219715754,2.15850344243728e-08,1.98872332562136e-07,-0.921908997112658,0.173024928470975,"GRHL1"
"ENSG00000168522",515.153723302335,-0.628761556472147,0.1123511461991,-5.59639645649815,2.1885292708081e-08,2.01497736919297e-07,-0.601626281186978,0.111717208777178,"FNTA"
"ENSG00000129757",32.1709345025619,-1.31048361605965,0.234184992421455,-5.59593337945933,2.1943795940772e-08,2.01895190325789e-07,-1.2354727639018,0.234308999685057,"CDKN1C"
"ENSG00000126581",720.966110131646,0.413448658823456,0.073885432075776,5.59580755242019,2.19597186182283e-08,2.01900597295806e-07,0.403487013161788,0.0738454835375078,"BECN1"
"ENSG00000155275",107.521639521512,0.559302596822996,0.0999568759731174,5.59543894682559,2.20064280833842e-08,2.02188857045245e-07,0.539782972282527,0.100287770412561,"TRMT44"
"ENSG00000198498",114.946682532361,-0.737667132749197,0.131850683419249,-5.59471603498343,2.20983152231158e-08,2.02891505040127e-07,-0.692322048809282,0.130987339803894,"TMA16"
"ENSG00000188243",669.980602359549,-0.89000435596544,0.159086759627291,-5.59445901123729,2.21310743953112e-08,2.03050679783044e-07,-0.849959017795038,0.158666638871313,"COMMD6"
"ENSG00000154309",141.563040051983,-0.661350871435711,0.118225382630156,-5.59398376831324,2.21917710815345e-08,2.03465778592955e-07,-0.634766620381598,0.117844750925282,"DISP1"
"ENSG00000140479",5895.44885405515,0.579065260634638,0.103523629112047,5.59355642379864,2.22464882762437e-08,2.03542226994457e-07,0.558905205801133,0.104288855419787,"PCSK6"
"ENSG00000160131",283.528145355061,-0.722270969482557,0.129125484533656,-5.5935586386458,2.22462043498705e-08,2.03542226994457e-07,-0.688668869491011,0.12861254319556,"VMA21"
"ENSG00000161203",2168.89078132392,0.512297254683111,0.0915845553797769,5.59370794080672,2.22270730693002e-08,2.03542226994457e-07,0.495535929686448,0.0919457739853953,"AP2M1"
"ENSG00000096717",251.859810430052,-0.995778494226199,0.178102528571131,-5.5910407461088,2.25712601347732e-08,2.06370285371128e-07,-0.946143237190602,0.17787266195565,"SIRT1"
"ENSG00000164053",58.9602888653295,0.655433799218674,0.117239369255738,5.59056060587427,2.26337667011421e-08,2.06798176535209e-07,0.629788253397642,0.117652461118613,"ATRIP"
"ENSG00000137054",264.626162280784,-0.61411009974336,0.109860010867119,-5.58993299651278,2.27157247887413e-08,2.07259343429361e-07,-0.590093242360112,0.109365494160639,"POLR1E"
"ENSG00000166275",727.34128898295,-1.32305980166743,0.23668125399322,-5.5900489766094,2.27005575432189e-08,2.07259343429361e-07,-1.24699495350855,0.2359678174705,"BORCS7"
"ENSG00000168772",37.7204735398998,-1.73366563752218,0.310247400459742,-5.58801019751701,2.29686159796683e-08,2.09421605255064e-07,-1.62867397818107,0.308458501003136,"CXXC4"
"ENSG00000169519",189.246580342617,-0.742777878110759,0.132932343431188,-5.58763848540184,2.30178186853029e-08,2.09724983259999e-07,-0.704486139547197,0.132324809343221,"METTL15"
"ENSG00000019995",1043.33348824143,-0.5466350749085,0.0978445233225428,-5.58677232354156,2.31328678815958e-08,2.106274816937e-07,-0.523843296220372,0.0971340546714826,"ZRANB1"
"ENSG00000185100",506.823582411255,1.03679519727561,0.185662563887014,5.5842986090969,2.34645243853015e-08,2.13499604738687e-07,0.98230456875113,0.191756336779813,"ADSS1"
"ENSG00000127720",56.5753181258883,-0.750494505934968,0.134398330471492,-5.58410586874189,2.34905584510575e-08,2.13588876081922e-07,-0.717742894470156,0.134280023416469,"METTL25"
"ENSG00000069345",702.288272131908,-0.482481865921701,0.0864068473853292,-5.58383832441063,2.35267430065742e-08,2.13770254261253e-07,-0.451337639379699,0.0853448634240647,"DNAJA2"
"ENSG00000130479",62.522560534731,1.52582091719477,0.27336729042841,5.58157823053215,2.38345803078166e-08,2.16417989194975e-07,1.43460568071409,0.28650065228925,"MAP1S"
"ENSG00000169895",1283.70635755564,-0.475424154830437,0.0851898208923203,-5.58076246493548,2.39466494330847e-08,2.17285724628527e-07,-0.450824197219694,0.0843045156759,"SYAP1"
"ENSG00000109103",247.597101578736,0.773245774208804,0.13859413570176,5.57920990158451,2.41613537793548e-08,2.19082908993791e-07,0.739378733486512,0.140813532890895,"UNC119"
"ENSG00000124587",510.782749393889,0.843866004913608,0.151255932950599,5.57906052643382,2.41821091553395e-08,2.19120198994632e-07,0.804285404412013,0.154660827667898,"PEX6"
"ENSG00000122565",1074.42659462876,-0.690025006601491,0.123684081671813,-5.57893139743256,2.42000653142164e-08,2.19132090733819e-07,-0.660658450385802,0.123148138899532,"CBX3"
"ENSG00000095970",34.1385094700373,2.51689146659091,0.451308808738333,5.57687201724925,2.44881893689029e-08,2.21588660639845e-07,2.34562711244931,0.485473014265805,"TREM2"
"ENSG00000072080",4461.60900575049,-0.813357804394345,0.145901630202,-5.57469990752165,2.47956923464329e-08,2.24217091643637e-07,-0.773636461569307,0.145372583092442,"SPP2"
"ENSG00000172766",114.401897568328,-0.750856111371543,0.134698286435436,-5.57435533325395,2.48448164541848e-08,2.24507105995742e-07,-0.71770913798621,0.13436687619117,"NAA16"
"ENSG00000182600",294.745104476266,1.32589001597536,0.237921163435156,5.5728124258972,2.50659412802064e-08,2.26349919681206e-07,1.24905948400996,0.249108349800626,"SNORC"
"ENSG00000256806",32.9073326690377,-1.11379665332244,0.199912900350085,-5.57140960574315,2.5268646127749e-08,2.28023985550338e-07,-1.05362362821218,0.200061993941315,"C17orf100"
"ENSG00000078687",146.382627694443,-0.814140784266393,0.146134467414085,-5.57117563483127,2.53026089119508e-08,2.28174074612838e-07,-0.776483405015237,0.145867434221903,"TNRC6C"
"ENSG00000177879",636.13023263807,-0.824523643449526,0.148083965427251,-5.56794681362437,2.57758469570794e-08,2.32282546910956e-07,-0.782635607736025,0.147546471368424,"AP3S1"
"ENSG00000196453",88.5233279502937,0.942526771439816,0.169288399309381,5.56758038521772,2.58300928228487e-08,2.32612176542836e-07,0.893707648007538,0.173188239353637,"ZNF777"
"ENSG00000167972",47.4127829534711,1.20459303651208,0.216417807561808,5.56605322862842,2.60573677200298e-08,2.344984985659e-07,1.13580424821903,0.222914805489237,"ABCA3"
"ENSG00000173598",413.405416271983,-0.9645757696205,0.173316503901678,-5.56540057009055,2.61550886592662e-08,2.35217142956215e-07,-0.916357336619501,0.173126120173814,"NUDT4"
"ENSG00000165416",520.297777073515,-0.552072812511889,0.0992400238541309,-5.56300564098372,2.65167315280425e-08,2.38306680749629e-07,-0.524077285806058,0.0984675503037139,"SUGT1"
"ENSG00000166189",174.693497302885,0.616217984743056,0.110787888698419,5.56214214371839,2.66483091175966e-08,2.39325810260762e-07,0.593002349397131,0.11152104906838,"HPS6"
"ENSG00000103051",740.378838110694,0.610155360215712,0.109702317571326,5.5619185968337,2.66824757502597e-08,2.39469308607989e-07,0.587697451303328,0.110647301803901,"COG4"
"ENSG00000100461",758.10390608867,0.41305794367034,0.0743055707458678,5.55890950737783,2.71465391048162e-08,2.43468211072214e-07,0.420061552510287,0.0739283439385163,"RBM23"
"ENSG00000103061",195.32972065653,0.350325013941575,0.0630271535739082,5.55831882096293,2.72385502030416e-08,2.44127128640739e-07,0.342897992190251,0.0628529425546096,"SLC7A6OS"
"ENSG00000104805",4129.98008585509,0.822472151702486,0.147984724755181,5.5578178968346,2.73168161204352e-08,2.44662041524931e-07,0.785186256269856,0.151152552150965,"NUCB1"
"ENSG00000133983",25.4674191647348,-0.953494482330565,0.171597008904075,-5.5565915071607,2.75093532345456e-08,2.4621899706732e-07,-0.905032769827999,0.172124834386126,"COX16"
"ENSG00000163694",886.64696863178,-0.668003047983686,0.120254695259098,-5.55490200648234,2.77767544077578e-08,2.48443443296562e-07,-0.627511013144458,0.119250049238231,"RBM47"
"ENSG00000148606",285.850244586477,0.421824669094118,0.07594540214745,5.55431477306729,2.78702865209389e-08,2.4911078909347e-07,0.409990507394045,0.0759179318006182,"POLR3A"
"ENSG00000180875",435.44679536347,-0.815610205644477,0.146880321490351,-5.55288957274007,2.80985591935435e-08,2.50891324065869e-07,-0.776905354964298,0.146452328861558,"GREM2"
"ENSG00000189057",41.1068816842661,2.37718333322664,0.428102769880292,5.55283333927356,2.8107603144247e-08,2.50891324065869e-07,2.21801271400975,0.45671757394289,"FAM111B"
"ENSG00000137154",10215.669416925,-0.548806773725414,0.0988474543040872,-5.55205773976844,2.82326302429748e-08,2.51836591991196e-07,-0.530050537940695,0.0982824837059854,"RPS6"
"ENSG00000152778",291.556543579654,-0.725921126538812,0.130756469409751,-5.55170332921727,2.82899409013792e-08,2.52176954575192e-07,-0.68895996011085,0.130104959397392,"IFIT5"
"ENSG00000174327",664.619563827243,1.1746143744168,0.211632811784996,5.55024697970808,2.85266300106434e-08,2.54114756914838e-07,1.11275075036059,0.219970212436751,"SLC16A13"
"ENSG00000160392",70.7761781847579,0.833694040328182,0.150239703986991,5.54909267127129,2.8715594660793e-08,2.55625097568628e-07,0.793736547450307,0.15264859019213,"C19orf47"
"ENSG00000181472",123.636497050617,-0.612341117375089,0.110356973164992,-5.54873063127233,2.87751117694271e-08,2.55981838889377e-07,-0.58916320892037,0.109986984130988,"ZBTB2"
"ENSG00000083857",1066.405004368,1.48714300002168,0.268115559943808,5.54664936392856,2.91195878693542e-08,2.58871366568479e-07,1.39631109381574,0.283055038903292,"FAT1"
"ENSG00000120159",250.846259508912,-0.925826050950337,0.166926229418464,-5.546318599394,2.9174700769317e-08,2.59011537645872e-07,-0.878383632217952,0.166565424542846,"CAAP1"
"ENSG00000173638",387.819394982559,1.18974995102287,0.214507529235147,5.54642513139312,2.91569390740714e-08,2.59011537645872e-07,1.1224655431697,0.223305536312502,"SLC19A1"
"ENSG00000106617",645.583688209597,-0.608712098454279,0.109795471360958,-5.5440546946887,2.95546449808502e-08,2.62207854324712e-07,-0.584195624137342,0.109187932239228,"PRKAG2"
"ENSG00000173611",75.9075893294449,-0.968840847883643,0.174761183074475,-5.54379886219223,2.95978812688961e-08,2.62414616017701e-07,-0.916601245607394,0.174601964804446,"SCAI"
"ENSG00000014138",110.177093720695,0.660188048785177,0.119145022978528,5.54104596466574,3.00670276190329e-08,2.66394674045886e-07,0.630576621749378,0.120225002597502,"POLA2"
"ENSG00000121039",896.196808572813,-0.760227336887849,0.137224184813731,-5.5400390093028,3.02404276945601e-08,2.67750821134216e-07,-0.725854572395968,0.136754000768415,"RDH10"
"ENSG00000117592",8360.97048918124,-0.532654833913833,0.0961792420781152,-5.53814755039574,3.05687678621271e-08,2.70476073704815e-07,-0.503804365637974,0.0952407947738327,"PRDX6"
"ENSG00000156299",164.934723444049,-0.684035169436297,0.12353434054712,-5.53720662940184,3.07333888354391e-08,2.71750031838409e-07,-0.655662767501508,0.123146638822822,"TIAM1"
"ENSG00000163026",134.195916654392,0.536526924938228,0.096901558840251,5.53682449858965,3.08004906910549e-08,2.72160577475456e-07,0.518781040032978,0.097076152477152,"WDCP"
"ENSG00000162129",310.695630716554,0.57705315708794,0.104229684431832,5.53636097272601,3.08820762354862e-08,2.72698467951986e-07,0.556518238511648,0.104830381301327,"CLPB"
"ENSG00000128739",22.7629561163261,-0.991319846447684,0.179258525145068,-5.53011269977504,3.20025118341834e-08,2.82402862472425e-07,-0.939476417235235,0.179878970619826,"SNRPN"
"ENSG00000007376",89.6451271812843,1.17408722733526,0.21238062170931,5.52822200954973,3.23492517691278e-08,2.85271432546776e-07,1.10373310020864,0.220570834581508,"RPUSD1"
"ENSG00000138080",214.528061135963,1.48830755081151,0.269302693437987,5.52652308007543,3.26639306664974e-08,2.87853621924435e-07,1.39667335932676,0.284135979857212,"EMILIN1"
"ENSG00000113742",509.211341180594,-1.23287244341512,0.223138907985493,-5.52513434140885,3.29233592063753e-08,2.89945784154606e-07,-1.16214825910205,0.222643240857493,"CPEB4"
"ENSG00000157349",238.321438362695,-0.542185174333074,0.098137403991037,-5.52475562103306,3.29944536366357e-08,2.90377658141675e-07,-0.523259653393127,0.0976563348272082,"DDX19B"
"ENSG00000103769",948.153046043792,-0.5740434583518,0.103908676478206,-5.52449976082799,3.3042568683149e-08,2.90606853228015e-07,-0.553358840553856,0.103362536323259,"RAB11A"
"ENSG00000053371",846.260505283246,0.624169109005034,0.113027824444322,5.52226066522674,3.34665494930156e-08,2.94139246078133e-07,0.592888690336828,0.114309652814625,"AKR7A2"
"ENSG00000154079",110.714090565681,-0.562996295614602,0.101963694250799,-5.52153685438082,3.36047308478744e-08,2.95156695358982e-07,-0.543122658269157,0.101560497049911,"SDHAF4"
"ENSG00000197965",525.290562410376,0.57257932140298,0.103702393962219,5.52137033221801,3.3636599497572e-08,2.95239645990022e-07,0.552666499821004,0.104326440312426,"MPZL1"
"ENSG00000072121",329.95600542423,0.530095605259324,0.0960167941638439,5.52086340598671,3.37337944978291e-08,2.95895495242117e-07,0.512605401717587,0.0963862004085208,"ZFYVE26"
"ENSG00000138032",644.083814476453,-0.59817724711977,0.108362071465351,-5.52017176333729,3.38668454310195e-08,2.96864771601067e-07,-0.573177597334739,0.107721766950379,"PPM1B"
"ENSG00000133243",354.961515460288,1.09564979879699,0.19848743550436,5.51999574186108,3.39007877620038e-08,2.96964585279137e-07,1.03468084718514,0.205883512464224,"BTBD2"
"ENSG00000112406",257.732421102706,-0.956972359415381,0.173412027218571,-5.51848896967912,3.41926929104752e-08,2.99322469986248e-07,-0.907525792610313,0.173116407727016,"HECA"
"ENSG00000083635",65.5042135384794,-0.581195358830857,0.105337783812534,-5.51744433759105,3.43964976920393e-08,3.00906504062052e-07,-0.55997020288355,0.105194705245223,"NUFIP1"
"ENSG00000160908",141.785007857717,-0.62613184748943,0.11349183658849,-5.51697695896596,3.44880630025797e-08,3.01507196209804e-07,-0.60180462490874,0.113058800586,"ZNF394"
"ENSG00000049768",64.1055602391362,2.17811574623141,0.394948617589546,5.51493447305855,3.48909932713849e-08,3.04827350637727e-07,2.02909742853464,0.424190707488967,"FOXP3"
"ENSG00000059758",205.228190481183,-0.946465667413387,0.171701039551154,-5.51228850965349,3.54197679787458e-08,3.09241820429819e-07,-0.896653783790162,0.171364757336291,"CDK17"
"ENSG00000161999",718.007987872372,0.648833513855258,0.117714362463804,5.51193159674772,3.54916864067632e-08,3.09664375898903e-07,0.6233092518872,0.119043971255375,"JMJD8"
"ENSG00000188338",8389.34673584835,0.687616459986831,0.124758234004905,5.51159180371051,3.55602867504542e-08,3.1005744063343e-07,0.673048654802958,0.125938767829157,"SLC38A3"
"ENSG00000123297",428.533219378899,-0.605017819626884,0.109775347371372,-5.51141794687378,3.55954361814511e-08,3.10158512749824e-07,-0.582176914082474,0.109260904171676,"TSFM"
"ENSG00000188352",230.232779097156,0.662318197363712,0.120177758032144,5.51115454480822,3.56487535893252e-08,3.10417651955725e-07,0.635441307557462,0.121368342761332,"FOCAD"
"ENSG00000149428",1851.77784781985,1.05227618319913,0.191079999887338,5.50699279788338,3.65015187732945e-08,3.17633176582416e-07,0.996983023700266,0.197667556005126,"HYOU1"
"ENSG00000115073",846.385812474891,0.45218445817954,0.082118337976492,5.50649793118056,3.66042263293932e-08,3.18316541514393e-07,0.441841668846522,0.0821562288667709,"ACTR1B"
"ENSG00000140521",669.507345742391,0.446459979081812,0.0810823144826935,5.50625598110061,3.66545440397133e-08,3.18543714077139e-07,0.434260264914532,0.081144589679927,"POLG"
"ENSG00000168300",659.231705762664,-0.89257045378489,0.162116825345973,-5.50572373891519,3.67654692289884e-08,3.19296944504526e-07,-0.848886887974845,0.161836056042578,"PCMTD1"
"ENSG00000105829",331.139123126952,-0.812119370999391,0.147526395900778,-5.50490890827157,3.69359199787201e-08,3.20565802531199e-07,-0.77450376915455,0.147209901615085,"BET1"
"ENSG00000173660",1013.25105877536,-0.622983246189388,0.113173756260922,-5.50466174112927,3.69877750813736e-08,3.20804378604325e-07,-0.598800605351505,0.112638264988156,"UQCRH"
"ENSG00000101695",265.9329394101,-1.15587192624033,0.210036190007872,-5.50320364408156,3.72951203381134e-08,3.23257112818697e-07,-1.09021209300131,0.209638485420146,"RNF125"
"ENSG00000183891",88.0620076573368,-1.09894860882272,0.199708161544223,-5.50277264747327,3.73864413028885e-08,3.23835451443309e-07,-1.03818472555391,0.199574982331699,"TTC32"
"ENSG00000101558",1383.29541093734,-0.628127538158363,0.114166104167678,-5.50187415728771,3.7577514113136e-08,3.25062779772371e-07,-0.603749355574033,0.113626815682234,"VAPA"
"ENSG00000118418",1079.50940365148,-0.786285848269514,0.142910064179563,-5.50196273987789,3.75586341492716e-08,3.25062779772371e-07,-0.749623048392604,0.142456228543334,"HMGN3"
"ENSG00000141441",137.645035632944,-0.93943303457587,0.170829926529248,-5.49922986951019,3.8145359138942e-08,3.29758239279915e-07,-0.890514930664194,0.17055113374643,"GAREM1"
"ENSG00000172531",1205.43570483458,0.460626853738925,0.0837739821260319,5.49844763313203,3.83149286797542e-08,3.30865608411232e-07,0.446950327250253,0.0838701890699362,"PPP1CA"
"ENSG00000179981",272.485637672556,-0.506166184722159,0.0920568753201028,-5.49840718536344,3.83237166054328e-08,3.30865608411232e-07,-0.489808931373375,0.0915939015015081,"TSHZ1"
"ENSG00000131408",421.66971206884,0.822474557702258,0.149620979499073,5.49705369164057,3.86189144881153e-08,3.331956934145e-07,0.782974325678046,0.15284369715714,"NR1H2"
"ENSG00000174306",1051.11323160376,0.536589712891016,0.0976277585414215,5.49628221427773,3.87881595892574e-08,3.34436744696898e-07,0.518933096083848,0.0980817076007686,"ZHX3"
"ENSG00000155252",285.978692602501,0.651812704580334,0.118596636764731,5.49604712546264,3.8839875713445e-08,3.34663484059697e-07,0.625812590559374,0.119772915796147,"PI4K2A"
"ENSG00000111850",51.430412094778,-1.00294466224654,0.182707321610699,-5.4893512389369,4.03412710958163e-08,3.47372907290724e-07,-0.949253402957687,0.182856133192622,"SMIM8"
"ENSG00000156006",1274.99664419883,-0.698357617694778,0.127305327603516,-5.48569043292333,4.11857600224484e-08,3.54412886572259e-07,-0.667812025516993,0.1267703178373,"NAT2"
"ENSG00000100711",467.059932557677,-0.455474718548192,0.0830397982687842,-5.48501716097511,4.13429281246877e-08,3.55210663262442e-07,-0.442455318202356,0.0825582824624324,"ZFYVE21"
"ENSG00000146409",147.24800269039,-0.661596811488616,0.120620450038482,-5.48494729772227,4.13592702146122e-08,3.55210663262442e-07,-0.635329051562046,0.120072744140567,"SLC18B1"
"ENSG00000147454",781.112379064914,-0.858590770686624,0.156535845343184,-5.48494671494749,4.13594065609391e-08,3.55210663262442e-07,-0.81291262427427,0.155915227704047,"SLC25A37"
"ENSG00000149485",3242.97275004395,1.95947443904171,0.357280802789369,5.48441008792992,4.14851412766989e-08,3.56058259484366e-07,1.83471592561413,0.384098662939396,"FADS1"
"ENSG00000182093",337.037741271156,-0.68938109418552,0.125711798291338,-5.48382175384901,4.16234171621141e-08,3.5701231945042e-07,-0.654269012936563,0.124939510053801,"GET1"
"ENSG00000158161",274.334182943397,0.430952611015583,0.0785914697771213,5.48345274923256,4.17103720776131e-08,3.57525233576728e-07,0.415741640294787,0.0786113661809964,"EYA3"
"ENSG00000132475",3678.74780334911,-0.455878263383617,0.083138915535464,-5.48333184823845,4.1738900351229e-08,3.57536995461471e-07,-0.439704555927765,0.0825088638573753,"H3-3B"
"ENSG00000106397",645.715238477604,0.794042724415769,0.144824716450424,5.48278459559479,4.18682690428924e-08,3.5841198323714e-07,0.756322013919067,0.147714484643458,"PLOD3"
"ENSG00000005249",63.115660116955,-1.29229100319561,0.235775735385065,-5.48101780314696,4.22885921042264e-08,3.61774921146358e-07,-1.21342214905072,0.235250736522762,"PRKAR2B"
"ENSG00000163935",219.721175283942,0.601270643172745,0.109713181773818,5.4803865265006,4.24397637275172e-08,3.62832421582137e-07,0.582642486042139,0.110428435925729,"SFMBT1"
"ENSG00000184752",686.23185935336,-0.478244354632448,0.0872688037038777,-5.48012960341747,4.25014389215564e-08,3.63123909695789e-07,-0.448294532883386,0.086232493018694,"NDUFA12"
"ENSG00000124181",380.161274771128,0.688177222147539,0.125627843004592,5.47790366919205,4.3039431910842e-08,3.67481945874284e-07,0.660351900104083,0.127207142752957,"PLCG1"
"ENSG00000103544",447.960897151424,0.421476327863007,0.0769737065212129,5.47558831335288,4.36060417884286e-08,3.72078513406644e-07,0.410307761758535,0.0769355273099253,"VPS35L"
"ENSG00000119537",845.381686077358,-0.564463796029077,0.103112929451317,-5.4742290712978,4.39420351330483e-08,3.74702613058104e-07,-0.544398526845139,0.102529016865231,"KDSR"
"ENSG00000140961",2219.06495512956,1.28158622539433,0.234180693672984,5.47263826617563,4.4338457302947e-08,3.77838271100712e-07,1.21081448842312,0.245135499144681,"OSGIN1"
"ENSG00000127220",176.006070367035,1.06517697051825,0.194762262052952,5.46911377640834,4.52291352553011e-08,3.85179039308729e-07,1.00547966710481,0.201503283591079,"ABHD8"
"ENSG00000168575",1232.61438744939,0.563834959277203,0.103115877334455,5.46797422329455,4.55208059736933e-08,3.87412366806494e-07,0.549325329075615,0.103878009684283,"SLC20A2"
"ENSG00000130119",49.2530444937169,1.3374401241143,0.244632550691683,5.46713885921058,4.57357763938695e-08,3.8899045994941e-07,1.25576987577815,0.254195656686094,"GNL3L"
"ENSG00000259207",36.4640533475548,1.54402874152641,0.282467282643409,5.46622152865616,4.59729736093064e-08,3.90755436113704e-07,1.44584511330157,0.294650668769082,"ITGB3"
"ENSG00000100364",598.27804056296,0.646065967146511,0.118203203848806,5.46572297628154,4.61023857007818e-08,3.91602587184835e-07,0.622013761169828,0.119523725585434,"KIAA0930"
"ENSG00000138670",496.88842742303,-0.880368188317805,0.161094592132524,-5.46491459870716,4.63129717830264e-08,3.9288439851503e-07,-0.835835330675625,0.160753590714916,"RASGEF1B"
"ENSG00000272325",1245.07897274103,0.303958279196588,0.0556193226545794,5.46497628322991,4.62968698725818e-08,3.9288439851503e-07,0.298232978492719,0.055471857284203,"NUDT3"
"ENSG00000181481",132.883957191287,-0.750067893464441,0.137301479291698,-5.46292652733127,4.68348479269938e-08,3.97055768066195e-07,-0.715497317957447,0.137041515960766,"RNF135"
"ENSG00000103343",68.5164929923934,0.563051896707461,0.10309077922979,5.46170958173099,4.71571087130857e-08,3.99530561979721e-07,0.543012991376527,0.102989334363581,"ZNF174"
"ENSG00000124299",3152.85106818487,0.708024922690135,0.129666450495166,5.4603555506174,4.7518197723782e-08,4.02330926836858e-07,0.682116550954864,0.131446662016832,"PEPD"
"ENSG00000175920",21.258414575422,2.17812134981731,0.399034806545588,5.4584745843931,4.80242590626315e-08,4.06354366850004e-07,2.03065849152295,0.418117097774116,"DOK7"
"ENSG00000106290",176.610794444978,0.881238558249987,0.161463085986536,5.457832995484,4.8198066164086e-08,4.07563095129323e-07,0.83696258184844,0.165274661780882,"TAF6"
"ENSG00000117877",38.3742265429363,0.86534740760363,0.158724715527676,5.45187562457935,4.98413116084745e-08,4.2095724664923e-07,0.822049626311165,0.160531810042843,"POLR1G"
"ENSG00000122643",150.832243823898,-0.967374757234422,0.177439433133865,-5.45185892531909,4.98459932801269e-08,4.2095724664923e-07,-0.915938131508781,0.177187014870952,"NT5C3A"
"ENSG00000128313",14.235929522523,-3.25201085479755,0.59693781554835,-5.44782181676701,5.09904011872848e-08,4.3034591155884e-07,-3.03499187333013,0.576238214205987,"APOL5"
"ENSG00000166311",1053.53500374248,0.619952303000644,0.113823261660493,5.44662219265697,5.13353412550562e-08,4.32979566280634e-07,0.583323141983933,0.115232038065218,"SMPD1"
"ENSG00000103067",1180.24628290235,0.549150035032021,0.100834922368201,5.44603022578614,5.1506387799139e-08,4.34144111244215e-07,0.529173442285763,0.101441117378698,"ESRP2"
"ENSG00000166451",86.7406637741884,0.909599294311255,0.167044309153653,5.44525760212863,5.17304655670214e-08,4.35753876938838e-07,0.861578031339096,0.17083496896468,"CENPN"
"ENSG00000122952",62.3229541722856,1.35308578207134,0.248591589547042,5.44300708055647,5.23885636958864e-08,4.41015236329949e-07,1.26932616791547,0.258849722618723,"ZWINT"
"ENSG00000165195",113.534146040981,-0.877028462010439,0.161194481397242,-5.44080947690212,5.3039014003467e-08,4.46205532504566e-07,-0.828945564906285,0.160783281597724,"PIGA"
"ENSG00000187889",611.134490876959,-0.981753811504416,0.180479802342649,-5.43968798037862,5.3373965871268e-08,4.48736676028809e-07,-0.931686395610105,0.180151093943265,"FYB2"
"ENSG00000150048",20.8114293435088,-1.26191729889136,0.23211057662753,-5.43670744016277,5.42741438136523e-08,4.56013642278588e-07,-1.18695082022986,0.232492434896,"CLEC1A"
"ENSG00000066583",1317.52020201573,-0.564419620683872,0.103839420433914,-5.4355043424292,5.46416544463589e-08,4.58808687781097e-07,-0.551080538577076,0.10341763660761,"ISOC1"
"ENSG00000184860",174.013142041618,0.620258710898307,0.114132584749729,5.43454537771501,5.49363158650394e-08,4.60988868501663e-07,0.595336054436374,0.115095874010602,"SDR42E1"
"ENSG00000156298",299.047569043605,-0.982108787052545,0.18080159316447,-5.43196976234135,5.57353685977821e-08,4.67396091056305e-07,-0.930068218760566,0.180432660825051,"TSPAN7"
"ENSG00000163644",235.474079790396,-0.95230939557177,0.175382588740456,-5.42989701777676,5.63865800802369e-08,4.72556151073456e-07,-0.901562215012013,0.175123294858035,"PPM1K"
"ENSG00000168172",254.628463499266,-0.710987353745341,0.130978005871476,-5.42829575862537,5.68947033217709e-08,4.76511236599514e-07,-0.673952634201071,0.130305713064359,"HOOK3"
"ENSG00000197520",14.8054843784302,-3.40443108481507,0.627199738373803,-5.42798549891307,5.69936690593322e-08,4.7703664770195e-07,-3.17493162704468,0.603589374932932,"FAM177B"
"ENSG00000168803",178.817562305262,0.434843478562842,0.0801210504652649,5.42733121991904,5.72029161773854e-08,4.78180059931083e-07,0.422271314313899,0.0799420169649289,"MAPDA"
"ENSG00000189319",152.534040499089,0.711361993224141,0.131068169483769,5.42741991458294,5.71745068883866e-08,4.78180059931083e-07,0.680134434942592,0.132818247743127,"FAM53B"
"ENSG00000010017",534.186772625923,-0.472124932998878,0.0870119063588417,-5.42598079683267,5.76371559573847e-08,4.8150431176074e-07,-0.453789198789503,0.0863561543015901,"RANBP9"
"ENSG00000185697",34.8131487063148,-1.26390112921191,0.232955678514009,-5.42550040966656,5.77923973545893e-08,4.82495056163934e-07,-1.18852369773202,0.232915877510743,"MYBL1"
"ENSG00000107341",919.812722168467,-0.381175680347805,0.0702666401662977,-5.42470337909554,5.8050859103917e-08,4.84345761066015e-07,-0.370682834959994,0.069796079819782,"UBE2R2"
"ENSG00000167528",297.275876361986,0.382544409233701,0.0705352248045373,5.42345204532606,5.8458903842809e-08,4.87441373017368e-07,0.372920934994203,0.0704213474258293,"ZNF641"
"ENSG00000076043",299.943145182754,-0.590861043994536,0.108949251830718,-5.42326848570377,5.85189936657802e-08,4.8763358898966e-07,-0.567964015184251,0.108393459811899,"REXO2"
"ENSG00000110931",1083.99455481213,0.305512451663787,0.0563667959683348,5.42007837088018,5.95729139072608e-08,4.96101824480073e-07,0.301735081389038,0.0561760422814258,"CAMKK2"
"ENSG00000033011",344.247340990716,0.478295682203013,0.0882946679354386,5.41703925488167,6.05940409882046e-08,5.04286437200191e-07,0.4641126310098,0.088370162752277,"ALG1"
"ENSG00000134769",119.754905963385,2.30906758937581,0.426285219963899,5.41671979519102,6.07023576004762e-08,5.04868755633525e-07,2.14351929384715,0.463726237064977,"DTNA"
"ENSG00000169432",272.105511049928,-1.18197141634196,0.218244647374725,-5.41580941645051,6.10120624528959e-08,5.07124251423502e-07,-1.11441331181799,0.217793494200149,"SCN9A"
"ENSG00000130640",577.244748332993,0.666146504664497,0.123017861063082,5.41503891311283,6.12753783524465e-08,5.08991565544675e-07,0.636452679718694,0.124564915849906,"TUBGCP2"
"ENSG00000135916",487.6591097383,0.776293939955077,0.143367570257586,5.41471086215887,6.13878221198871e-08,5.09604076942266e-07,0.739566034420879,0.146159538766015,"ITM2C"
"ENSG00000196152",71.6632108520052,0.775357070547818,0.143207149623075,5.41423436321843,6.15515045478843e-08,5.10640900363859e-07,0.737904064371519,0.144767059455855,"ZNF79"
"ENSG00000160014",2466.62450912938,0.550982355924172,0.101793573056509,5.41274207575267,6.20668615735211e-08,5.14592128134118e-07,0.541864899835393,0.102105712679475,"CALM3"
"ENSG00000160752",5797.1311946035,1.56252770175598,0.288838965438916,5.40968459494925,6.31358434206751e-08,5.23125559771308e-07,1.47658875362836,0.305037279424265,"FDPS"
"ENSG00000105865",90.7629637427413,-0.641657313227015,0.118618044266958,-5.40944101036536,6.32217704694791e-08,5.2350806918312e-07,-0.614254830590934,0.118259481352306,"DUS4L"
"ENSG00000174799",31.4631250925683,-0.872617281860904,0.161380890651722,-5.40719089067436,6.40209000766702e-08,5.29792061853828e-07,-0.828042707721408,0.161749741982757,"CEP135"
"ENSG00000233276",2534.3760102361,0.910488084939881,0.168400239603124,5.40669114892987,6.4199706780819e-08,5.3093802730921e-07,0.862726120323704,0.17322420294011,"GPX1"
"ENSG00000105968",1296.18413677666,-0.397285141802258,0.0734840177043364,-5.406415629052,6.42984941049809e-08,5.31421201121267e-07,-0.387280675357527,0.0730687093937925,"H2AZ2"
"ENSG00000075884",98.6275869907248,-0.820409537977746,0.151792379458777,-5.4048137390227,6.48757736595868e-08,5.35855982435458e-07,-0.766605520748072,0.150878036105494,"ARHGAP15"
"ENSG00000072518",171.829394706186,0.692835750909435,0.128245336925519,5.40242450539791,6.57461311519149e-08,5.42024773166006e-07,0.662822487638202,0.129925432840807,"MARK2"
"ENSG00000103932",252.5365327272,0.588009332343992,0.108838925177097,5.40256467423963,6.56947591640811e-08,5.42024773166006e-07,0.565615138544119,0.10971194133862,"RPAP1"
"ENSG00000113460",170.048324052376,-0.588205687590914,0.108877873872403,-5.40243546893877,6.5742111603252e-08,5.42024773166006e-07,-0.565215198759304,0.108345853293033,"BRIX1"
"ENSG00000138660",269.896087608802,-1.06350432661938,0.19707328820128,-5.39649150996644,6.79566258307471e-08,5.59897957251324e-07,-1.00308022289214,0.196738375845913,"AP1AR"
"ENSG00000162959",14.4908176229391,-1.27909851544438,0.237104045768174,-5.39467182561282,6.86489059359289e-08,5.65247964698211e-07,-1.20135157539057,0.238189959956013,"MEMO1"
"ENSG00000134138",147.181232690506,-0.613925344035141,0.113827976592689,-5.39344862671111,6.91180936126021e-08,5.687555128147e-07,-0.588887234374405,0.113393995438579,"MEIS2"
"ENSG00000136270",619.390275142153,0.51857405668984,0.0962144685013109,5.38977208695773,7.05470950711353e-08,5.80151813683053e-07,0.502196734228517,0.0965942491974992,"TBRG4"
"ENSG00000145687",55.2985707718175,-0.893620520677996,0.165878463238196,-5.38720038293811,7.15636340513551e-08,5.88144073608078e-07,-0.846673889906558,0.165797922865207,"SSBP2"
"ENSG00000169957",303.53863053451,0.894255392720821,0.166023983963996,5.38630245684714,7.19218953044693e-08,5.9071969655561e-07,0.847101943624297,0.170500641911169,"ZNF768"
"ENSG00000072954",158.320955235458,0.65295047431467,0.121303555956705,5.38278098415944,7.33437585820012e-08,6.01647305601638e-07,0.625317039070131,0.122754604668633,"TMEM38A"
"ENSG00000119777",1096.62026426525,0.532396248042298,0.0989052905889081,5.38288947812873,7.32995483504627e-08,6.01647305601638e-07,0.516589290185903,0.099481447345671,"TMEM214"
"ENSG00000047346",839.814264532594,-0.887484664122375,0.164983282983753,-5.37923993311355,7.4800964170881e-08,6.13218863184196e-07,-0.840654924228104,0.164546441675314,"ATOSA"
"ENSG00000086827",283.17669430935,0.639316985859803,0.118870409952408,5.37826853727321,7.5205587179202e-08,6.16152309148334e-07,0.614034779390309,0.120047083103749,"ZW10"
"ENSG00000100243",2379.47035392834,0.715323394788649,0.133023208547701,5.37743302539676,7.55553044628371e-08,6.186325488543e-07,0.687262027977183,0.134995277727827,"CYB5R3"
"ENSG00000076555",4688.06290046061,0.658857524509454,0.122540174970754,5.37666544597881,7.58779752598868e-08,6.20888391716389e-07,0.631212072240282,0.124109400318868,"ACACB"
"ENSG00000155508",506.958712882053,-0.512939308962575,0.0954412176010142,-5.37440030477068,7.68379823803325e-08,6.28353339142521e-07,-0.496108285510765,0.0948422619998395,"CNOT8"
"ENSG00000173991",53.1008695484764,2.46572266616367,0.459032912694351,5.3715596376103,7.80585434306194e-08,6.3793841266762e-07,2.28322359049022,0.498809643441716,"TCAP"
"ENSG00000157077",381.284725206093,0.62868595971435,0.11704703904104,5.37122480726672,7.82036424059792e-08,6.38727764216577e-07,0.603437466874851,0.118230486807525,"ZFYVE9"
"ENSG00000087995",151.429750028522,0.438792246807915,0.0817035489592402,5.37054084427614,7.85008504542584e-08,6.40757716727071e-07,0.426488409313818,0.0815718221840696,"METTL2A"
"ENSG00000183513",496.836721785453,-0.529502299568353,0.0986586037154794,-5.36701594820235,8.00499809902221e-08,6.52997552489012e-07,-0.50758247459997,0.0979710592296143,"COA5"
"ENSG00000131370",405.840868903312,-0.724997750791706,0.13510631352455,-5.36612784316674,8.04449325731396e-08,6.5581299211019e-07,-0.691527540423512,0.134606487614773,"SH3BP5"
"ENSG00000175354",359.284592976547,-0.556012574875559,0.103626125990441,-5.36556365068447,8.06968155892485e-08,6.57459328000028e-07,-0.533509948594868,0.102971812201185,"PTPN2"
"ENSG00000237765",351.629631165558,-0.764642139197559,0.142538902944515,-5.36444523847081,8.11983888100043e-08,6.61136664856226e-07,-0.727951330475838,0.142076038714164,"FAM200B"
"ENSG00000178035",962.204430073252,0.461378901966497,0.0860126554432442,5.36408159460837,8.13621212031817e-08,6.62060375624901e-07,0.443332800579617,0.086134088938817,"IMPDH2"
"ENSG00000151748",248.467479850836,-0.643168922547185,0.119931954336618,-5.36278197170018,8.19498998017081e-08,6.66431365527665e-07,-0.624459916600429,0.119625509500711,"SAV1"
"ENSG00000090565",550.531458392049,0.735499381930902,0.13716966045118,5.36196837924429,8.23199526326372e-08,6.69027466889692e-07,0.701104136784957,0.139542977469544,"RAB11FIP3"
"ENSG00000151461",585.842090040508,0.539808377865097,0.100706709736451,5.36020270424652,8.31286235418849e-08,6.75182885596827e-07,0.524384780850534,0.101151135781661,"UPF2"
"ENSG00000127946",493.394015654276,0.509420053027934,0.0950418678707249,5.35995413853653,8.32430813391342e-08,6.75695689834181e-07,0.49226181957404,0.0953769125551935,"HIP1"
"ENSG00000170417",34.315014166519,-1.18540542409865,0.221204777494122,-5.35885995559091,8.37487399884687e-08,6.79381337454208e-07,-1.11434115782469,0.221401483090335,"TMEM182"
"ENSG00000103423",1288.46496844256,0.408925318574849,0.076325487297935,5.35765093747278,8.43109266959603e-08,6.83520727142249e-07,0.40599253907763,0.0761406611471421,"DNAJA3"
"ENSG00000172893",3687.27431792906,1.29398227328947,0.241647652378577,5.3548307237939,8.56365504658706e-08,6.93840506728401e-07,1.21659567247461,0.253589696455006,"DHCR7"
"ENSG00000091513",289761.653819417,0.592992396331693,0.110811735601856,5.3513501355335,8.73004199607453e-08,7.06886426324215e-07,0.743970467499501,0.105859944387842,"TF"
"ENSG00000121900",55.0799236180277,1.16091784268854,0.216979548823947,5.35035605420346,8.77813515076683e-08,7.10343745513191e-07,1.09007417751632,0.224893170123457,"TMEM54"
"ENSG00000157954",991.868769717082,0.370530159986444,0.069269242316391,5.34912968001047,8.83782003276761e-08,7.14734266286353e-07,0.362152824726425,0.0691318040297299,"WIPI2"
"ENSG00000108671",859.188384463213,0.354844374827247,0.0663519667669332,5.34791042552916,8.89754781731387e-08,7.19122864105307e-07,0.348656675733588,0.0661806360135438,"PSMD11"
"ENSG00000105289",100.231442363337,1.21550117761946,0.227354710512835,5.34627663916752,8.97819533944861e-08,7.25195827234236e-07,1.13844905912637,0.237747835434257,"TJP3"
"ENSG00000163900",447.433414849302,0.469395309339478,0.0878675889613391,5.34207567190682,9.18882787246582e-08,7.41754186197946e-07,0.45500689531645,0.088022115034081,"TMEM41A"
"ENSG00000010810",516.035626361634,-0.463902987245596,0.0868671915701667,-5.34037049961354,9.27568172566961e-08,7.48306529412782e-07,-0.444832563694194,0.0861969564904685,"FYN"
"ENSG00000100325",794.423764205844,0.576858237532412,0.108050849164684,5.33876634928806,9.3581151578969e-08,7.54494452963078e-07,0.555134443500775,0.108866072202707,"ASCC2"
"ENSG00000143110",221.275229034597,-0.747932078664047,0.140125924551644,-5.33757105301664,9.41999921376922e-08,7.59019030896484e-07,-0.714996880466452,0.139836664446086,"C1orf162"
"ENSG00000047648",12.2156060797092,-1.04986087923796,0.196703457151968,-5.33727721128392,9.43527283635069e-08,7.59784722711885e-07,-0.988868769569703,0.198047812633963,"ARHGAP6"
"ENSG00000196083",1441.41920478789,-1.3818778090021,0.25896120592229,-5.33623483903907,9.48964799024573e-08,7.63696243518186e-07,-1.28925340233228,0.257544176466496,"IL1RAP"
"ENSG00000161217",622.097391987799,0.291444373350736,0.054618931259058,5.33595891813433,9.50409205372535e-08,7.63985851026763e-07,0.28671534695785,0.054422714075667,"PCYT1A"
"ENSG00000180357",353.222435695426,0.734121408732191,0.137580407926977,5.33594441093557,9.50485207338476e-08,7.63985851026763e-07,0.699484152074478,0.139914120636361,"ZNF609"
"ENSG00000183475",211.881321186239,-0.430903088926433,0.0807701895256846,-5.33492729751994,9.55828468845479e-08,7.67811935376423e-07,-0.418321078736794,0.0802489208852629,"ASB7"
"ENSG00000102780",48.8057876759924,-1.06442239504442,0.199702602454611,-5.33003767583019,9.81923941293957e-08,7.88293329943673e-07,-1.00247812611903,0.199798518866788,"DGKH"
"ENSG00000224389",4303.46455240877,1.19039845956893,0.223409049548993,5.32833590211338,9.91166906636968e-08,7.9522873204036e-07,1.11989470483195,0.233530615436545,"C4B"
"ENSG00000179115",437.216131834757,0.727020333511662,0.136458003773497,5.32779546385879,9.94119806773348e-08,7.96672968924785e-07,0.692891864030958,0.138753827589269,"FARSA"
"ENSG00000184675",230.441399510273,0.795667314193686,0.149342985428035,5.32778497706611,9.94177189688152e-08,7.96672968924785e-07,0.757726167390288,0.152395681649572,"AMER1"
"ENSG00000170270",137.793420653308,-0.673883068127721,0.126487924433355,-5.32764745051043,9.94930021106905e-08,7.96791280893766e-07,-0.643921070661935,0.126043725080189,"GON7"
"ENSG00000140950",73.8571193435375,0.749328337851362,0.140746954051389,5.32393999501949,1.01543415196757e-07,8.12717692693318e-07,0.713185331775138,0.142472168682064,"MEAK7"
"ENSG00000133393",449.888967866926,-0.572161358990752,0.107486681565645,-5.3230907369795,1.02018824048855e-07,8.16026632701836e-07,-0.548627937747319,0.106832503481032,"CEP20"
"ENSG00000169239",37.9673713585117,-0.81079232546756,0.15239215942933,-5.320433337934,1.03520376431366e-07,8.27534472431919e-07,-0.769753085782503,0.152377397654764,"CA5B"
"ENSG00000186020",109.464939240068,-0.802385798340086,0.150897685752117,-5.31741619721181,1.0525113331411e-07,8.40859478891735e-07,-0.750766662514017,0.150017627884913,"ZNF529"
"ENSG00000165861",432.684402810519,0.555962936669013,0.104557847307764,5.31727604368659,1.05332208161987e-07,8.40996878508623e-07,0.535532594832524,0.10518078160352,"ZFYVE1"
"ENSG00000142686",88.3801591955313,0.717308771095668,0.134938254649912,5.31582962116027,1.0617246124498e-07,8.47191893788735e-07,0.683832822878639,0.13652784076796,"C1orf216"
"ENSG00000074276",1803.34441751842,1.30628142060127,0.24579574422433,5.3144997474369,1.06950730596711e-07,8.52885111469593e-07,1.22488187109472,0.258394641456065,"CDHR2"
"ENSG00000147065",2335.50593658233,0.753046320852225,0.141720658906955,5.31359596166305,1.07482792684362e-07,8.56091015415799e-07,0.714521273468445,0.144456259379734,"MSN"
"ENSG00000151276",608.573359336483,-0.506814616419639,0.0953804437497075,-5.31361143327868,1.07473662972145e-07,8.56091015415799e-07,-0.486409191692318,0.0946728700091348,"MAGI1"
"ENSG00000169562",5919.4399627712,0.545059684079985,0.102612393396104,5.3118309206174,1.08529275279124e-07,8.63903529821613e-07,0.525157961728167,0.103249784240471,"GJB1"
"ENSG00000065882",764.877506142994,0.439053362010651,0.0826799736352383,5.31027457685988,1.09460197663213e-07,8.70787288479679e-07,0.427607949700854,0.0827103056291685,"TBC1D1"
"ENSG00000138744",741.037947817296,-0.724343289169087,0.136466903512427,-5.30783120687665,1.10937300890066e-07,8.82005134975003e-07,-0.687946020884765,0.135833610744751,"NAAA"
"ENSG00000152291",5355.28809837077,0.690082135685055,0.130041157328347,5.30664406456056,1.11661915124366e-07,8.87230401042489e-07,0.670852462695569,0.131495520562752,"TGOLN2"
"ENSG00000101337",951.223905510794,0.478589983901988,0.0901980985496273,5.30598750525396,1.12064634151528e-07,8.89893228732824e-07,0.475234374695824,0.0901610336823181,"TM9SF4"
"ENSG00000117691",651.388139630216,-0.822262364868303,0.154986799213902,-5.30537032211028,1.12444482115499e-07,8.92371339079364e-07,-0.77972541158115,0.154514108695575,"NENF"
"ENSG00000100362",21.4296571276417,-1.2765563823567,0.240628531702988,-5.30509151729509,1.12616481979725e-07,8.93197952858467e-07,-1.19633988890791,0.241225694179992,"PVALB"
"ENSG00000068137",223.498954696951,1.32091140720503,0.249048946734139,5.3038224996595,1.13402584576138e-07,8.98891287495143e-07,1.23480088144993,0.26192978124876,"PLEKHH3"
"ENSG00000163755",284.890310939435,-1.07600348958724,0.202891658913147,-5.30334019324001,1.13702743342597e-07,9.00728230354174e-07,-1.01239194687895,0.202522354713715,"HPS3"
"ENSG00000142534",7924.50755021825,-0.613308581570764,0.115650412849252,-5.30312487833659,1.138369905883e-07,9.01175137307829e-07,-0.586608994164092,0.114957430291524,"RPS11"
"ENSG00000172935",102.571854095093,1.56818729510995,0.295715322663959,5.30303022847409,1.13896052596098e-07,9.01175137307829e-07,1.45709970409501,0.314263430990816,"MRGPRF"
"ENSG00000141428",124.872416187927,-0.605725879327911,0.11425346876712,-5.30159728071407,1.1479385043679e-07,9.07733234144609e-07,-0.580574890017038,0.113775854020624,"RMP24"
"ENSG00000137204",11080.5897284014,0.676601736842356,0.127664835625766,5.29982851993583,1.15911494872234e-07,9.16020853233996e-07,0.650219242399455,0.129376775177409,"SLC22A7"
"ENSG00000116473",771.964302373234,-0.673005676337618,0.126992080238523,-5.29958777802161,1.16064426585441e-07,9.16679208412667e-07,-0.64287645190467,0.126403343770769,"RAP1A"
"ENSG00000186834",724.116117305797,0.506936246613564,0.0956649407751078,5.29908075525062,1.16387152556535e-07,9.18677008728624e-07,0.489777411906454,0.0960320983774621,"HEXIM1"
"ENSG00000197885",220.561938695601,-0.651136580261454,0.122889172487326,-5.29856753920778,1.16714704852122e-07,9.20710487766947e-07,-0.622124886151434,0.122318879798309,"NKIRAS1"
"ENSG00000257923",678.560106104761,0.61840284691152,0.116747168512818,5.29694085765875,1.17758814484818e-07,9.28390749405459e-07,0.592746409815364,0.117964614788966,"CUX1"
"ENSG00000099994",36.564068935568,1.71100282239397,0.323040203505148,5.29656310214252,1.18002572453609e-07,9.29755756387921e-07,1.59185228688537,0.340271008724926,"SUSD2"
"ENSG00000183431",777.579120267797,0.27646161793533,0.052207381234189,5.29545078492241,1.18723166928362e-07,9.34873932882064e-07,0.272434474392826,0.0520352337973548,"SF3A3"
"ENSG00000164077",167.891992263109,0.712086680385949,0.134476867988259,5.29523546345621,1.18863150064495e-07,9.35416756574504e-07,0.678938342033748,0.136408747371593,"MON1A"
"ENSG00000134247",266.378125343685,0.587421009005766,0.110979350997513,5.29306581563023,1.20282606308788e-07,9.46021980084533e-07,0.564241682650099,0.111866307112009,"PTGFRN"
"ENSG00000153066",1220.2262175625,0.394360265231277,0.0745187241708102,5.29209631028214,1.20922178243283e-07,9.50484417164812e-07,0.384032134754082,0.0744408848446548,"TXNDC11"
"ENSG00000183155",136.251655822805,0.446149286003148,0.0843124044205398,5.29162095505913,1.21236965781038e-07,9.52390150043645e-07,0.432030353464555,0.0841259764751215,"RABIF"
"ENSG00000170734",101.892613651058,0.919673510035806,0.173837251879209,5.29042826030661,1.22030280988274e-07,9.58050494628277e-07,0.87378147864731,0.178232625918826,"POLH"
"ENSG00000167670",69.059376364168,0.829914563588688,0.156875427520074,5.29027762160195,1.22130834133534e-07,9.58268511443447e-07,0.785302890038745,0.160164825451265,"CHAF1A"
"ENSG00000119487",851.872180374213,0.392425537810483,0.0741860794425773,5.28974628069185,1.2248615105637e-07,9.60484017157929e-07,0.383593431937146,0.0741120580244266,"MAPKAP1"
"ENSG00000165512",528.407908486764,-0.64583340585702,0.122170144361508,-5.28634396916128,1.24785156586546e-07,9.77929387868132e-07,-0.604811773757762,0.121054799422659,"ZNF22"
"ENSG00000185652",35.3535481001016,-0.926351370154233,0.175250152144099,-5.28588054743908,1.25101511753765e-07,9.79825403777557e-07,-0.874904879396619,0.175492053462294,"NTF3"
"ENSG00000104213",10.1643334604246,-1.34662213346285,0.254792123739761,-5.28517959541899,1.25581492085993e-07,9.82618291148662e-07,-1.25990867297213,0.256321480831847,"PDGFRL"
"ENSG00000115486",4169.56166405089,0.473840774094846,0.0896589491066436,5.28492447007428,1.25756632279014e-07,9.82618291148662e-07,0.459751943201185,0.0898555076388294,"GGCX"
"ENSG00000183655",112.123880636334,0.98923227315272,0.187176875469842,5.28501328312913,1.25695636488483e-07,9.82618291148662e-07,0.933298695981473,0.192928981408215,"KLHL25"
"ENSG00000184517",403.939311020272,-0.961981700563843,0.182018343759668,-5.28508105663249,1.25649109677386e-07,9.82618291148662e-07,-0.90746706852305,0.18163682405823,"ZFP1"
"ENSG00000099956",380.093616577558,0.578543598872309,0.109559873773694,5.28061578518559,1.28750429741108e-07,1.0054140913235e-06,0.563125084120945,0.110221715511991,"SMARCB1"
"ENSG00000089163",51.4549624733643,0.784891463777305,0.14867978190058,5.2790732791238,1.29838875897524e-07,1.01331276826722e-06,0.74538232881524,0.150494297192332,"SIRT4"
"ENSG00000244731",3626.73469914321,1.38377838058463,0.26215648752244,5.27844416005985,1.30285355344644e-07,1.01619489838127e-06,1.29932170473329,0.277003793916714,"C4A"
"ENSG00000087884",265.318941910885,-0.62311671707407,0.118118800613487,-5.27533901324529,1.32510893111389e-07,1.03294163333603e-06,-0.595912475419503,0.117561159214254,"AAMDC"
"ENSG00000067113",683.303835920381,-0.607585015123977,0.115212516984427,-5.27360247850592,1.3377150010894e-07,1.04215122510906e-06,-0.579583105591064,0.114555564253132,"PLPP1"
"ENSG00000172175",357.479399536805,-0.673150267870735,0.12765844332778,-5.27305715409933,1.34169756788432e-07,1.04463572908131e-06,-0.626098539985605,0.126446890469044,"MALT1"
"ENSG00000138709",851.124327626426,-0.66145995034955,0.125491409051966,-5.27095803088512,1.35713502645127e-07,1.05603071857313e-06,-0.630312891868224,0.124863160539849,"LARP1B"
"ENSG00000110328",249.756024181776,0.931299797697957,0.176691597919294,5.27076447700325,1.35856708909751e-07,1.05652063172226e-06,0.879472082682494,0.181870663542051,"GALNT18"
"ENSG00000162227",268.893140124842,0.668301417759126,0.126819134318321,5.26972070383059,1.36631496889278e-07,1.06191870604737e-06,0.638859722627677,0.128369248977997,"TAF6L"
"ENSG00000130755",178.28784925931,-0.848857384405738,0.161194689464338,-5.266038150677,1.39399327371678e-07,1.08279147148998e-06,-0.803549673946201,0.160829888579575,"GMFG"
"ENSG00000101986",132.842249191722,1.15189857118791,0.218747797641338,5.26587505615295,1.39523156138099e-07,1.08311431233149e-06,1.07947201689044,0.227860279134144,"ABCD1"
"ENSG00000103111",576.440324438214,0.373371809141798,0.0709199775845773,5.26469158420876,1.40424894367684e-07,1.08947210326749e-06,0.365421150779745,0.0707405742159507,"MON1B"
"ENSG00000165633",182.062037900964,0.908445195076131,0.172581037520683,5.26387607889574,1.41049540782312e-07,1.09367388335684e-06,0.857905472252926,0.177319111735827,"VSTM4"
"ENSG00000132432",510.326579479357,-0.961298932349076,0.182639693106829,-5.26336261300437,1.41444214263246e-07,1.09608859622713e-06,-0.906355892499273,0.182241382447296,"SEC61G"
"ENSG00000129968",185.007343882588,1.1354796532599,0.215781837884892,5.26216508483728,1.42368844567324e-07,1.10260482798434e-06,1.06522328392889,0.224783500560048,"ABHD17A"
"ENSG00000168228",96.7894851574522,-0.469171452269862,0.0892038923401767,-5.25954013845819,1.4441610440029e-07,1.11780272224234e-06,-0.454886779346198,0.0887985100297348,"ZCCHC4"
"ENSG00000060491",658.144665533272,1.11076231886741,0.211213548379694,5.25895392311963,1.44877182349372e-07,1.12071268085301e-06,1.04424938823695,0.220016041402685,"OGFR"
"ENSG00000174915",156.153214339011,0.825372317343512,0.156967949853641,5.25822193710947,1.45454912962596e-07,1.12452107108957e-06,0.77946723719955,0.160408778878558,"PTDSS2"
"ENSG00000155324",336.93241405258,-0.719250984612177,0.136802090887291,-5.25760227747364,1.45945729359327e-07,1.12741605908594e-06,-0.670656532877902,0.135596110597777,"GRAMD2B"
"ENSG00000158023",50.2178712919735,-0.894567764366934,0.170149716682151,-5.25753308210343,1.46000636544244e-07,1.12741605908594e-06,-0.845190041079998,0.170079786220553,"CFAP251"
"ENSG00000171530",1201.92770872876,-0.572550201674984,0.108907695166941,-5.25720612117758,1.4626035350636e-07,1.12875956287499e-06,-0.54140733630541,0.107879423558088,"TBCA"
"ENSG00000187193",1605.82767119452,-1.48905277225896,0.283256704205302,-5.25690213206644,1.465022239304e-07,1.12996384315621e-06,-1.38888483027997,0.281791972114017,"MT1X"
"ENSG00000130414",1811.63143476361,0.378333410255182,0.0719746288331473,5.25648296335421,1.46836372135727e-07,1.13187803017505e-06,0.369571835173838,0.071880509469289,"NDUFA10"
"ENSG00000174177",93.7872437294487,0.958015757956825,0.182297682100796,5.25522731236439,1.47841755066282e-07,1.13896111597581e-06,0.904163466056529,0.187175202903692,"CTU2"
"ENSG00000100207",327.791467967751,0.573753083480749,0.1091907562706,5.25459391506415,1.48351430818166e-07,1.14221926207718e-06,0.551713176946063,0.109913119491253,"TCF20"
"ENSG00000088832",1065.90069683264,-0.429401599481775,0.0817403792098107,-5.25323718378636,1.49448876398962e-07,1.14954360241527e-06,-0.40894595028405,0.0809598197350766,"FKBP1A"
"ENSG00000122386",69.7593768240256,1.32213107928342,0.251680983884887,5.25320212467117,1.49477339156536e-07,1.14954360241527e-06,1.23382473923846,0.263878447139843,"ZNF205"
"ENSG00000080371",534.649161228817,-0.725155301321437,0.13804392867657,-5.25307638136293,1.49579467042291e-07,1.14965747990589e-06,-0.689977959766856,0.137466408221314,"RAB21"
"ENSG00000129055",765.840927072373,-0.649289640555244,0.123615922199798,-5.25247580571221,1.5006818222614e-07,1.15274077432285e-06,-0.620853500701605,0.123012797765006,"ANAPC13"
"ENSG00000183840",109.36886470913,0.617375465828582,0.11757804551713,5.25077163098987,1.51463367950064e-07,1.16277941832685e-06,0.589356228298859,0.118555770574527,"GPR39"
"ENSG00000180104",459.973036417781,0.595520805818215,0.113433440928403,5.24995804538888,1.52133855824135e-07,1.16724612224974e-06,0.57342254315734,0.114375753767792,"EXOC3"
"ENSG00000102100",329.563044558844,0.4207666070879,0.0801710489744688,5.24836100400654,1.5345835836863e-07,1.17672262450867e-06,0.412087119805434,0.0801012327375518,"SLC35A2"
"ENSG00000015153",163.447884898331,-0.889122764068498,0.169507498618162,-5.24532997841801,1.56002864550724e-07,1.19553766861166e-06,-0.840907953318535,0.169193788542582,"YAF2"
"ENSG00000215217",12.8638449439966,-1.88799714923268,0.360005360918946,-5.24435842958949,1.56827067184337e-07,1.2011548380157e-06,-1.75573338925528,0.357870690273647,"CFAP90"
"ENSG00000070610",934.359176014109,0.559077906135519,0.106699410803226,5.23974689201015,1.60796987217067e-07,1.23084484517437e-06,0.536742184602503,0.107446873144519,"GBA2"
"ENSG00000086189",136.686279519892,-0.647167099451677,0.123530016536455,-5.23894610878395,1.61496185464576e-07,1.23547866230483e-06,-0.612106299549769,0.122758082774414,"DIMT1"
"ENSG00000185432",11197.6014787665,-0.495421825403981,0.0945813794205699,-5.23804821243954,1.62283673734264e-07,1.24078214191946e-06,-0.470272242540347,0.0936488639275673,"TMT1A"
"ENSG00000144048",161.137315999873,-0.476266559609077,0.0909302376751692,-5.23771378790901,1.62577924361522e-07,1.24231047715833e-06,-0.460859723196321,0.0904497388085522,"DUSP11"
"ENSG00000108557",110.623655924568,1.16399038813784,0.222265344904347,5.23694050747663,1.63260288747253e-07,1.24623179470489e-06,1.09015220761591,0.231634075017581,"RAI1"
"ENSG00000171105",1830.10494024419,-0.483489361876462,0.0923232680831803,-5.23691775556356,1.63280407554758e-07,1.24623179470489e-06,-0.462993104035875,0.0915209612024442,"INSR"
"ENSG00000058600",374.372012174489,0.341936745971411,0.0653033638757448,5.23612760013446,1.63980606629181e-07,1.25085090780985e-06,0.335577682116432,0.0651031961664721,"POLR3E"
"ENSG00000171813",50.9321158589307,1.40855796224571,0.269132188760185,5.23370306886938,1.66147283517298e-07,1.26664454822742e-06,1.31239832131123,0.281867152896498,"PWWP2B"
"ENSG00000089094",196.611897341291,-0.651634052319128,0.124523195659839,-5.2330334831689,1.66750518678236e-07,1.27050771349402e-06,-0.624092695911562,0.124018166403075,"KDM2B"
"ENSG00000162073",32.8689617999121,1.52063987587632,0.290610974492993,5.23256177275915,1.67176757243103e-07,1.2730186153052e-06,1.41329837691367,0.304760696228743,"PAQR4"
"ENSG00000138439",62.283850005307,-0.959460923289314,0.183373922567107,-5.23226481637919,1.67445627815103e-07,1.27432898023911e-06,-0.903947411747278,0.183254508468014,"FAM117B"
"ENSG00000107021",516.164292789162,0.580684388631802,0.110984871334238,5.23210399445375,1.6759141386092e-07,1.27470164927376e-06,0.557458311187246,0.111860460999892,"TBC1D13"
"ENSG00000166068",132.929854701551,-1.10811922246034,0.211854713632118,-5.23056203688989,1.68995451356594e-07,1.28463863311831e-06,-1.03986719753674,0.211552140698292,"SPRED1"
"ENSG00000186222",89.7537373407793,-0.67220100003761,0.128566026809295,-5.22844966683694,1.70937355369145e-07,1.29865044477217e-06,-0.641355384924067,0.128285595332447,"BLOC1S4"
"ENSG00000223496",267.902850013077,-0.644332856901143,0.123249347475206,-5.22788047239571,1.71464295355127e-07,1.30190248710819e-06,-0.612752849136895,0.122533643659138,"EXOSC6"
"ENSG00000135643",21.4690733102606,-1.14499963151016,0.219030835436601,-5.2275727717871,1.71749807267207e-07,1.30331871036314e-06,-1.07378449140715,0.219506676321293,"KCNMB4"
"ENSG00000015676",872.386830411112,0.361057755318562,0.0690802616361828,5.22664139895856,1.72616821656383e-07,1.30914347576494e-06,0.355723453796478,0.0688931999521442,"NUDCD3"
"ENSG00000106178",23.523116512386,3.08804025034819,0.590868134355711,5.22627650874322,1.72957650109825e-07,1.31060859243641e-06,2.84416608261543,0.640740095626632,"CCL24"
"ENSG00000120709",285.065983820987,0.36817214255383,0.0704470989278416,5.2262214932505,1.73009094155741e-07,1.31060859243641e-06,0.358229327900449,0.0701133289583674,"FAM53C"
"ENSG00000203485",666.494297564206,1.26189474432367,0.241525148604269,5.22469296309698,1.74444326479351e-07,1.32072110547851e-06,1.17872882428535,0.254063443850098,"INF2"
"ENSG00000117569",163.841218909142,-1.0991186606754,0.210385818277697,-5.22430014377029,1.74815024226776e-07,1.32276701664928e-06,-1.03162349165893,0.210050350943629,"PTBP2"
"ENSG00000167114",376.978885479578,0.819327226185129,0.15683969502903,5.22397870024853,1.75118932166421e-07,1.3243054916158e-06,0.776032275526173,0.160547482653105,"SLC27A4"
"ENSG00000092531",621.362792409114,-0.652734883368646,0.124962622705371,-5.22344097168658,1.75628468518158e-07,1.3271866497611e-06,-0.623396805888385,0.124342956552198,"SNAP23"
"ENSG00000187187",83.9675844601899,-0.694173595489355,0.132897802351858,-5.22336399251716,1.75701528978703e-07,1.3271866497611e-06,-0.654552326263803,0.132205857958101,"ZNF546"
"ENSG00000135506",6015.99981194694,0.473501240519213,0.0906671255155588,5.2224137230198,1.76605847648908e-07,1.33325263196418e-06,0.460513110220945,0.0908369889582108,"OS9"
"ENSG00000138050",84.5046824857442,-0.77745174076827,0.148909639154615,-5.22096316384887,1.77994946912349e-07,1.3429693243828e-06,-0.737693603373022,0.148630102988181,"THUMPD2"
"ENSG00000197021",191.235423324435,0.480440205880433,0.092024743421839,5.22077202299938,1.78178774927347e-07,1.34358634060335e-06,0.466271981780839,0.0921539746678445,"EOLA2"
"ENSG00000120699",289.887555354165,-0.682384657659481,0.130776299678091,-5.2179535538105,1.80910812868535e-07,1.36340684729658e-06,-0.642939004918519,0.129881362755798,"EXOSC8"
"ENSG00000136813",1408.98342632722,0.310050725629064,0.0594211999557144,5.21784692769819,1.81014960163434e-07,1.36341130750101e-06,0.305346006851174,0.059227323102522,"ECPAS"
"ENSG00000162542",184.176372366133,0.592545105979531,0.113572373646992,5.2173348760086,1.81515915855625e-07,1.36640282913388e-06,0.568233724590307,0.114282488117153,"TMCO4"
"ENSG00000181924",736.269214038821,-0.469252843212106,0.089982899879802,-5.21491132025004,1.83905194063743e-07,1.38359759145328e-06,-0.453776734981063,0.0893598771056804,"COA4"
"ENSG00000075643",981.806263978668,0.607386224553674,0.116492286779646,5.21396086680477,1.8485048002471e-07,1.38991514563411e-06,0.580739583575983,0.117661514446749,"MOCOS"
"ENSG00000105193",4526.60871007236,-0.776547553661583,0.148991351663601,-5.21203106751395,1.86784258393791e-07,1.40285313520402e-06,-0.734914241584955,0.148330197421288,"RPS16"
"ENSG00000148481",319.814376309025,-0.756498051668712,0.145144122397486,-5.21204744066037,1.8676776953064e-07,1.40285313520402e-06,-0.715606412133194,0.144512836047012,"MINDY3"
"ENSG00000105364",496.00740710402,0.852282417576025,0.163546698852262,5.2112480628296,1.87574441796245e-07,1.40798466401902e-06,0.80602552779991,0.167873046088072,"MRPL4"
"ENSG00000115540",142.31294545323,-0.988186232945528,0.189654604228153,-5.21045211091605,1.8838100265551e-07,1.41323320852561e-06,-0.929909754910186,0.189372847229406,"MOB4"
"ENSG00000106633",379.925619102778,2.39085980730118,0.458944150791842,5.20947876375828,1.89371880357377e-07,1.41985773165446e-06,2.20309241946786,0.50753269091496,"GCK"
"ENSG00000100003",4203.79260066035,0.649956256466536,0.124773756620826,5.20907820738045,1.89781112563122e-07,1.42211617985548e-06,0.621318634788588,0.12640637047253,"SEC14L2"
"ENSG00000249915",618.868341667947,-0.463163051496291,0.0889457891562058,-5.2072510221129,1.91658742275274e-07,1.43536916996374e-06,-0.447510529901882,0.0883059425788119,"PDCD6"
"ENSG00000203880",705.97062451314,-0.64195380368556,0.12342637941105,-5.20110698173884,1.9810502250765e-07,1.48280314174856e-06,-0.61770348906992,0.122952616317044,"PCMTD2"
"ENSG00000170296",74.2138600375925,0.886385116414481,0.170504340280885,5.19860734896408,2.00787155968036e-07,1.50202482697452e-06,0.838504417700083,0.174209068637798,"GABARAP"
"ENSG00000147548",477.364281161137,-0.441422503075888,0.0849247971080656,-5.19780462370943,2.01655909682525e-07,1.50766706807503e-06,-0.427792772195572,0.0843260600411335,"NSD3"
"ENSG00000140650",164.623536380483,0.71906230842563,0.138350493565432,5.19739604749264,2.0209948749446e-07,1.5101259093939e-06,0.684310143906699,0.140348550274412,"PMM2"
"ENSG00000076554",432.603110637382,-1.26725187608271,0.243831113468911,-5.1972525493318,2.02255502394368e-07,1.51043445520377e-06,-1.18090128089879,0.242821369088172,"TPD52"
"ENSG00000157870",145.349399917886,0.803814360826118,0.154702093695297,5.19588547010435,2.03747674738328e-07,1.52071535465126e-06,0.760920446058092,0.157870062943653,"PRXL2B"
"ENSG00000174749",86.7551121661084,-1.20622462645854,0.232430803255285,-5.18960744258027,2.1073787920796e-07,1.5716980527007e-06,-1.12865762093701,0.232097997913207,"FAM241A"
"ENSG00000196911",57.3729520713002,-1.24737360706781,0.240363159857779,-5.18953739751912,2.10817162469196e-07,1.5716980527007e-06,-1.16607703763582,0.240145426842466,"KPNA5"
"ENSG00000087074",144.286996332979,-0.859371459597477,0.165639406210942,-5.18820659440826,2.12328972193099e-07,1.58207314538446e-06,-0.81158658507914,0.165378603849932,"PPP1R15A"
"ENSG00000086544",209.919803069065,0.619710597785412,0.119477491978588,5.18683969275546,2.13892695403792e-07,1.59282309258276e-06,0.59303628049152,0.120476441971623,"ITPKC"
"ENSG00000102317",897.334258738776,-0.519583861752101,0.10019936483754,-5.18550055276833,2.15435448394031e-07,1.60340481263754e-06,-0.499888959319382,0.0994941933375171,"RBM3"
"ENSG00000162522",350.837298557203,0.903143755747097,0.174193623572406,5.18471191554089,2.16349021109616e-07,1.6092944700165e-06,0.852073745647173,0.179373601586423,"NHSL3"
"ENSG00000102699",989.940880429372,0.801320439106451,0.154564158483505,5.18438716303021,2.16726307948126e-07,1.61119061007624e-06,0.765311956625625,0.157825162397901,"PARP4"
"ENSG00000167992",230.30694689329,1.86313693542044,0.359445175565292,5.18336887535162,2.17913448044616e-07,1.61910183801095e-06,1.72222798042564,0.389237918818086,"VWCE"
"ENSG00000118094",224.944463843405,1.45605017998767,0.280949308125923,5.18260817120454,2.18804390041418e-07,1.6248046245264e-06,1.35238420471184,0.298924958683947,"TREH"
"ENSG00000074706",22.0568762514313,-1.06809205411557,0.20615078635046,-5.18112044598168,2.20557008602845e-07,1.63689604017196e-06,-1.00208007621619,0.206974474226693,"IPCEF1"
"ENSG00000135363",167.137646490932,-0.763643634616429,0.147398035714853,-5.18082639916399,2.20905013131898e-07,1.63855515656032e-06,-0.719651303396774,0.146723404586307,"LMO2"
"ENSG00000183549",5826.78588312479,-0.688572765221399,0.13291115642281,-5.18069952706564,2.2105533011154e-07,1.63874688977958e-06,-0.649666250767909,0.131983335670936,"ACSM5"
"ENSG00000128573",106.492963864252,-1.01272106676395,0.195622628515847,-5.17691166122895,2.25588963574681e-07,1.67141490963661e-06,-0.951589578767989,0.19538790288461,"FOXP2"
"ENSG00000156482",7555.26237969346,-0.574830050105641,0.111044905191943,-5.17655491813909,2.26020542952867e-07,1.67272988674393e-06,-0.541132183705894,0.10997502651481,"RPL30"
"ENSG00000170632",368.920791250919,-0.65669113202413,0.126857566525475,-5.17660199553216,2.25963544173308e-07,1.67272988674393e-06,-0.612754480465909,0.125742778887186,"ARMC10"
"ENSG00000112110",613.131558426997,-0.436027597484619,0.084252420275957,-5.17525307945424,2.27602254569362e-07,1.68348948520237e-06,-0.417876935955451,0.0835235233525547,"MRPL18"
"ENSG00000176401",10.9566132971756,-0.999055651068338,0.193060518324492,-5.17483149708087,2.28116758523695e-07,1.68634769383659e-06,-0.939244444954213,0.195435486409572,"EID2B"
"ENSG00000181274",223.553036513989,0.819635325139972,0.158393989761352,5.17466178088508,2.28324199210673e-07,1.68693401055427e-06,0.775037959554224,0.161959220081334,"FRAT2"
"ENSG00000143256",368.126562015279,-0.645900139917191,0.124823895847297,-5.1744911143244,2.28532985302945e-07,1.68752960431777e-06,-0.616559190624239,0.124210008209699,"PFDN2"
"ENSG00000151327",501.647776740621,-0.534047293284164,0.103213494065878,-5.17420031283214,2.2888916429513e-07,1.68921229658615e-06,-0.511879516017902,0.10252177248158,"FAM177A1"
"ENSG00000166260",419.368341965623,-0.734472005712334,0.141960885169642,-5.17376321537194,2.29425538442722e-07,1.69222220679937e-06,-0.698392267661309,0.141427587200331,"COX11"
"ENSG00000150540",2882.59342811759,-0.598015681989962,0.115595702981366,-5.17333833841871,2.29948080348864e-07,1.69512677820445e-06,-0.572707184655846,0.114902256281667,"HNMT"
"ENSG00000185761",31.0046697533744,1.52313772500608,0.294435113950399,5.1730845026272,2.30260812989295e-07,1.69648229648408e-06,1.41463260608024,0.307592756888959,"ADAMTSL5"
"ENSG00000146373",353.485107166844,-0.951682223467575,0.183985807339763,-5.1725849793953,2.30877439772559e-07,1.7000740335825e-06,-0.894986079941012,0.183518088556463,"RNF217"
"ENSG00000187479",60.8091466382214,-1.25978410668751,0.243568657973404,-5.17219299547593,2.31362433650707e-07,1.70269301366417e-06,-1.17480576660416,0.243148859699732,"C11orf96"
"ENSG00000083828",45.6439413485097,-0.603219417927603,0.116638640392539,-5.171694525052,2.31980603093857e-07,1.70628861471157e-06,-0.577343337682547,0.116509215391433,"ZNF586"
"ENSG00000107371",103.986726358758,-0.625433429388525,0.120950449792297,-5.17098886744576,2.32858441397809e-07,1.71178907841628e-06,-0.597705102150974,0.120503727787006,"EXOSC3"
"ENSG00000055163",1028.9003533723,1.33606668300735,0.258507507136491,5.16838639545546,2.36123746225498e-07,1.73385680022582e-06,1.24645491651438,0.272947009402692,"CYFIP2"
"ENSG00000167378",345.27890753562,0.473851859123784,0.0916823703699595,5.16840759255768,2.36096972528598e-07,1.73385680022582e-06,0.458280384536889,0.0917911325564206,"IRGQ"
"ENSG00000047936",10.4104583829829,2.90397004480533,0.561909661180004,5.16803722275753,2.36565202651729e-07,1.73613013272723e-06,2.67643069807628,0.584749071480333,"ROS1"
"ENSG00000204136",90.5539065116085,-1.09659426141148,0.212216467253983,-5.16733821649693,2.37451348227237e-07,1.74166264666284e-06,-1.02832193925053,0.212049062565899,"GGTA1"
"ENSG00000087085",30.5379785139033,2.73527791192365,0.529357864292244,5.16716213441117,2.37675076519204e-07,1.74233299412686e-06,2.51504415815968,0.577284903303514,"ACHE"
"ENSG00000142687",997.347742850452,0.524048855027224,0.101432279518044,5.166489972593,2.3853099322737e-07,1.74763442227688e-06,0.505106521349713,0.101929220790439,"KIAA0319L"
"ENSG00000110075",978.084953639245,-0.451349716579314,0.0873642077360423,-5.16630011621004,2.38773291203171e-07,1.7484366807458e-06,-0.422620721138094,0.0862506041532316,"PPP6R3"
"ENSG00000171867",822.005070203595,-0.663570332462098,0.128451338749193,-5.16592772736879,2.39249231018492e-07,1.75094795752611e-06,-0.632432964492083,0.127785501719316,"PRNP"
"ENSG00000059769",819.998806434358,-0.650770447793723,0.126004870085292,-5.16464520262764,2.40895414260683e-07,1.7620161245312e-06,-0.618181610509218,0.125473259857649,"DNAJC25"
"ENSG00000104231",450.384009211709,-0.68213901719025,0.132083244665662,-5.16446290304972,2.41130291108494e-07,1.76275480995804e-06,-0.649666119019859,0.131458598607473,"ZFAND1"
"ENSG00000184731",278.636832110355,-0.663483207960648,0.128478101869898,-5.16417349185714,2.41503626265787e-07,1.76408193552819e-06,-0.632427177982379,0.127847091104674,"FAM110C"
"ENSG00000186230",24.6907031888777,1.06183527718762,0.205618074362726,5.16411448983058,2.41579806300875e-07,1.76408193552819e-06,0.995641599182749,0.209796725885525,"ZNF749"
"ENSG00000134684",857.649910342195,0.456112472535058,0.0883575016170866,5.16212505092895,2.44162087502454e-07,1.78195013528675e-06,0.442314553228167,0.0884578914193638,"YARS1"
"ENSG00000109065",286.117412140466,0.71893043565299,0.139381511172411,5.15800431209053,2.49595873100913e-07,1.82059793088455e-06,0.683915852779575,0.141671171474697,"NAT9"
"ENSG00000166897",18.4479858533207,3.98963569056775,0.773878561917104,5.15537693754477,2.53121233042426e-07,1.84529022936688e-06,3.65558485887773,0.844534771913139,"ELFN2"
"ENSG00000037749",182.362705000113,1.52646629413826,0.296105808618614,5.1551379598377,2.53444264547296e-07,1.84662268236287e-06,1.41602139842562,0.315607002415786,"MFAP3"
"ENSG00000158806",20.3959393869102,1.85929110801358,0.360701218109593,5.15465713633567,2.54095411499103e-07,1.85034302422411e-06,1.71759290707508,0.382142725705905,"NPM2"
"ENSG00000135108",492.941830112146,-0.687013445411142,0.133290803166061,-5.15424492232389,2.54654931536426e-07,1.85339238729054e-06,-0.638685270897994,0.132031559476595,"FBXO21"
"ENSG00000001461",172.940708461909,0.610672944383092,0.118506903641115,5.15305797063474,2.56272699671084e-07,1.86413611263508e-06,0.586023848336339,0.119409233397411,"NIPAL3"
"ENSG00000118939",45.1874727633487,-1.28903472511697,0.25016511304875,-5.15273576482174,2.5671356381456e-07,1.86631186150331e-06,-1.20259423202474,0.24998704505105,"UCHL3"
"ENSG00000114956",346.212817101123,-0.554248201338196,0.107570739474356,-5.15240672367343,2.57164536566564e-07,1.86855865807692e-06,-0.530896815614826,0.106882633603039,"DGUOK"
"ENSG00000214113",181.186486777304,-0.509711032794859,0.0989752457521628,-5.14988398282124,2.60647636565263e-07,1.89282227414134e-06,-0.490568766619838,0.0984097415532491,"LYRM4"
"ENSG00000005194",381.269921784284,0.466438606987234,0.0906328350256518,5.14646382688148,2.65442621204335e-07,1.92658078874106e-06,0.456397150465227,0.0906247838275087,"CIAPIN1"
"ENSG00000151445",325.644563731397,0.296073061729592,0.0575744191462743,5.14244114174014,2.71191416498944e-07,1.96722104111576e-06,0.290879811117442,0.0573604528594214,"VIPAS39"
"ENSG00000176978",779.661834457099,0.98583086219254,0.191736937217744,5.14158031570616,2.72437144348935e-07,1.97516929652978e-06,0.92620727822961,0.198704113646497,"DPP7"
"ENSG00000226742",407.947996907644,-0.925030633230343,0.179948387795958,-5.14053304150315,2.73960140082778e-07,1.98511788900928e-06,-0.867812558730126,0.179367301811717,"HSBP1L1"
"ENSG00000118849",48.5794907778398,-1.15415562481404,0.224577418714219,-5.1392327484302,2.75862533123544e-07,1.99780314142166e-06,-1.07871044809597,0.22468201786688,"RARRES1"
"ENSG00000125744",28.7797815402786,1.23454827308825,0.240284483458819,5.13786098593352,2.77883317317716e-07,2.01133136657781e-06,1.15098912060376,0.247737497756445,"RTN2"
"ENSG00000144283",1271.97341604993,0.449530002669823,0.0875101202692888,5.13689161078188,2.79319945740829e-07,2.02061890418888e-06,0.435780757585848,0.087585106875535,"PKP4"
"ENSG00000104408",2961.55894857343,-0.733371792011973,0.142943621639425,-5.13049679027933,2.88978487700831e-07,2.08878190998398e-06,-0.695160981238777,0.142245276021068,"EIF3E"
"ENSG00000111669",5675.24442417187,0.434334622543944,0.0846582934354286,5.13044386933247,2.89059747834636e-07,2.08878190998398e-06,0.421423297125981,0.0847099853833419,"TPI1"
"ENSG00000165271",382.195319117942,0.584554070275425,0.113949788999627,5.12992674586996,2.89854953272659e-07,2.09337921820506e-06,0.566056447896472,0.114682852613462,"NOL6"
"ENSG00000157514",998.972340193984,-1.12619948184613,0.219570534924334,-5.12910114389543,2.91128901318786e-07,2.10142714625172e-06,-1.05206985643682,0.21900366869015,"TSC22D3"
"ENSG00000090621",1178.9168024451,-0.341735455850296,0.0666531270040749,-5.12707312035643,2.94281245674179e-07,2.12301746879246e-06,-0.337260752754512,0.0662539355622129,"PABPC4"
"ENSG00000187566",45.8246916604971,0.784010854913158,0.15295630010381,5.12571796245764,2.96406036779668e-07,2.13717518085494e-06,0.742293700925683,0.154500358272034,"NHLRC1"
"ENSG00000214046",547.548332447568,-0.52453007986585,0.102355846662466,-5.12457370017728,2.98211687109408e-07,2.14901755472494e-06,-0.506164780139709,0.101661095498595,"SMIM7"
"ENSG00000138443",182.88538219303,-0.512228432330651,0.0999899660521582,-5.12279834222021,3.01034250196528e-07,2.16817119151394e-06,-0.493014954878993,0.0993796463153804,"ABI2"
"ENSG00000142039",146.141120112992,0.676787317126531,0.132117215692747,5.1226277633679,3.01306800280602e-07,2.16894769409208e-06,0.644609593921702,0.133747466116528,"CCDC97"
"ENSG00000105662",125.315348921358,1.1501989099075,0.224538126428655,5.12251049833609,3.01494303979339e-07,2.16911147879343e-06,1.07750697651587,0.233974896475696,"CRTC1"
"ENSG00000018408",392.011839930779,-0.703685603777756,0.137376553785021,-5.12231224608346,3.01811560397369e-07,2.17020808530407e-06,-0.668641416326748,0.136771398729093,"WWTR1"
"ENSG00000147586",86.4569607930564,0.700662069700713,0.136815627216513,5.12121373819312,3.03575315638627e-07,2.1816990205776e-06,0.66597550519226,0.13850279515218,"MRPS28"
"ENSG00000198840",68170.6898066005,-1.09234504669172,0.213350850251499,-5.11994700468296,3.05621528641722e-07,2.19520624446094e-06,-1.02190028855794,0.212795715680836,"MT-ND3"
"ENSG00000136295",319.036899259457,1.1459066582507,0.223875012479639,5.11851075097054,3.07957685836609e-07,2.21078020268528e-06,1.0703067024649,0.234109425435818,"TTYH3"
"ENSG00000176473",96.1742700682238,0.629333509452006,0.12297826690598,5.11743680640051,3.09715781124731e-07,2.22218963176469e-06,0.60021978917407,0.123854135416205,"WDR25"
"ENSG00000141873",72.4163425978084,0.94675087893429,0.185108150420162,5.11458234975248,3.1443589185547e-07,2.25482731599625e-06,0.88649069624533,0.190656486603547,"SLC39A3"
"ENSG00000169740",410.033810990172,-0.624977411389649,0.122201945950935,-5.11429999355806,3.14906551125677e-07,2.2569731367015e-06,-0.591907322326668,0.121356207612684,"ZNF32"
"ENSG00000136997",60.9428588925985,-1.18982357125974,0.232657238670327,-5.11406212013766,3.15303589925573e-07,2.25858926276393e-06,-1.11013610779438,0.232353579638907,"MYC"
"ENSG00000196605",72.7149916690244,-0.66284662868467,0.129661340321104,-5.11213772002621,3.18533460212266e-07,2.28048479453763e-06,-0.631114795824291,0.129228700524196,"ZNF846"
"ENSG00000169242",1745.84663853889,-0.845090400602244,0.165382940346688,-5.10990068764469,3.22328200414231e-07,2.30639841665966e-06,-0.796715134085121,0.164792532055287,"EFNA1"
"ENSG00000135127",48.1948068623375,1.56368138584168,0.306048311348337,5.10926323675067,3.23417492129273e-07,2.31293574219121e-06,1.44711784333116,0.324562100187445,"BICDL1"
"ENSG00000177425",446.057009303263,-0.785730302863509,0.153815079036319,-5.10827877075679,3.25106757447519e-07,2.32291563425849e-06,-0.742819116565775,0.153223894226872,"PAWR"
"ENSG00000180061",18.8581267309107,2.37863848215837,0.465646958932474,5.10824442537228,3.2516584489886e-07,2.32291563425849e-06,2.19042026618096,0.494180944003525,"TMEM150B"
"ENSG00000168569",194.378243560844,-0.600148708187149,0.117507481775969,-5.10732337308826,3.26754286540395e-07,2.33299725411651e-06,-0.574022290730936,0.116901265123489,"TMEM223"
"ENSG00000102858",563.873008911454,1.05879335058661,0.207330537716686,5.10678919876932,3.27678949936663e-07,2.33833119504938e-06,0.992662126019053,0.215877758048149,"MGRN1"
"ENSG00000247626",106.997949373123,0.811250687831827,0.158870582987245,5.10636187378352,3.28420473809865e-07,2.34235317344566e-06,0.765943832539631,0.162013925031535,"MARS2"
"ENSG00000184985",195.603820772633,1.64701221851826,0.322656355420526,5.10453983270117,3.31600424885475e-07,2.36375267679598e-06,1.52175357356725,0.34652504266966,"SORCS2"
"ENSG00000241635",1685.30932109591,1.65596761409863,0.324468456026161,5.10363205835058,3.33195808075629e-07,2.37383983177691e-06,1.53395493579993,0.349198029269503,"UGT1A1"
"ENSG00000135437",154.362329452306,1.0285599091891,0.201679549444598,5.09997127632244,3.39705029471985e-07,2.41890558032891e-06,0.962711489595918,0.209503371126737,"RDH5"
"ENSG00000087008",401.354298933996,0.495897166965563,0.0972566872830343,5.09884904389571,3.41724930403675e-07,2.43197320740259e-06,0.494883353980262,0.0971874518976046,"ACOX3"
"ENSG00000128284",1684.134353444,1.07770602179497,0.211373211042625,5.0985932251256,3.42186997418468e-07,2.4339459794768e-06,1.0079214437832,0.22058902675513,"APOL3"
"ENSG00000112996",379.644451855216,-0.598257046014559,0.117370157168854,-5.0971819450994,3.44746951896758e-07,2.45083065263105e-06,-0.558430984391842,0.11617125813676,"MRPS30"
"ENSG00000072840",158.047948345364,1.82969000069192,0.359034203707146,5.09614399352421,3.46641504555559e-07,2.46296926550377e-06,1.68903120281252,0.38844751855025,"EVC"
"ENSG00000213066",357.063804695101,-0.721016193706548,0.14149552821183,-5.09568184110476,3.47488292198081e-07,2.46765418289101e-06,-0.684521438716043,0.140908127266381,"CEP43"
"ENSG00000172428",221.804936648142,-0.868044918894829,0.170382918509593,-5.09467102974855,3.49347335767058e-07,2.47951861062484e-06,-0.818065101945029,0.169921416749387,"COPS9"
"ENSG00000087274",1470.93547274866,0.453597697941016,0.0890526057610682,5.09359264745197,3.51341236454118e-07,2.4923268960964e-06,0.439050182344153,0.0891818173670626,"ADD1"
"ENSG00000123643",92.1491201962933,0.776231799908699,0.152437558173441,5.09212958544978,3.54063968364415e-07,2.51028874931927e-06,0.732496039673628,0.155238889919631,"SLC36A1"
"ENSG00000169439",5678.82238530049,-0.700445176453476,0.137579201275433,-5.09121415126687,3.5577792078192e-07,2.52108294134271e-06,-0.655839123899514,0.136451834589375,"SDC2"
"ENSG00000115286",458.518559242206,1.30095198993228,0.255567446276016,5.09044484690445,3.57224466900036e-07,2.52997166821188e-06,1.20872030727017,0.270328046449564,"NDUFS7"
"ENSG00000108854",129.265689289771,-0.574538332847516,0.112949847067739,-5.08666764730502,3.64409603649513e-07,2.57947142024166e-06,-0.55015983554327,0.112373662799213,"SMURF2"
"ENSG00000180592",151.497918437806,0.632130759942963,0.124326485775726,5.08444162962406,3.68709132916723e-07,2.60850319397183e-06,0.603091108019478,0.125494371528714,"SKIDA1"
"ENSG00000065000",1000.46027951392,0.699371814690251,0.137605592203916,5.08243744668357,3.72622041812747e-07,2.63477003356961e-06,0.66514889218165,0.139895911824228,"AP3D1"
"ENSG00000137764",171.535938383589,0.507646969724948,0.0998926557769038,5.08192484999804,3.73629238519266e-07,2.64047372750653e-06,0.488042315448296,0.10014318554547,"MAP2K5"
"ENSG00000122194",68811.7002168232,0.740523863456165,0.145768322389955,5.08014259418544,3.77151666502335e-07,2.66393714655029e-06,0.701929082049369,0.148736067753906,"PLG"
"ENSG00000094841",96.8579488691953,-0.574300605463086,0.113068536382973,-5.07922560806732,3.78976450906766e-07,2.67539085932358e-06,-0.547212124653028,0.11235495486989,"UPRT"
"ENSG00000110514",493.120293122952,0.504837300468188,0.0994855891172779,5.07447666488725,3.88563909609398e-07,2.74160366233512e-06,0.486465536077418,0.0998298932897153,"MADD"
"ENSG00000171858",2017.18692543585,-0.798381435711088,0.157380208476576,-5.07294686822021,3.91701894697266e-07,2.7622641379669e-06,-0.754192051333914,0.156779328143655,"RPS21"
"ENSG00000167967",178.705312068775,1.22562271192615,0.241621008695252,5.07250060143564,3.92621894366458e-07,2.76726973299185e-06,1.14111866629426,0.253960920968558,"E4F1"
"ENSG00000123159",409.136312740577,0.803619810839737,0.158437733692935,5.07214911567226,3.93347966091833e-07,2.77090386386574e-06,0.758758002662065,0.16227249791716,"GIPC1"
"ENSG00000167283",1914.85962115387,-0.601329139169569,0.118581148470015,-5.07103487298089,3.95658255448425e-07,2.78568801670265e-06,-0.572209655344961,0.117678647807185,"ATP5MG"
"ENSG00000176485",963.914696876116,-0.686914289230188,0.135466364750863,-5.07073686146001,3.96278373399742e-07,2.78856283494442e-06,-0.652502733245197,0.134782831262872,"PLAAT3"
"ENSG00000151176",596.871108833641,0.576770451626544,0.113775092883977,5.06939117346808,3.99090249464485e-07,2.80684947887255e-06,0.551363978918797,0.114723341770141,"PLBD2"
"ENSG00000075275",305.483489568769,0.819330489932369,0.161643423786491,5.06875238558787,4.00431754891859e-07,2.8147808248298e-06,0.773093233334846,0.165716123584693,"CELSR1"
"ENSG00000137309",182.231562085062,0.776317910304761,0.15316235107942,5.06859489184918,4.00763172324313e-07,2.8156072181547e-06,0.740011844203226,0.156402344604413,"HMGA1"
"ENSG00000165233",86.9241260937282,0.740135302030641,0.146028894084436,5.06841681347448,4.01138225271835e-07,2.81673913276212e-06,0.703709768968559,0.147834185786979,"CARD19"
"ENSG00000176381",57.3094913081246,-1.18842637505567,0.234488971730564,-5.06815466111223,4.01690963757566e-07,2.81911685971861e-06,-1.10855830397619,0.234352679265197,"PRR18"
"ENSG00000214022",1240.52132969691,0.575745304359925,0.113633558431181,5.06668375353755,4.04805973646064e-07,2.83946481034847e-06,0.551277402995236,0.114599826763524,"REPIN1"
"ENSG00000131504",2726.11260376802,0.362373536711613,0.071562701737167,5.0637207360131,4.11151813884003e-07,2.88244131075441e-06,0.353437917538463,0.0714165548104177,"DIAPH1"
"ENSG00000081791",1226.08512444723,0.24495233963892,0.0483774447237825,5.0633583695358,4.1193444307322e-07,2.88639110032039e-06,0.242382176727584,0.0481961552503145,"DELE1"
"ENSG00000101230",206.781176673973,1.06654097875938,0.210721016153912,5.0613887415025,4.16213595195649e-07,2.91476307426237e-06,0.996915023122899,0.219269152184443,"ISM1"
"ENSG00000251247",65.2367748661133,-0.627703602825994,0.124020445116421,-5.06129132367452,4.16426351411782e-07,2.91476307426237e-06,-0.598662159620978,0.123586368437327,"ZNF345"
"ENSG00000180481",11.6554596008784,-1.44070509981149,0.28468210752309,-5.06075043614968,4.17609535764544e-07,2.9214915769798e-06,-1.337462665562,0.285761396376432,"GLIPR1L2"
"ENSG00000003249",74.00422241037,1.4071534487955,0.278107485888451,5.05974675331073,4.19813677928283e-07,2.93535150483472e-06,1.30318219651229,0.29454082192123,"DBNDD1"
"ENSG00000182636",57.036056362226,-0.92906004380795,0.183626572822722,-5.05950761660672,4.20340488485657e-07,2.93747498482068e-06,-0.872148146706287,0.183627115525641,"NDN"
"ENSG00000108639",854.449104430336,0.526349196687059,0.10403699874831,5.05925010351771,4.20908494835736e-07,2.93988394854499e-06,0.504674427786248,0.104582251992608,"SYNGR2"
"ENSG00000156599",992.92082932636,0.500765406719958,0.0989829297095436,5.05910875935284,4.2122057770774e-07,2.94050377841999e-06,0.482035759699401,0.0993837671293057,"ZDHHC5"
"ENSG00000100483",85.4917103423622,-0.999721927766845,0.197727989520929,-5.05604659304456,4.28036800273317e-07,2.98650371616242e-06,-0.93672069293422,0.197489580675916,"VCPKMT"
"ENSG00000154864",419.233162221433,0.821559552229486,0.162704802229933,5.0493872397722,4.43229465886177e-07,3.09086819272108e-06,0.775708242005821,0.166802270733294,"PIEZO2"
"ENSG00000114648",124.578291465267,0.569167659590092,0.112723970887131,5.04921584212105,4.43627279071629e-07,3.09200463539284e-06,0.544954297754753,0.113156622805536,"KLHL18"
"ENSG00000128731",719.009408832219,0.571900287124576,0.11327988467315,5.04855993431398,4.45152821675385e-07,3.099891535664e-06,0.547491311611291,0.114190258214375,"HERC2"
"ENSG00000187244",335.693916540133,1.25453916663517,0.248501056076263,5.04842589582461,4.45465197134762e-07,3.099891535664e-06,1.16511161575306,0.262306665746253,"BCAM"
"ENSG00000234127",1131.8712450623,0.5018476219194,0.0994057327482695,5.04847766868995,4.45344515895159e-07,3.099891535664e-06,0.483003664048622,0.0997950958201235,"TRIM26"
"ENSG00000146039",1805.67601520856,0.718705945561149,0.142387342431869,5.0475409772118,4.47532804373393e-07,3.11263439111468e-06,0.683194566559607,0.144956691840124,"SLC17A4"
"ENSG00000143819",26241.5415446776,0.650547462734433,0.128973413152953,5.04404316231385,4.55796412633532e-07,3.16843483037649e-06,0.630384953605419,0.130184728642215,"EPHX1"
"ENSG00000106153",2233.27711565104,-0.610875444004357,0.121111383452861,-5.04391434222302,4.56103543883864e-07,3.16889670647755e-06,-0.583007456656589,0.120360902865408,"CHCHD2"
"ENSG00000151470",167.833754718628,-0.771143511773701,0.152897342662887,-5.04353769884636,4.57002677862339e-07,3.17346901726559e-06,-0.727430787528024,0.152381226210363,"C4orf33"
"ENSG00000153721",810.559944767149,-0.598867628959292,0.118751523411192,-5.04303112715141,4.58214677048088e-07,3.18020792726153e-06,-0.564077535467394,0.117646773042448,"CNKSR3"
"ENSG00000169856",144.363763182383,1.14107291649176,0.226292893658601,5.04246022949908,4.59584295529995e-07,3.18803310587351e-06,1.06304797540312,0.236597353531046,"ONECUT1"
"ENSG00000242220",47.0654008546139,-1.40444423295589,0.27860686898523,-5.04095336224589,4.63218356097663e-07,3.21154969793672e-06,-1.30390531314244,0.278051428929235,"TCP10L"
"ENSG00000178921",165.200352409393,0.540392190412202,0.107227865035534,5.03966194079423,4.66354875775835e-07,3.23159383919191e-06,0.515547357019404,0.107668296697282,"PFAS"
"ENSG00000116698",778.648465555826,0.322212073717385,0.0639421292149562,5.03912018059634,4.6767675788006e-07,3.23734605375861e-06,0.318070745557804,0.0636705931576196,"SMG7"
"ENSG00000180155",947.126126944821,1.05253807085654,0.2088714862257,5.03916589993141,4.67565064301908e-07,3.23734605375861e-06,0.983207927939557,0.217847236113327,"LYNX1"
"ENSG00000177663",279.925153988393,0.499562761010478,0.099159429498829,5.03797534470867,4.70482028623453e-07,3.25505327843215e-06,0.480995317763405,0.0994558062769693,"IL17RA"
"ENSG00000182544",190.471852185595,0.447479820611575,0.0888640901616275,5.03555282901892,4.76471693552657e-07,3.29476172127851e-06,0.431588772338561,0.088845342444553,"SLC61A1"
"ENSG00000168386",65.0517105839305,-1.33560216311116,0.265245744279247,-5.03533870728218,4.77004632528828e-07,3.29671548129898e-06,-1.24113866936078,0.264719227360343,"FILIP1L"
"ENSG00000153933",110.739204687332,-0.738049302945244,0.146586492672706,-5.03490662398985,4.78081818827807e-07,3.30242666667729e-06,-0.698877569848736,0.146102812879416,"DGKE"
"ENSG00000171621",232.267551858972,1.16938057642237,0.232355869222754,5.03271374350913,4.83584951828756e-07,3.33868876548369e-06,1.08794194793634,0.243661170155797,"SPSB1"
"ENSG00000023839",5241.14608703537,0.612546249062481,0.121749736641738,5.03119157345667,4.87440775924805e-07,3.36354573156498e-06,0.585690028719254,0.123114347368233,"ABCC2"
"ENSG00000065268",291.124790927445,1.08827711752111,0.21631532503593,5.03097557854652,4.87990311284998e-07,3.36381174784203e-06,1.01475654094625,0.226006753254742,"WDR18"
"ENSG00000125962",124.801344687705,-0.564644706117811,0.11223326220646,-5.03099255084568,4.87947108652525e-07,3.36381174784203e-06,-0.540535077311186,0.111671130871164,"ARMCX5"
"ENSG00000104427",17.9150410489899,-1.17001913125331,0.232612007398521,-5.0299171755514,4.90691754427049e-07,3.3806633379312e-06,-1.09044973555174,0.233536108742414,"ZC2HC1A"
"ENSG00000160214",191.840283022579,0.798468391906221,0.158800934356971,5.0281089033855,4.95340550254004e-07,3.41090673883066e-06,0.75417766053328,0.16226941012698,"RRP1"
"ENSG00000167863",2146.87157820875,-0.481173159659479,0.0957014810540901,-5.02785489168681,4.95996968800317e-07,3.41185793689915e-06,-0.463677422180932,0.0949709607916208,"ATP5PD"
"ENSG00000176919",2597.28519093514,1.03209562729204,0.205272015394617,5.02794121891351,4.95773787416113e-07,3.41185793689915e-06,0.971542555761786,0.213351245736153,"C8G"
"ENSG00000162897",343.296129914799,1.41446537451634,0.281347560749013,5.02746627961056,4.97002846214556e-07,3.41699189204222e-06,1.30852086684937,0.299741190490489,"FCAMR"
"ENSG00000102081",709.929987591598,-0.891537845207061,0.177426690854915,-5.02482372246961,5.03895157895976e-07,3.46256975410147e-06,-0.841156434885589,0.176830842199451,"FMR1"
"ENSG00000140526",9056.67193765785,0.945922886851148,0.188440769492777,5.01973585332555,5.17425805503624e-07,3.55369230843021e-06,0.886433082886092,0.195265743653477,"ABHD2"
"ENSG00000160695",366.158939864514,0.429168384004396,0.0855019188970763,5.01940061159342,5.18329542656961e-07,3.55804314839497e-06,0.415788252295642,0.0853906997616577,"VPS11"
"ENSG00000144034",187.462968018441,-0.710620493752277,0.141581213253335,-5.01917222930378,5.18946081980944e-07,3.56041902832783e-06,-0.673791261173092,0.141017564044113,"TPRKB"
"ENSG00000147654",485.986209691524,-0.514280959997667,0.102468285480616,-5.01892812576582,5.19605844132917e-07,3.56308882492395e-06,-0.493761468944703,0.101737144923978,"EBAG9"
"ENSG00000106733",1005.28792893868,-0.633446432562622,0.126220045810588,-5.01858820042898,5.20525940644023e-07,3.56754010125934e-06,-0.605181617854591,0.125571973594928,"NMRK1"
"ENSG00000079150",115.523240142074,-0.65423587326154,0.130395680237715,-5.01731247591061,5.23993053833144e-07,3.58943420747512e-06,-0.621222480449064,0.129827279542286,"FKBP7"
"ENSG00000238227",275.870628654484,0.635654317374243,0.126695821259658,5.01716876732259,5.24385011975072e-07,3.59025120523338e-06,0.605766434752648,0.128247458333479,"TMEM250"
"ENSG00000103549",683.502732710286,0.494171696577418,0.0984991724028843,5.01701369181197,5.24808289982129e-07,3.59128167666565e-06,0.476180772766605,0.0988527664521292,"RNF40"
"ENSG00000121690",862.308204751922,-0.826125396934116,0.164691020038693,-5.01621397900155,5.26996338502011e-07,3.60064026607031e-06,-0.778088967508873,0.164077473621283,"DEPDC7"
"ENSG00000134901",147.789966652656,0.70647980501127,0.140838528548766,5.01623960638476,5.2692608465807e-07,3.60064026607031e-06,0.670247728285433,0.14279766781181,"POGLUT2"
"ENSG00000164331",209.554648801253,-0.515638681699527,0.102792844565372,-5.01628964428163,5.26788938875286e-07,3.60064026607031e-06,-0.493533592198417,0.102052047063485,"ANKRA2"
"ENSG00000107404",494.522431479111,0.971280799703157,0.193641798029608,5.01586336000995,5.27958418400673e-07,3.60216722007144e-06,0.912680027443017,0.200704442988806,"DVL1"
"ENSG00000122783",172.276104139425,0.497025168077786,0.0990912427043393,5.01583343303879,5.28040614821348e-07,3.60216722007144e-06,0.47389849764466,0.0993814852826373,"CYREN"
"ENSG00000130717",692.845759048798,0.542775770492384,0.108209215876771,5.01598469311986,5.27625295318587e-07,3.60216722007144e-06,0.524608749843033,0.108818550419497,"UCK1"
"ENSG00000173821",2522.13452072003,0.628203116263034,0.125288472888379,5.01405358195011,5.3295134628029e-07,3.63378426987379e-06,0.596097854150256,0.126891722371515,"RNF213"
"ENSG00000231500",9292.23269801306,-0.607712599136739,0.121230052457343,-5.01288737254793,5.36192846073674e-07,3.65399327712526e-06,-0.578123454731648,0.120375096560101,"RPS18"
"ENSG00000148719",609.919290133488,0.379812348351835,0.0757743766962798,5.01241138378749,5.37521320852464e-07,3.66115142801011e-06,0.37007958755188,0.0755705233789636,"DNAJB12"
"ENSG00000114999",370.244441885334,0.478708805886311,0.0955142648873243,5.01190902166322,5.38926845227488e-07,3.66882670334287e-06,0.461725231849114,0.0956477045599725,"TTL"
"ENSG00000099942",1025.60108801339,0.380161254491183,0.0758610712011104,5.01128244661036,5.40684863132074e-07,3.67889245891312e-06,0.370678377246002,0.075712022580985,"CRKL"
"ENSG00000102898",515.365695354857,-0.454989709793415,0.0908049315485707,-5.01062774933149,5.42527691999833e-07,3.68952458309391e-06,-0.439637191748336,0.0901501419115118,"NUTF2"
"ENSG00000100426",175.024524874456,0.549394400395398,0.109654409085105,5.01023538386862,5.43635015173828e-07,3.69328966723536e-06,0.526506559013232,0.110192094493321,"ZBED4"
"ENSG00000175395",105.693470466743,-0.592564570796511,0.118270866156598,-5.01023278219606,5.43642364811037e-07,3.69328966723536e-06,-0.565324536584544,0.117620378734962,"ZNF25"
"ENSG00000167778",352.116253398761,0.627884532656819,0.125324178954923,5.01008295360675,5.44065787184622e-07,3.69426000725773e-06,0.598668519635525,0.126743522607122,"SPRYD3"
"ENSG00000182934",3940.57866178884,0.410502848263621,0.0819370438956388,5.00997874400337,5.44360475709672e-07,3.69435568205852e-06,0.402006541738332,0.0818517449648507,"SRPRA"
"ENSG00000181163",3478.28637515348,-0.452882339629997,0.0904031613153963,-5.00958520742424,5.45474724426984e-07,3.70001041824094e-06,-0.433836467329308,0.0895757125812937,"NPM1"
"ENSG00000141219",255.483087118733,0.37220089610906,0.0743235994002128,5.00784271903809,5.50434838149802e-07,3.73173279046359e-06,0.361915144009562,0.0740373347769001,"MTNAP1"
"ENSG00000113504",1273.46136537489,0.873975107539682,0.174526393355748,5.00769591770686,5.50854698702365e-07,3.73265721210259e-06,0.821922255183989,0.179882049550008,"SLC12A7"
"ENSG00000169692",2044.99835403112,1.08076185795384,0.215848783088056,5.00703243489188,5.52756153590451e-07,3.74361497848348e-06,1.01697884983431,0.224969446550838,"AGPAT2"
"ENSG00000075785",2724.26944132359,-0.197173620531183,0.0393961889982896,-5.00489071518423,5.58937321689037e-07,3.78191606623447e-06,-0.195184182735969,0.0392366249379568,"RAB7A"
"ENSG00000196367",540.98144178429,0.554013769692658,0.110694849355644,5.00487396584012,5.58985923203121e-07,3.78191606623447e-06,0.531054628367667,0.111445216056305,"TRRAP"
"ENSG00000115170",294.764657214665,-0.471931998164207,0.094300691667695,-5.00454439748165,5.59943059795752e-07,3.78644598113553e-06,-0.453838784935579,0.0936526432790816,"ACVR1"
"ENSG00000115590",140.96018875293,0.77619843489715,0.155110575180787,5.00416192766009,5.61055814367363e-07,3.79007739967198e-06,0.732399717430624,0.158167230521504,"IL1R2"
"ENSG00000165474",797.043521165549,-0.603377553152154,0.120574769220886,-5.00417754934119,5.6101032304533e-07,3.79007739967198e-06,-0.575768272408632,0.119803412645424,"GJB2"
"ENSG00000080298",44.212476120458,-0.90251606162205,0.180386737331973,-5.00322847993593,5.63780537756347e-07,3.80653054364106e-06,-0.84726286177425,0.180414065626591,"RFX3"
"ENSG00000126785",56.3876854924496,-0.847235841308248,0.169347719136208,-5.00293624047459,5.64636200475328e-07,3.81035377522202e-06,-0.797211783828451,0.169230790869717,"RHOJ"
"ENSG00000099834",2508.59793582825,1.14032146586146,0.228010935985972,5.00117005761344,5.69834206611286e-07,3.84346166201034e-06,1.06986997091893,0.238696653435042,"CDHR5"
"ENSG00000196776",701.010886855637,-0.5940459789738,0.118820016013939,-4.99954468028446,5.74658551398798e-07,3.87401663477551e-06,-0.55945292323563,0.117725747870169,"CD47"
"ENSG00000155330",198.90897784898,-0.794250229000785,0.158914548875219,-4.99797051070785,5.79368423783253e-07,3.90376902125399e-06,-0.749851233403611,0.158420094269781,"C16orf87"
"ENSG00000213588",94.4448523604627,0.522306815451427,0.10450847655154,4.99774595024208,5.80043328024466e-07,3.90631736919188e-06,0.501610203916902,0.104644890784595,"ZBTB9"
"ENSG00000162687",147.503438337047,-1.01718029434844,0.203581651143924,-4.99642422896618,5.8403107393993e-07,3.93116212653022e-06,-0.951332066077302,0.203267625627958,"KCNT2"
"ENSG00000197530",173.570091511781,1.50184820050469,0.300593439948147,4.99627736641148,5.84475798768189e-07,3.93214530740009e-06,1.3850685371206,0.32172062197542,"MIB2"
"ENSG00000198814",794.589613038588,-1.03482064894142,0.207167476734195,-4.99509220875021,5.88076624439024e-07,3.95434976372022e-06,-0.966834166195296,0.206666237809554,"GK"
"ENSG00000128923",127.834864599578,-0.9368424769268,0.187637081657586,-4.9928429319553,5.94969421382131e-07,3.99457797140089e-06,-0.87723645795225,0.18721526179552,"MINDY2"
"ENSG00000147647",11041.7498238878,-0.361732984108828,0.0724497722754184,-4.99287951842964,5.94856683418692e-07,3.99457797140089e-06,-0.351608890257938,0.0718574095576134,"DPYS"
"ENSG00000196387",242.819013922155,-0.495829180424037,0.0993041748690604,-4.99303459374012,5.94379061229738e-07,3.99457797140089e-06,-0.476701204046011,0.0985769292031011,"ZNF140"
"ENSG00000005436",435.078077208476,-0.845812804212195,0.169454683223843,-4.99138051614018,5.99492628766105e-07,4.02289497978315e-06,-0.795870167580509,0.16892314734531,"GCFC2"
"ENSG00000158828",2825.81605962498,0.539022182219151,0.108042357065215,4.98898947469089,6.06959535179912e-07,4.07092676524642e-06,0.519214020417869,0.108666116996465,"PINK1"
"ENSG00000106853",9411.19095886643,0.585744063973605,0.1174164736515,4.9886020739486,6.08177744614214e-07,4.07702046109508e-06,0.561150283348381,0.11850262175681,"PTGR1"
"ENSG00000103226",50.8833173026501,1.97856197135756,0.396678372977765,4.98782415715027,6.10631081423481e-07,4.0886763872486e-06,1.81250316325919,0.432134441217685,"NOMO3"
"ENSG00000156639",873.230649368848,0.486328819809221,0.0975045432277973,4.98775547999875,6.10848128035698e-07,4.0886763872486e-06,0.472364673234051,0.0977450404082944,"ZFAND3"
"ENSG00000205758",199.14920487853,-0.416306740384891,0.0834632575683331,-4.98790428883095,6.10377927993301e-07,4.0886763872486e-06,-0.403021322471721,0.0828417321468769,"CRYZL1"
"ENSG00000154822",327.85453403059,0.562680261674527,0.112826714799795,4.98711907612461,6.12862953174667e-07,4.1000780698667e-06,0.539375416150292,0.113660803059867,"PLCL2"
"ENSG00000169762",944.178346027449,-0.609936607302057,0.12232836718957,-4.9860602353733,6.16229396525773e-07,4.12050595970459e-06,-0.580635584412949,0.121521513062821,"TAPT1"
"ENSG00000129680",93.9008671079037,-0.62808758132845,0.125996324930792,-4.98496747165801,6.1972237990084e-07,4.14024471938334e-06,-0.597950925479002,0.125392204447742,"MAP7D3"
"ENSG00000187118",222.387329262997,-0.60384529920102,0.121133914110663,-4.98494004453098,6.19810294843123e-07,4.14024471938334e-06,-0.575917160889147,0.120438379340789,"CMC1"
"ENSG00000132004",54.5068397745386,0.922740420461423,0.185115709269985,4.98466836823468,6.20681775841273e-07,4.14396362105791e-06,0.862644313643546,0.189915215151405,"FBXW9"
"ENSG00000073536",154.763224739141,0.521771881106466,0.104681318346118,4.98438393163219,6.21595454750025e-07,4.14796034325333e-06,0.500343603028546,0.10506054746952,"NLE1"
"ENSG00000164402",325.723245191159,0.461935873210333,0.0926801047760787,4.98419670895282,6.22197566433535e-07,4.14987495423704e-06,0.44619108339306,0.0927638208942987,"SEPTIN8"
"ENSG00000248333",176.207123737195,0.685003598118403,0.137475367727413,4.98273697639152,6.26911410274078e-07,4.17919778616127e-06,0.652566362111373,0.139382129164555,"CDK11B"
"ENSG00000197362",57.3522967474243,0.837523562263763,0.168112536414462,4.98192211078741,6.29557767180072e-07,4.19471536573524e-06,0.787895958276012,0.171402399861622,"ZNF786"
"ENSG00000019485",77.9567714404755,0.646236798519296,0.129720106402338,4.9817782026399,6.30026240412533e-07,4.19571344525615e-06,0.614805717304764,0.130569595666196,"PRDM11"
"ENSG00000133302",60.2851637139974,-0.955988955919304,0.191929255072232,-4.98094443996837,6.32747059866476e-07,4.21170262396462e-06,-0.895255056575745,0.191792852567642,"SLF1"
"ENSG00000131080",25.5817873180054,2.5680880729574,0.515776845283957,4.97906816957546,6.38911376421121e-07,4.25058473065208e-06,2.34172927669826,0.567117730782599,"EDA2R"
"ENSG00000165406",840.261990101715,0.402318452512675,0.0808066515400177,4.97877891046427,6.39866845445117e-07,4.25479135713657e-06,0.390526618214183,0.080722779657274,"MARCHF8"
"ENSG00000145349",680.778402802715,-0.730036113185696,0.146634098017718,-4.97862450176822,6.40377445619971e-07,4.25603707674535e-06,-0.687194634272646,0.145791397183744,"CAMK2D"
"ENSG00000224470",487.52402398821,0.539195280260098,0.108306863692548,4.97840360137027,6.41108603990013e-07,4.25874666000631e-06,0.51760635622279,0.108900427317815,"ATXN1L"
"ENSG00000205707",765.012235876821,-1.34648811823096,0.270565041080085,-4.97657832237245,6.47180963334351e-07,4.29691606820982e-06,-1.24631187244938,0.269369307014574,"ETFRF1"
"ENSG00000205250",329.28019740884,0.574445298563464,0.115443893075899,4.97596956632252,6.49218477913044e-07,4.30827141139271e-06,0.549636549850704,0.116337029714184,"E2F4"
"ENSG00000205189",326.187830565217,-0.981164337823399,0.19719931767712,-4.97549560201769,6.50809121628383e-07,4.3166513326747e-06,-0.91735264735776,0.196721021881123,"ZBTB10"
"ENSG00000140022",69.1507203690975,-0.703225735324222,0.14134796428905,-4.97513875676452,6.52009186671486e-07,4.32243351043141e-06,-0.66614158970088,0.141033208894171,"STON2"
"ENSG00000143801",246.449775336389,0.489222331680358,0.0983410227280651,4.97475334411731,6.53307718861773e-07,4.32886231833623e-06,0.472209059853403,0.0985027108842547,"PSEN2"
"ENSG00000126016",156.691252357425,0.681393889990119,0.136989664936496,4.97405326384289,6.5567280703104e-07,4.34234817775185e-06,0.646193044711452,0.138843122451237,"AMOT"
"ENSG00000179218",12573.0136235591,0.635254384554221,0.127725556504034,4.97358870019217,6.57246799143269e-07,4.350583890156e-06,0.613944151363171,0.128936153859253,"CALR"
"ENSG00000172667",484.203154774865,1.10121699344559,0.22142603935502,4.97329490539262,6.58244086720333e-07,4.3549958018894e-06,1.0269774321069,0.231740481392181,"ZMAT3"
"ENSG00000172530",140.461622204116,0.725339111152288,0.145879944269806,4.97216471244855,6.62094143734376e-07,4.37826795399638e-06,0.686304312308235,0.148170399522804,"BANP"
"ENSG00000184979",147.045706975189,0.868189368851467,0.174659419482617,4.97075606585233,6.66923153109046e-07,4.40798706517756e-06,0.807125926501837,0.180169376880826,"USP18"
"ENSG00000166582",374.859247734114,-0.811779427578602,0.163349234267251,-4.96959432482233,6.70931262152698e-07,4.43225338560081e-06,-0.764359706490886,0.162778791932959,"CENPV"
"ENSG00000111641",268.382278779238,0.72978217818184,0.1468530897528,4.96947105035579,6.71357929625862e-07,4.43284779410938e-06,0.690846786701685,0.149528708625752,"NOP2"
"ENSG00000114853",78.8514748942172,0.829085074374952,0.16694700624272,4.96615718385249,6.8292609689203e-07,4.50696992064184e-06,0.779164120007073,0.170573763612078,"ZBTB47"
"ENSG00000132361",2095.08566692151,0.927550196586069,0.186779364609135,4.96602073000468,6.83406528991295e-07,4.50788094223416e-06,0.870786751579583,0.193272909150965,"CLUH"
"ENSG00000092201",785.33566952942,0.309629989649294,0.0623554553864846,4.96556376230724,6.85017811612e-07,4.51624662377746e-06,0.30304269027867,0.0621268845711876,"SUPT16H"
"ENSG00000151287",414.241088819244,-0.717846160307218,0.144626178393508,-4.96345937008761,6.92485329874868e-07,4.56319412068694e-06,-0.679673759723178,0.143948727881109,"TEX30"
"ENSG00000165071",22.4975339427386,-0.872738381023065,0.175841488059384,-4.96321084776267,6.93372382442165e-07,4.56675377050202e-06,-0.819636923878631,0.176221314610284,"TMEM71"
"ENSG00000125457",168.416497498983,0.479362144227372,0.0966024687713013,4.96221422003431,6.96940664863658e-07,4.58796039679746e-06,0.462793831973727,0.0965997370326078,"MIF4GD"
"ENSG00000159873",53.7816515536346,1.42661635460042,0.287652839486931,4.95950729061112,7.06721957387544e-07,4.65002563266587e-06,1.31748782743083,0.304919291446184,"CCDC117"
"ENSG00000180329",124.185192289796,-0.441290416120986,0.0890431579929388,-4.95591605315684,7.19902954809007e-07,4.73438676474295e-06,-0.42643906290733,0.0885024134810944,"CCDC43"
"ENSG00000138326",8151.96121290565,-0.594428388652174,0.119946256429533,-4.95578942058433,7.20372033626987e-07,4.73510643770989e-06,-0.557234719015457,0.118763433166239,"RPS24"
"ENSG00000182890",151.212560422902,1.01188141873258,0.204245280310665,4.95424627288067,7.26111951516481e-07,4.7704540686956e-06,0.944403029299013,0.21218012723453,"GLUD2"
"ENSG00000186908",336.488872800814,-0.90095493853936,0.181905168603442,-4.95288256763867,7.31221066694302e-07,4.80162422149485e-06,-0.844732284428024,0.181396054947521,"ZDHHC17"
"ENSG00000138081",565.826489640426,-0.687389625487224,0.138833692024079,-4.9511729859349,7.37674945025229e-07,4.84158939491633e-06,-0.661016245182405,0.138630513508211,"FBXO11"
"ENSG00000044115",2563.88741022697,0.454734624103485,0.0918467841808435,4.95101301759381,7.3828164488379e-07,4.84315701870452e-06,0.440248003569736,0.0919786399519424,"CTNNA1"
"ENSG00000080561",87.5535085821915,0.871808085233068,0.176097045634557,4.9507252213775,7.39374358475071e-07,4.84790976279023e-06,0.818005992453797,0.180679570173642,"MID2"
"ENSG00000116663",233.38408793299,0.611529192009023,0.12353253305001,4.95034932831384,7.40803907614836e-07,4.85486523029215e-06,0.591450609568462,0.124599834486612,"FBXO6"
"ENSG00000196792",337.903775279838,-0.74772890452775,0.151103254373375,-4.94846327187709,7.48017012063389e-07,4.8996975028988e-06,-0.706167077381126,0.150479084715007,"STRN3"
"ENSG00000205362",204.168925336731,-1.62165119768203,0.327991224531274,-4.94419080876173,7.64607872393024e-07,5.00588127694011e-06,-1.49665979214105,0.325671751257049,"MT1A"
"ENSG00000136856",423.453839750293,0.656748676806517,0.132849994586725,4.94353559327991,7.67183354729902e-07,5.02024654491744e-06,0.625639914655051,0.134669990545287,"SLC2A8"
"ENSG00000101132",102.537371570189,-1.03624065308555,0.209630692046712,-4.9431724093848,7.68614534285022e-07,5.02210623865256e-06,-0.967179428581145,0.209383587592363,"PFDN4"
"ENSG00000121578",333.80716709679,0.395138889107247,0.0799341373122909,4.94330585646403,7.68088367813188e-07,5.02210623865256e-06,0.387772806856088,0.0796844707091143,"B4GALT4"
"ENSG00000148356",269.878026064757,1.03682443552385,0.209752865024943,4.94307639326191,7.68993329570376e-07,5.02210623865256e-06,0.965862658827665,0.218698711087041,"LRSAM1"
"ENSG00000183172",598.920949775326,-0.608804778826132,0.123160356874595,-4.94318784287086,7.68553664074941e-07,5.02210623865256e-06,-0.569398706163031,0.121991319974116,"SMDT1"
"ENSG00000119977",597.65804224489,0.464164317077023,0.0939135433775103,4.94246410457746,7.71413116046956e-07,5.03541154480626e-06,0.448069609005463,0.0940425623522793,"TCTN3"
"ENSG00000196924",724.680604391594,1.24169436805491,0.251317235206977,4.94074497927806,7.78246431490349e-07,5.07749876957479e-06,1.15244377878463,0.265624337226814,"FLNA"
"ENSG00000166685",334.348871694798,0.440938854203481,0.0892598299890799,4.9399472781589,7.8143696644803e-07,5.09578954940801e-06,0.431177833701183,0.0891786161486433,"COG1"
"ENSG00000087111",205.348093971732,0.448630619960031,0.0908488561445373,4.93820878984184,7.88434041351227e-07,5.13887256852983e-06,0.434507259374766,0.0906960086144875,"PIGS"
"ENSG00000178209",1122.84950112435,1.32881484935562,0.269142248439665,4.93722132834713,7.92435213587194e-07,5.1623958545715e-06,1.23008768878427,0.286144310293407,"PLEC"
"ENSG00000198792",198.069785341729,0.731766172015554,0.148231901275093,4.93663081779895,7.94837286886299e-07,5.17548354062562e-06,0.686272631033278,0.150711840722287,"TMEM184B"
"ENSG00000163659",309.786601481017,-0.880067301057041,0.178287308302515,-4.93623079195158,7.96468491387842e-07,5.18354135324386e-06,-0.826715838505321,0.177706504324557,"TIPARP"
"ENSG00000182551",14017.387414584,-0.60503652286201,0.122596189142039,-4.93519845189492,8.00693025363875e-07,5.20846065807351e-06,-0.576379695450114,0.121769588012167,"ADI1"
"ENSG00000151353",311.762844027359,-0.378735303954635,0.07676288211276,-4.93383382086014,8.06310489579449e-07,5.24241180533483e-06,-0.357563284366406,0.0759548624483859,"TMEM18"
"ENSG00000013288",1164.38596740014,0.561100925642944,0.11372812861331,4.93370402278189,8.06846772218294e-07,5.24330928086183e-06,0.537112817718378,0.114616287679179,"MAN2B2"
"ENSG00000151694",195.493934082679,-0.445045713619664,0.0902112243772639,-4.93337405286153,8.08211645804143e-07,5.24958782864201e-06,-0.429893741714006,0.0895087962407367,"ADAM17"
"ENSG00000171724",19.8784640488635,-1.25197581221109,0.253806813052041,-4.93279040525355,8.10631268235612e-07,5.2627077305671e-06,-1.16108336616365,0.254765170993251,"VAT1L"
"ENSG00000185000",1021.27298808392,0.925292386648124,0.187588526419001,4.93256386364151,8.1157231802047e-07,5.26622037410424e-06,0.865538519611015,0.194308513845471,"DGAT1"
"ENSG00000165264",783.177289992221,-0.600098561170781,0.121672868805236,-4.93206552178342,8.13646125660699e-07,5.27707630071368e-06,-0.56209784335127,0.120485564791385,"NDUFB6"
"ENSG00000170545",74.6810387019875,0.672453777548421,0.136346855310627,4.93193463110263,8.14191661946755e-07,5.27801448606153e-06,0.637616765897289,0.138026723031873,"SMAGP"
"ENSG00000139318",810.668408208783,-1.05053956452142,0.213012205131153,-4.93182803245756,8.14636212279129e-07,5.27829742660778e-06,-0.981681003387361,0.21222976754652,"DUSP6"
"ENSG00000115165",54.5106480005643,-1.02274268432911,0.207440449621358,-4.93029535076657,8.2105388613654e-07,5.31726289467471e-06,-0.954054665574948,0.207400927611215,"CYTIP"
"ENSG00000112701",676.865749320844,-0.551660036655857,0.11192217605167,-4.92896096302823,8.26680887119339e-07,5.35107205497208e-06,-0.519541036236253,0.110804999071245,"SENP6"
"ENSG00000155111",195.259003684566,-0.541568083782745,0.109898909715505,-4.92787494602721,8.31287926614071e-07,5.37824906231e-06,-0.518304348906159,0.109197469902673,"CDK19"
"ENSG00000135775",269.290636932377,0.418330361388627,0.0848982237380904,4.92743361367805,8.33167178908902e-07,5.38775986125471e-06,0.403506388205689,0.0847878926954845,"COG2"
"ENSG00000076248",555.65407697621,-0.398826550489449,0.0809432825620616,-4.9272346989839,8.34015521336003e-07,5.39059811188504e-06,-0.382944539754267,0.0802150801667876,"UNG"
"ENSG00000162367",40.7755145744763,-1.04338451733395,0.211804879287442,-4.92615902355091,8.38617554140689e-07,5.4176833747872e-06,-0.971982290977033,0.211800979612316,"TAL1"
"ENSG00000125037",1222.04223807644,0.37233131595377,0.0756269240029808,4.92326404732652,8.51124852841392e-07,5.49578705861195e-06,0.362345288766913,0.0754689471277732,"EMC3"
"ENSG00000235173",250.721991423785,0.655864136795109,0.13322306654074,4.92305239494353,8.52046277523309e-07,5.49903984797641e-06,0.622696751408605,0.135016423342443,"HGH1"
"ENSG00000119718",266.059168997888,0.426049380747414,0.0865703943501196,4.921421277398,8.59179616577118e-07,5.54236101511726e-06,0.414646913161408,0.0864695500694182,"EIF2B2"
"ENSG00000138685",83.8246469048922,-1.43576016999235,0.291859491228645,-4.91935404926602,8.68302852913969e-07,5.59846981462552e-06,-1.32716694573116,0.29071972099449,"FGF2"
"ENSG00000197343",554.216501498236,-0.47658609013885,0.0968899622192525,-4.91883864151358,8.70591974358283e-07,5.61048161253116e-06,-0.457721598632352,0.0960902180320529,"ZNF655"
"ENSG00000124253",14182.1815165385,-1.93348496581599,0.393106375817038,-4.91847775757237,8.72198254804593e-07,5.61808327923545e-06,-1.77666876758249,0.387719873589052,"PCK1"
"ENSG00000161638",992.303035487419,0.56030018171046,0.113965623547556,4.91639640331241,8.81518122546983e-07,5.6753386804174e-06,0.527369978572935,0.115031911965365,"ITGA5"
"ENSG00000127184",4026.28454687644,-0.632072107414945,0.128605336524314,-4.91482021273234,8.88639705280046e-07,5.71839216017453e-06,-0.60076455955253,0.12776983167885,"COX7C"
"ENSG00000155099",27.6760318942799,-1.11825430135131,0.227555391806415,-4.91420700900213,8.91425239021187e-07,5.73351475180897e-06,-1.03981771125457,0.22808495940974,"PIP4P2"
"ENSG00000121653",140.974566334169,0.881037799839155,0.179320258883118,4.91320838664091,8.95979575760792e-07,5.75718257416622e-06,0.825091199281557,0.184862459808357,"MAPK8IP1"
"ENSG00000237190",149.756608485506,-0.581484795656498,0.118349183640561,-4.91329790176273,8.95570418921237e-07,5.75718257416622e-06,-0.554257655930119,0.117761441327297,"XTBD1"
"ENSG00000196981",158.434292487567,-0.541127915167037,0.11014660968624,-4.91279683240798,8.97863030228858e-07,5.76647056389909e-06,-0.517374098550229,0.109390338311012,"WDR5B"
"ENSG00000043514",187.546794821999,-0.533542299331859,0.108610500420346,-4.91243753842339,8.9951043502277e-07,5.77423422111643e-06,-0.510700580863929,0.107895316143247,"TRIT1"
"ENSG00000170638",227.408072227451,1.07322445110794,0.218486022565609,4.91209661151511,9.01076315450644e-07,5.78146723646354e-06,0.998333815497728,0.228417863073096,"TRABD"
"ENSG00000109180",2366.69907468614,-0.494791062096872,0.100738964547754,-4.91161552352788,9.03290422788106e-07,5.7872125092108e-06,-0.474993174729915,0.0999428047658943,"OCIAD1"
"ENSG00000166860",209.554506957798,0.569291692151039,0.115905115413911,4.91170463113756,9.0287992867323e-07,5.7872125092108e-06,0.54769235858497,0.116379324159763,"ZBTB39"
"ENSG00000250571",52.87292527981,1.54271426686963,0.314094358240764,4.9116267974705,9.03238476924407e-07,5.7872125092108e-06,1.41725230085976,0.335696317771891,"GLI4"
"ENSG00000140948",574.052162406008,-0.492985310107392,0.100390835110091,-4.91066051564144,9.07701178683823e-07,5.81264285921751e-06,-0.472816831816996,0.0995746590618484,"ZCCHC14"
"ENSG00000007541",344.261624918308,1.07010256467953,0.217956259898229,4.90971245872543,9.12100338891394e-07,5.83797426438702e-06,0.994686100069778,0.228059746855797,"PIGQ"
"ENSG00000162595",103.012765085722,-1.16489953886332,0.237341646618754,-4.90811265304196,9.19570320983484e-07,5.88292655299735e-06,-1.08109434743592,0.236983642532449,"DIRAS3"
"ENSG00000138115",34443.098948215,-0.618174460070995,0.125986126793846,-4.90668675831689,9.2627787743228e-07,5.92295994865148e-06,-0.587943475811011,0.12514390829597,"CYP2C8"
"ENSG00000213462",62.1236930875761,1.44274652301572,0.294130986237683,4.90511571551954,9.33722766050748e-07,5.96766696010881e-06,1.32742463687577,0.313244661392382,"ERV3-1"
"ENSG00000067955",169.752307670828,-0.969293405821081,0.197689426081176,-4.90311204314522,9.43301431481431e-07,6.02596149776056e-06,-0.905495089226183,0.197262372082695,"CBFB"
"ENSG00000141380",869.766001769202,-0.404145213853209,0.0824615036366482,-4.90101679001637,9.53419067253053e-07,6.08764085327532e-06,-0.38489523364277,0.0815834857777665,"SS18"
"ENSG00000173530",343.574727741203,0.700520498790605,0.142938430938272,4.90085482394252,9.54205510240582e-07,6.0897090391796e-06,0.662962800836126,0.145406736061483,"TNFRSF10D"
"ENSG00000185825",1950.71693126413,0.420482356171494,0.0858299665574847,4.89901572884658,9.63179346367503e-07,6.14400158637333e-06,0.408907621274951,0.0857732698574265,"BCAP31"
"ENSG00000153774",423.675762516015,-0.502202615214239,0.102515862018689,-4.89877961639427,9.64337321565279e-07,6.14840928606705e-06,-0.481722771889355,0.101752664440238,"CFDP1"
"ENSG00000155893",134.917508135766,-0.66356123990433,0.135488075630203,-4.89756192061825,9.70330623801869e-07,6.18362681170155e-06,-0.62822838096204,0.134855323824031,"PXYLP1"
"ENSG00000167395",114.246383584357,0.779824654028009,0.159239036814778,4.89719524575546,9.72142351799231e-07,6.19217523163458e-06,0.73425911664356,0.162557780448845,"ZNF646"
"ENSG00000156504",154.276680004492,-0.800053341168714,0.163381669132673,-4.89683662442594,9.73917437234971e-07,6.20048209798628e-06,-0.752569578467054,0.162882403094996,"PABIR2"
"ENSG00000120616",366.277264840172,-0.481910465282774,0.0984512078946864,-4.89491673680912,9.83473589358987e-07,6.25829544586777e-06,-0.463533547353267,0.0976990886800684,"EPC1"
"ENSG00000164961",493.960564100243,0.658929705487848,0.134653883142526,4.89350689419327,9.90548427297072e-07,6.30027081825761e-06,0.62418347416384,0.136637330908417,"WASHC5"
"ENSG00000187109",1504.63414976778,-0.542650045654552,0.110942798354259,-4.89125976362863,1.00192630377596e-06,6.36956142709524e-06,-0.518430474931525,0.110012331639868,"NAP1L1"
"ENSG00000128654",372.629055076869,-0.509406064873319,0.104160495605884,-4.89058795189281,1.00535223872546e-06,6.38466705854279e-06,-0.491264867218433,0.103436995479838,"MTX2"
"ENSG00000139540",3140.35135141559,0.72423211397275,0.148088688365578,4.89052960064632,1.00565033525458e-06,6.38466705854279e-06,0.691015477951935,0.150735691908898,"SLC39A5"
"ENSG00000167508",782.723232537809,2.17426555578256,0.44458883450585,4.89050868360021,1.00575721399193e-06,6.38466705854279e-06,1.9803571014612,0.495642287745408,"MVD"
"ENSG00000024862",639.141435504593,-0.531051339253328,0.108609501458187,-4.88954771105155,1.01067925245177e-06,6.41282074109882e-06,-0.503556603001801,0.107650647412481,"CCDC28A"
"ENSG00000081154",872.840529468656,-0.822475186536088,0.168223564242335,-4.8891794097958,1.01257180652034e-06,6.42173429896281e-06,-0.771210437822412,0.167499498442841,"PCNP"
"ENSG00000149809",2741.39637529262,1.14746033281898,0.234716786074466,4.88870162211125,1.01503205147277e-06,6.4342378380792e-06,1.07989038801403,0.245875243881016,"TM7SF2"
"ENSG00000115392",305.203746303274,-0.908900130978967,0.185971585982031,-4.88730644619435,1.02224912726328e-06,6.47686814703962e-06,-0.850391407257603,0.185434487861882,"FANCL"
"ENSG00000131495",987.101566623102,-0.785804707644717,0.160788513731429,-4.88719429894895,1.02283139118233e-06,6.4774401617636e-06,-0.737288902322166,0.15999068103394,"NDUFA2"
"ENSG00000144136",541.911819127778,-0.643561918703982,0.131701846569853,-4.88650641935112,1.02640982413035e-06,6.4969768002405e-06,-0.602817604649501,0.130431078953418,"SLC20A1"
"ENSG00000146469",10.9465212047683,-1.63693741179233,0.335068349555083,-4.88538357611491,1.03227689329527e-06,6.53097432826792e-06,-1.5075920542978,0.334738020822003,"VIP"
"ENSG00000100823",1480.83753927172,0.266726991491113,0.054612702110432,4.88397352967018,1.0396903843803e-06,6.57471834810325e-06,0.261831966147699,0.0544135826737925,"APEX1"
"ENSG00000177728",608.266487185387,0.726561928174408,0.14880462231771,4.88265698240974,1.0466585325822e-06,6.61560549206781e-06,0.686313380553468,0.151803258817595,"TMEM94"
"ENSG00000123728",811.457135601483,-0.828777250943348,0.169750509274182,-4.88232556407064,1.04841971419719e-06,6.62355756099817e-06,-0.776831096439278,0.169036918918279,"RAP2C"
"ENSG00000075624",13082.1706336368,-0.588540411969293,0.120592164947643,-4.88041998603159,1.058601576887e-06,6.68467547304281e-06,-0.560749167660985,0.119731900809017,"ACTB"
"ENSG00000111731",371.123020081765,-0.703862816770375,0.144274048791049,-4.87865158473355,1.06813556732706e-06,6.74164567566065e-06,-0.660056023898834,0.143277136490358,"C2CD5"
"ENSG00000198830",1228.53043258064,-0.441667347324358,0.0905641029497065,-4.87684781209208,1.0779453647028e-06,6.80030123223627e-06,-0.430619040943379,0.0899289552716454,"HMGN2"
"ENSG00000160256",102.174124108262,0.925516753874994,0.189851709784809,4.87494558212849,1.08838453599931e-06,6.86286915755118e-06,0.863930516192668,0.196306961148952,"SLX9"
"ENSG00000170633",215.221707471837,0.322220530242576,0.0660998175460964,4.87475672709485,1.08942623889453e-06,6.8661492873554e-06,0.314736217440372,0.065734694014244,"RNF34"
"ENSG00000127922",1534.88008342369,-0.595303017808563,0.122127421633469,-4.87444187264674,1.09116507383716e-06,6.87381787662206e-06,-0.565783597353907,0.121237323405392,"SEM1"
"ENSG00000175745",195.30319420536,-0.694637925478534,0.1425147891122,-4.87414625391373,1.09280010728485e-06,6.88082554400397e-06,-0.658133855108578,0.141915377638381,"NR2F1"
"ENSG00000151503",264.215424442476,0.493775071746689,0.101312307569279,4.87379158163026,1.09476487054126e-06,6.8899016661311e-06,0.474416440930191,0.101581576235382,"NCAPD3"
"ENSG00000120802",605.607760760381,-0.826979903962858,0.169700310289379,-4.87317850245921,1.09816913921403e-06,6.9080243128963e-06,-0.776163878603719,0.169051773108555,"TMPO"
"ENSG00000093167",888.200577048427,-0.352172111631999,0.0722717234084772,-4.8728893545479,1.09977823521697e-06,6.91405431922363e-06,-0.336997731451067,0.0715751649161139,"LRRFIP2"
"ENSG00000178971",226.720161858966,0.534125390670148,0.10961325395422,4.87281757818471,1.10017801904705e-06,6.91405431922363e-06,0.511678441982216,0.110025782901799,"CTC1"
"ENSG00000135480",202.915965743937,1.95562604496346,0.401382513539582,4.87222531873105,1.10348215971918e-06,6.93151055098414e-06,1.78424903794896,0.44208030909567,"KRT7"
"ENSG00000124383",392.330120820518,-0.384051718992922,0.0788270101099057,-4.87208278555094,1.10427875877552e-06,6.93320655128206e-06,-0.372488519323601,0.0781710750285333,"MPHOSPH10"
"ENSG00000156381",194.9283959428,0.852384860851955,0.174974014897768,4.87149398354938,1.10757536390276e-06,6.95058972409138e-06,0.798545260211566,0.180066169357265,"ANKRD9"
"ENSG00000167202",1238.13455650257,0.630479072532258,0.129442991152333,4.87070846339058,1.11198810944216e-06,6.97495733631037e-06,0.59970437626984,0.131100565453792,"TBC1D2B"
"ENSG00000172500",399.876157672872,0.517535380296777,0.106287190226536,4.86921687546469,1.12041387538261e-06,7.0244614682321e-06,0.496283630329817,0.106758093110184,"FIBP"
"ENSG00000164916",166.743785381395,0.765562047136223,0.157271336978235,4.86777859109933,1.12859669725241e-06,7.07239605712769e-06,0.720687439049706,0.16051842923757,"FOXK1"
"ENSG00000182481",202.486032646344,0.91432487394787,0.187848263713473,4.86735866423818,1.13099661022805e-06,7.08406344922096e-06,0.854084514869872,0.194113644021409,"KPNA2"
"ENSG00000109320",470.939081930332,0.319370850386237,0.0656278787304395,4.86638996360104,1.13655155034924e-06,7.11344564320642e-06,0.312212672205101,0.06537952552604,"NFKB1"
"ENSG00000120656",200.503863027094,-0.399424562035158,0.0820788424057845,-4.86635228187634,1.13676816294291e-06,7.11344564320642e-06,-0.38391286272109,0.0814409829759414,"TAF12"
"ENSG00000134825",376.703641160726,-0.771171852133638,0.158480830066854,-4.86602607904264,1.13864499416396e-06,7.1218052224051e-06,-0.726475773646895,0.15788778224816,"TMEM258"
"ENSG00000169057",363.733482733315,0.406958456487766,0.0836834907868522,4.86306740626198,1.15580464504339e-06,7.22569988444507e-06,0.394349891987299,0.0835356876320207,"MECP2"
"ENSG00000168255",16.3134130519281,-1.51328400393139,0.311186739691732,-4.86294501311488,1.15651983122489e-06,7.22673948642945e-06,-1.39392238276421,0.311133774895159,"POLR2J3-UPK3BL2"
"ENSG00000129084",191.048943974029,-1.23353767526921,0.253676871946954,-4.86263357712468,1.15834158196113e-06,7.23468940611966e-06,-1.14189704584365,0.252962389959626,"PSMA1"
"ENSG00000214860",16.8190101594921,1.75673871410041,0.361576098918803,4.85855873591607,1.18243332426772e-06,7.38165820166375e-06,1.60750161973147,0.381448674820896,"EVPLL"
"ENSG00000132694",448.087457510624,0.578056863076315,0.118995254780994,4.85781440730729,1.18688579285727e-06,7.40594234538332e-06,0.55233094301825,0.120000169809002,"ARHGEF11"
"ENSG00000152229",176.011565461565,-0.697951481455534,0.14371173690763,-4.85660737580631,1.19414039317787e-06,7.44767996995728e-06,-0.6640926821834,0.143031503265493,"PSTPIP2"
"ENSG00000096070",492.239259592486,0.605173565057229,0.124702486253486,4.85293904908262,1.21645086176794e-06,7.58323487028251e-06,0.575830996353306,0.126066777406125,"BRPF3"
"ENSG00000069849",130.395249347284,-0.751193571556514,0.15483462909212,-4.85158634060851,1.22477869373258e-06,7.63153633775825e-06,-0.710190627258759,0.154198401497997,"ATP1B3"
"ENSG00000137216",935.971874651842,0.601035945242339,0.123903180560421,4.85085162885908,1.22932483981365e-06,7.65623975448748e-06,0.570535098738355,0.125170766925096,"TMEM63B"
"ENSG00000171311",190.901017953139,-0.494274539400593,0.101901495202465,-4.85051311973916,1.23142487756185e-06,7.6656926420706e-06,-0.474458104191889,0.101194076960836,"EXOSC1"
"ENSG00000065833",409.586705189718,1.49548276152841,0.308347051271147,4.84999858232257,1.23462356817087e-06,7.67834383492566e-06,1.37164619553908,0.332078998045073,"ME1"
"ENSG00000110031",214.69303108468,-0.558647260461793,0.115183073175814,-4.85008122338498,1.23410928071456e-06,7.67834383492566e-06,-0.531852248651719,0.114437279390421,"LPXN"
"ENSG00000066427",218.423658971975,-0.497317209378753,0.10255051852947,-4.84948507828208,1.23782380290441e-06,7.69461198727077e-06,-0.474018914598375,0.101688727560689,"ATXN3"
"ENSG00000184182",143.993422120322,-0.57713319749312,0.119025008241462,-4.8488398028279,1.24185657262664e-06,7.71603758150178e-06,-0.549786231193597,0.118315628731967,"UBE2F"
"ENSG00000198258",1208.06018850273,-0.769348565235945,0.158683395301389,-4.84832432388223,1.2450872331834e-06,7.73246156230787e-06,-0.723440628418426,0.157938135539589,"UBL5"
"ENSG00000182087",1257.51976833551,0.935968767679272,0.193073192914323,4.84774066016824,1.24875498800143e-06,7.75158329657085e-06,0.873304849882029,0.200374271296162,"TMEM259"
"ENSG00000172465",123.007653898194,-0.671057677320536,0.138439847869983,-4.84728701775781,1.25161286246868e-06,7.76566208636314e-06,-0.635087005596686,0.137769997202103,"TCEAL1"
"ENSG00000174946",10.6741028967511,-1.47634439065448,0.304609979593893,-4.84667111899206,1.25550299740851e-06,7.78612928114951e-06,-1.36037588544659,0.305201560699999,"GPR171"
"ENSG00000171824",526.149138213962,0.367738296564448,0.0758994489327155,4.845072022729,1.26565757496066e-06,7.8454084896102e-06,0.367071778792088,0.0755286995377065,"EXOSC10"
"ENSG00000112290",72.7102916074939,-0.578599359428237,0.119439103709625,-4.84430426432957,1.27056101973745e-06,7.87209712275921e-06,-0.549431975658793,0.118799515326104,"WASF1"
"ENSG00000104537",248.053062789685,1.63687422278557,0.337933210523001,4.84378028502221,1.27391800590558e-06,7.88918366216035e-06,1.49881726554216,0.366826462040705,"ANXA13"
"ENSG00000169188",213.923955513042,0.441609982220816,0.0911885925496452,4.84282046551375,1.28008943715799e-06,7.92367537828965e-06,0.427879789894426,0.0911241910449944,"APEX2"
"ENSG00000124795",848.256360370291,-0.91874703145847,0.189762839351322,-4.84155398706658,1.28827664003881e-06,7.97060631708221e-06,-0.857847886445113,0.189159450532686,"DEK"
"ENSG00000125755",679.180949572578,0.871007994777943,0.17997879483716,4.83950342909013,1.30163945689015e-06,8.04949980714688e-06,0.814554326271951,0.185861113633965,"SYMPK"
"ENSG00000136819",978.988418178114,-0.29237301366009,0.0604199293787144,-4.83901614362183,1.30483448739918e-06,8.06546988783928e-06,-0.285783985775536,0.0600017227706604,"C9orf78"
"ENSG00000087338",226.82556268049,-0.81783803494325,0.169072046827155,-4.83721614714546,1.31670221820141e-06,8.13119202853646e-06,-0.766718391479758,0.168476056681845,"GMCL1"
"ENSG00000108960",116.852310413028,-0.925519860386727,0.191332311601801,-4.8372376450085,1.31655986793005e-06,8.13119202853646e-06,-0.863461502689363,0.190920654006125,"MMD"
"ENSG00000083123",1293.7305708614,-0.604382470826601,0.124948699306691,-4.83704491667513,1.31783656671706e-06,8.13438173342561e-06,-0.575051134963069,0.12410557014163,"BCKDHB"
"ENSG00000149476",4315.15792019753,0.927243613496012,0.191780870031159,4.83491191454788,1.33204605979473e-06,8.21438802026105e-06,0.86784303124547,0.19883766968395,"TKFC"
"ENSG00000196642",179.699070790461,1.05335401062903,0.217863106938443,4.83493522804966,1.33188995790957e-06,8.21438802026105e-06,0.977613332471477,0.227669483904347,"RABL6"
"ENSG00000186575",303.17000806178,0.404024716665158,0.0835849400293737,4.83370229760498,1.34016956474038e-06,8.26061446131638e-06,0.391352077705042,0.0834951902768418,"NF2"
"ENSG00000139445",28.8589324687438,3.34754992682081,0.693287283439002,4.82851771089111,1.37553102095226e-06,8.47460993067733e-06,3.02157936464309,0.785052127967315,"FOXN4"
"ENSG00000173409",325.072353212851,-0.432218486680631,0.0895443699833637,-4.82686389731629,1.38699839972381e-06,8.54126329783147e-06,-0.417217987181736,0.0888500639351256,"ARV1"
"ENSG00000167910",2193.4648105097,2.02330061777453,0.419185545080242,4.82674233766155,1.38784489970502e-06,8.54248057480895e-06,1.84342738864949,0.465155782320692,"CYP7A1"
"ENSG00000147164",424.857095614489,0.364970617888841,0.0756202059741954,4.82636371042659,1.39048471561776e-06,8.55073412696097e-06,0.354944713701995,0.0754419044839119,"SNX12"
"ENSG00000154122",1722.78048695376,0.415200883873499,0.0860261643596832,4.82644887127022,1.38989054761269e-06,8.55073412696097e-06,0.405018351889389,0.0859190092013358,"ANKH"
"ENSG00000124942",6420.19147832478,0.613416472065573,0.127158671905652,4.82402389764428,1.4069054952511e-06,8.64767401983004e-06,0.583968496383729,0.128703901336752,"AHNAK"
"ENSG00000102524",68.880675727682,-0.935834228389126,0.194009365050823,-4.82365492069919,1.40951193417464e-06,8.65965194836363e-06,-0.872165987443739,0.193739360904438,"TNFSF13B"
"ENSG00000166292",43.1863103912798,-1.16404277355016,0.241644139707163,-4.81717775138602,1.4560297246329e-06,8.94127208699476e-06,-1.0777570885336,0.241631935065153,"TMEM100"
"ENSG00000170035",548.203035216132,-0.539396647349955,0.111988004323337,-4.81655736798902,1.46056186995204e-06,8.96492194861938e-06,-0.51620737988953,0.111155562976708,"UBE2E3"
"ENSG00000090530",105.125595176421,-0.700338346586747,0.145449316260161,-4.81499923543177,1.47200453766051e-06,9.03094675807935e-06,-0.659596811476838,0.144834671039754,"P3H2"
"ENSG00000134250",1672.30537107762,0.724447494668184,0.150506590607428,4.81339383042559,1.48388450450467e-06,9.09959170298485e-06,0.684557386093345,0.153599305700853,"NOTCH2"
"ENSG00000171954",173.140672532113,1.21240352850456,0.251908640612321,4.81286995776542,1.48778106213575e-06,9.11923904286747e-06,1.11882851680378,0.26604712836848,"CYP4F22"
"ENSG00000130811",961.534735969273,0.639258686963235,0.13285400468511,4.81173818191181,1.4962328086547e-06,9.16677578350292e-06,0.604668132349714,0.134861527518375,"EIF3G"
"ENSG00000127527",172.743850651504,0.656376681786023,0.136480195346852,4.80931815871086,1.51445993780446e-06,9.27413001913188e-06,0.624301005487634,0.138276638595688,"EPS15L1"
"ENSG00000112592",132.73122461578,-0.422706214333369,0.0879035084241295,-4.808752482254,1.518751179576e-06,9.29608462589381e-06,-0.408371312919175,0.0872326978575676,"TBP"
"ENSG00000257315",116.662101223078,1.64761306285759,0.342636657948446,4.80863043879413,1.51967853754314e-06,9.29743848758967e-06,1.50485096451597,0.371555505984027,"ZBED6"
"ENSG00000126003",162.553040378167,0.537828766101006,0.111855354207674,4.80825231756415,1.52255518250955e-06,9.30697022595037e-06,0.512741248018653,0.112473134489941,"PLAGL2"
"ENSG00000134897",402.57687679274,-0.777177571343776,0.161634527270913,-4.80823982639033,1.52265030128339e-06,9.30697022595037e-06,-0.73014539870719,0.160936763880128,"BIVM"
"ENSG00000115761",298.423403866691,0.31637438995497,0.0658012684952374,4.80802873850174,1.52425857424523e-06,9.31247721044671e-06,0.309280754958861,0.0655407007149417,"NOL10"
"ENSG00000101216",148.191023083887,0.690844105648934,0.143743244236087,4.80609790964698,1.53904549574754e-06,9.39845686317817e-06,0.652399272986234,0.14592440075354,"GMEB2"
"ENSG00000214063",371.87567638769,0.862114257182289,0.179388993298034,4.80583697657518,1.54105435374764e-06,9.40636143784955e-06,0.805876413156221,0.185085765885529,"TSPAN4"
"ENSG00000172270",1444.47813425828,0.670970112240285,0.139709377557972,4.80261328171666,1.56608165787351e-06,9.55469467449611e-06,0.634690545038211,0.142044805203413,"BSG"
"ENSG00000099617",13.053196912834,1.82466632562624,0.379948738403441,4.80240132733052,1.56774079365695e-06,9.55596078207748e-06,1.66192310926764,0.403792689497707,"EFNA2"
"ENSG00000218739",366.982228403059,-0.565642352173352,0.117782978107439,-4.80241170041892,1.56765955592311e-06,9.55596078207748e-06,-0.539264413826538,0.116931666404418,"CEBPZOS"
"ENSG00000146457",591.788007572347,-0.532968970317219,0.111002493557313,-4.80141439383102,1.57548858590519e-06,9.59874258307626e-06,-0.509454047435573,0.110139075261016,"WTAP"
"ENSG00000108515",5309.58175523712,0.986280998875242,0.20547667367461,4.79996576369103,1.5869275667586e-06,9.66396315631071e-06,0.916420813938687,0.214343539142841,"ENO3"
"ENSG00000181690",19.3650366115246,-1.24490612765073,0.259373310623993,-4.79966934398829,1.58927803861195e-06,9.67380243012709e-06,-1.14944679461875,0.259993535337305,"PLAG1"
"ENSG00000182568",424.499028209368,-0.653549726077469,0.136173020444124,-4.79940684245629,1.59136234879622e-06,9.68201325519917e-06,-0.606314626139437,0.134843082129662,"SATB1"
"ENSG00000182325",151.560570038914,0.856965384901638,0.178563985675641,4.79920618740167,1.59295735837036e-06,9.68724091469016e-06,0.801022971746257,0.183759012782837,"FBXL6"
"ENSG00000185650",2567.43193059451,-0.559865244509774,0.116699923156759,-4.79747740499989,1.60676327578038e-06,9.76668757568075e-06,-0.545198957492483,0.116226290792818,"ZFP36L1"
"ENSG00000136514",115.468157687969,-0.581562009621735,0.121256655848632,-4.79612443169894,1.61764816997827e-06,9.82831370832206e-06,-0.546077837891565,0.120286895459377,"RTP4"
"ENSG00000120837",542.531082959566,-0.579729275208954,0.120878327533004,-4.79597366244719,1.61886551375159e-06,9.83117313378847e-06,-0.551847045511827,0.119998641828215,"NFYB"
"ENSG00000253729",1017.02726943583,0.538360919601384,0.11225795679494,4.79574842596502,1.62068576270137e-06,9.83768960429977e-06,0.52509434936892,0.112661712549924,"PRKDC"
"ENSG00000155903",148.376455724338,-0.810782547207705,0.169090312249684,-4.79496747282883,1.62701228507429e-06,9.87154089644615e-06,-0.760077785583585,0.168525817861364,"RASA2"
"ENSG00000137076",1526.15478940693,0.767700400096765,0.160144935498754,4.79378506542117,1.63663619979224e-06,9.9253579946866e-06,0.721344396945344,0.164132484825248,"TLN1"
"ENSG00000188021",449.16787301501,-0.517713637248986,0.107999572110869,-4.79366378153349,1.63762644863852e-06,9.92679089446353e-06,-0.494443016662788,0.107121893257273,"UBQLN2"
"ENSG00000068796",87.0886149065349,0.813158882073509,0.169648743744042,4.79319129707418,1.64148964610411e-06,9.94562939742599e-06,0.762265128438683,0.173400434208931,"KIF2A"
"ENSG00000055211",546.893915096948,-0.461488069080145,0.0963001336175186,-4.79218513769739,1.64974556547748e-06,9.99105341079877e-06,-0.442889602271986,0.0954579753580241,"GINM1"
"ENSG00000240184",30.7967992630971,1.6378696231126,0.341800394056595,4.79188921836469,1.65218128143534e-06,1.00012040236219e-05,1.4946603630502,0.366896000811413,"PCDHGC3"
"ENSG00000152620",5964.74741547977,-0.704910589460286,0.147139001994149,-4.79078001010443,1.66134198624406e-06,1.0052035198019e-05,-0.657926213947777,0.145919335189128,"NADK2"
"ENSG00000178719",3140.48571425262,0.712201072247818,0.148700997535415,4.78948415983693,1.67210596330725e-06,1.01125158993584e-05,0.677532238355217,0.151416045449583,"GRINA"
"ENSG00000111775",971.181199827865,-0.746024749808851,0.155799432439205,-4.78836628689235,1.68144539751321e-06,1.01643297078324e-05,-0.702684413024279,0.15510062823312,"COX6A1"
"ENSG00000103005",301.334170327245,0.462000242944455,0.0964982340387744,4.78765489904009,1.68741487531399e-06,1.01957339368444e-05,0.444720292578919,0.0966090403366294,"USB1"
"ENSG00000096092",650.070222101121,-0.718855280685088,0.150162874288533,-4.78717049131486,1.69149134337938e-06,1.02156766178591e-05,-0.677174266094629,0.149376794628941,"TMEM14A"
"ENSG00000132383",702.104851921112,0.363826848028518,0.0760257458838694,4.78557419988052,1.70499181340389e-06,1.02924906993469e-05,0.372362530880662,0.0755067964478057,"RPA1"
"ENSG00000067606",315.582047211123,0.713319326327798,0.149061416884029,4.7854055143107,1.70642448910353e-06,1.02942120005612e-05,0.674883049607132,0.151920167590215,"PRKCZ"
"ENSG00000110955",9875.34100965914,0.51164475669236,0.106918837319832,4.78535653321639,1.70684071071131e-06,1.02942120005612e-05,0.488891883561678,0.107482545108912,"ATP5F1B"
"ENSG00000130545",147.645666745656,0.678458989085026,0.141811351772647,4.7842361038398,1.71638835477764e-06,1.03470554391037e-05,0.641089105195971,0.143945095202857,"CRB3"
"ENSG00000127666",127.300905017828,0.881973808732053,0.184360344824448,4.78396701618174,1.71868899471307e-06,1.03561827480056e-05,0.823342083032256,0.189796313968614,"TICAM1"
"ENSG00000176108",244.435631226323,0.72490401818095,0.151568404048936,4.78268556517163,1.72968584108673e-06,1.04176778516688e-05,0.682566516388131,0.154681859815787,"CHMP6"
"ENSG00000118680",3493.91428447716,-0.426681243537802,0.089289156727289,-4.77864568528731,1.76479868956063e-06,1.06194422060125e-05,-0.410288694582014,0.0884537604915011,"MYL12B"
"ENSG00000175003",20571.9861143873,0.562886409624368,0.117791561435415,4.77866498045361,1.76462936786601e-06,1.06194422060125e-05,0.541879191222391,0.118651776284077,"SLC22A1"
"ENSG00000155846",132.689518179975,0.811943873330763,0.16991845874075,4.77843242781276,1.76667113715055e-06,1.06258529884532e-05,0.76033570793303,0.174165380514635,"PPARGC1B"
"ENSG00000163512",503.217353449127,-0.582763678576642,0.121967790024888,-4.77801293651158,1.77035993594745e-06,1.0643177587527e-05,-0.554457824336597,0.121085183098692,"AZI2"
"ENSG00000185418",154.069274855284,-0.397252600346429,0.0831463952504667,-4.77774892284581,1.77268533524864e-06,1.06522935298419e-05,-0.384515713275796,0.0824829954517445,"TARS3"
"ENSG00000130830",636.363309569807,0.434918481235109,0.0910328547267263,4.77759906069849,1.77400660791675e-06,1.06553699816751e-05,0.420907597569969,0.0910893009630018,"MPP1"
"ENSG00000008853",89.7818258152249,0.814492896781549,0.170521495247183,4.77648225873742,1.78388283748202e-06,1.07098045774229e-05,0.762814681750358,0.174488004226272,"RHOBTB2"
"ENSG00000156265",79.8422554593005,-0.716089439793035,0.149931416303302,-4.77611335535195,1.78715675884818e-06,1.07245696841363e-05,-0.674473416569847,0.149350098028989,"MAP3K7CL"
"ENSG00000103227",176.267021425924,0.908583562077297,0.19025093684388,4.77571136915284,1.79073085523294e-06,1.07411218405453e-05,0.846651156924998,0.196902871708485,"LMF1"
"ENSG00000028839",169.901868715566,-0.641025080239116,0.134263625450768,-4.77437636654739,1.80264983535569e-06,1.08027709295826e-05,-0.607523150191878,0.133546026588348,"TBPL1"
"ENSG00000177548",67.5508247077654,1.15068031289823,0.2410083550573,4.77444158574776,1.80206578769917e-06,1.08027709295826e-05,1.06162277711539,0.252845875617529,"RABEP2"
"ENSG00000152409",198.975024047031,-0.926560201364789,0.194104849808042,-4.77350361045127,1.81048302071451e-06,1.08447768201671e-05,-0.863065337910783,0.19350537344045,"JMY"
"ENSG00000176248",402.853386694866,0.796719845845117,0.166947192788529,4.77228656880931,1.82146087296709e-06,1.09055724663414e-05,0.746972089763372,0.171408555436109,"ANAPC2"
"ENSG00000081320",79.3309003886969,-1.1233950064843,0.235404565888392,-4.77218868820462,1.82234654050339e-06,1.09059157055762e-05,-1.03980943495566,0.235143320767578,"STK17B"
"ENSG00000188042",135.86892536188,-0.854412554821318,0.179092379906962,-4.77079234339943,1.83502644061651e-06,1.09768096852144e-05,-0.798649046697275,0.178590262199924,"ARL4C"
"ENSG00000106299",840.309737470975,-0.627396626615242,0.131537082786359,-4.76973195181962,1.8447122125814e-06,1.10297370530639e-05,-0.595479792150456,0.130688330760119,"WASL"
"ENSG00000134780",16.527412210044,1.73681544777956,0.364335061944117,4.76708291129542,1.86912405483149e-06,1.11706251956021e-05,1.58469841692712,0.383240059189161,"DAGLA"
"ENSG00000140740",3707.98992313479,0.490183805534183,0.102891690461923,4.76407573180641,1.89721245943082e-06,1.13333481129157e-05,0.472607634493953,0.103210347494339,"UQCRC2"
"ENSG00000175215",2748.36793321844,0.563293351405488,0.118248268338286,4.76364989797579,1.90122257007067e-06,1.13521525431068e-05,0.538655854604344,0.119220600528021,"CTDSP2"
"ENSG00000144891",683.375016546698,-0.766359969679869,0.160898944199825,-4.76298942476656,1.90745841313093e-06,1.13842236932374e-05,-0.720725396473455,0.160245449257955,"AGTR1"
"ENSG00000140987",169.271616490106,0.343200670787668,0.0720892659891024,4.76077355038612,1.92852341678178e-06,1.15047300885133e-05,0.334330647993322,0.0717186119513647,"ZSCAN32"
"ENSG00000054611",290.028640522992,0.515165337438183,0.108221244176868,4.76029767867239,1.9330763093992e-06,1.15266678847599e-05,0.495247203775611,0.108565249922135,"TBC1D22A"
"ENSG00000123416",2617.45864252504,0.599535420593186,0.125971719619107,4.75928583340743,1.94279146411009e-06,1.1579353742179e-05,0.570382040147986,0.127371776945248,"TUBA1B"
"ENSG00000145192",97168.7645189722,0.511614608261716,0.107502011286979,4.75911661685984,1.94442075525998e-06,1.15838206623316e-05,0.489909137218661,0.108065204817159,"AHSG"
"ENSG00000080189",607.638500365015,0.428913420405504,0.0901342809720038,4.75860478144522,1.94935692514321e-06,1.16079752494055e-05,0.414113297406477,0.0901258498877758,"SLC35H1"
"ENSG00000134152",204.185989300231,-0.815011622523918,0.171335775854762,-4.75680936137231,1.96676741415041e-06,1.17063561368464e-05,-0.762663743269921,0.170701590845919,"KATNBL1"
"ENSG00000101146",307.719459518046,0.313895429141337,0.0660090870440778,4.75533662405803,1.98116022436071e-06,1.17825751855828e-05,0.307666228789866,0.0656583489842725,"RAE1"
"ENSG00000134758",205.170723787667,-1.18818953702223,0.249865527865155,-4.75531597805463,1.98136271159657e-06,1.17825751855828e-05,-1.09652594476004,0.249202232203344,"RNF138"
"ENSG00000156453",490.063583726298,0.802592817340847,0.168865589547172,4.7528500003646,2.00569150352804e-06,1.19164866134703e-05,0.752846147383221,0.173527327664102,"PCDH1"
"ENSG00000162139",331.355955857632,0.641100741051439,0.134886356464119,4.75289538435994,2.00524117413045e-06,1.19164866134703e-05,0.608888940204495,0.136702807768755,"NEU3"
"ENSG00000171202",277.171326625478,-0.535026408753411,0.112582647212347,-4.75229906207723,2.01116602387328e-06,1.19436228553521e-05,-0.51144428193215,0.111775738250285,"TMEM126A"
"ENSG00000104866",145.411408966148,0.865446469252729,0.182130809743019,4.75178510694509,2.01628599166057e-06,1.19686300118138e-05,0.807541793640493,0.187733036296255,"PPP1R37"
"ENSG00000169727",1065.31544364134,0.681779009701096,0.143488518331974,4.75145340983824,2.01959696915266e-06,1.19828813410833e-05,0.64343221208213,0.146083670820653,"GPS1"
"ENSG00000104976",71.707602606468,0.895768738317062,0.188553991451153,4.75072806161794,2.02685555231513e-06,1.20205316224239e-05,0.834345312197091,0.19414151710897,"SNAPC2"
"ENSG00000050555",90.7808974922902,2.06855189494003,0.435452675268155,4.75034834420572,2.03066538308674e-06,1.20377039323368e-05,1.8689927238895,0.484130996932852,"LAMC3"
"ENSG00000182552",138.415663099515,-0.689930827120103,0.145295401243623,-4.74846981538849,2.04961470215487e-06,1.21445666825252e-05,-0.654842845514327,0.144902842154256,"RWDD4"
"ENSG00000107731",83.0871722920507,1.06783732609979,0.224909714803931,4.7478488291655,2.05591605718324e-06,1.21764241155531e-05,0.987201210427937,0.234777375041881,"UNC5B"
"ENSG00000197620",168.955322886296,0.458449425171788,0.0966552590306141,4.74313999848245,2.10430735912328e-06,1.24574238715005e-05,0.442199585399636,0.096598077908973,"EOLA1"
"ENSG00000155760",17.5492652450336,-1.40588969663653,0.296427540822992,-4.74277691179862,2.1080837856342e-06,1.24741712906336e-05,-1.29158179256198,0.296924102907504,"FZD7"
"ENSG00000153707",342.486589016297,-0.868336517397011,0.183117268263565,-4.74196958938462,2.11650400260269e-06,1.25183700351604e-05,-0.810343891226789,0.182531240105384,"PTPRD"
"ENSG00000122674",129.285045385921,-0.791250132491079,0.166870853451857,-4.74169165029984,2.11941032107968e-06,1.25299309776987e-05,-0.738985728424134,0.166183929692741,"CCZ1"
"ENSG00000188976",582.498732040637,0.690604294500163,0.145650963874729,4.74150171154472,2.12139865307722e-06,1.25360568520712e-05,0.65193961238396,0.148291569080521,"NOC2L"
"ENSG00000164929",41.9061273094087,-1.00346418040935,0.211650657851943,-4.74113423786904,2.12525055743293e-06,1.25507317851968e-05,-0.93128761332694,0.211682044881097,"BAALC"
"ENSG00000169750",161.268749732472,0.903120862571552,0.190488305982805,4.74108296523501,2.12578853721622e-06,1.25507317851968e-05,0.840361641246405,0.197245558600367,"RAC3"
"ENSG00000102882",246.947031284197,0.539538482613043,0.11384955859748,4.73904764550388,2.14725015850841e-06,1.26717595638376e-05,0.515326593429141,0.114460655183904,"MAPK3"
"ENSG00000095319",284.992177316513,0.479434928477396,0.101192252305155,4.73786201567698,2.15984789940508e-06,1.27403931198778e-05,0.463604796478181,0.101352306353704,"NUP188"
"ENSG00000179950",1199.77144909504,0.588084667891593,0.124137906308293,4.73734965717161,2.16531382905017e-06,1.27669153037503e-05,0.557385143372955,0.125423744861694,"PUF60"
"ENSG00000111057",3402.7394309581,0.712512106152726,0.150436802623553,4.73628855258038,2.17667615370689e-06,1.28281639389905e-05,0.67206302579502,0.153506841237382,"KRT18"
"ENSG00000164306",113.916206771039,-0.553453832729494,0.116865388517101,-4.73582332418728,2.18167586238718e-06,1.28518766909126e-05,-0.526769688159396,0.116130956237734,"PRIMPOL"
"ENSG00000114446",115.147470695426,-0.47215403638871,0.0997507412729138,-4.73333862348869,2.20856569981847e-06,1.30044615401655e-05,-0.453196198778901,0.0990673787032248,"IFT57"
"ENSG00000105784",189.13496710771,-0.94579365169837,0.199897324638105,-4.73139724811544,2.22979677889808e-06,1.31236050026697e-05,-0.879463858786351,0.199431429651233,"RUNDC3B"
"ENSG00000148296",268.376337613109,0.63614356104612,0.134492919351605,4.72994090776668,2.24585197931529e-06,1.32121926540059e-05,0.602488504811705,0.136306200905273,"SURF6"
"ENSG00000111885",3222.0814698781,-0.956595988806239,0.202291279208403,-4.72880488249197,2.25845292584588e-06,1.32803891119638e-05,-0.888127211561076,0.201591344145857,"MAN1A1"
"ENSG00000180901",306.213763483029,0.441023523550118,0.0933087850881095,4.7264951862107,2.28428204651154e-06,1.34262756358799e-05,0.425082690509364,0.093267551642829,"KCTD2"
"ENSG00000157315",19.9302491955248,-1.60058925814849,0.33870072517699,-4.72567413994195,2.29353188294762e-06,1.34746277424758e-05,-1.46575574948922,0.337664780695401,"TMED6"
"ENSG00000157540",517.125069625178,-0.483522671499218,0.102347287837163,-4.72433302061229,2.30871821737452e-06,1.35577984165714e-05,-0.462063231290363,0.101542767160614,"DYRK1A"
"ENSG00000185347",121.753044175795,1.62071004106445,0.34319429451226,4.72242711193018,2.33046621518972e-06,1.3679410695135e-05,1.47431745595261,0.37347852430546,"TEDC1"
"ENSG00000129667",94.0259083802062,0.828796685448887,0.175511492835183,4.72217899842708,2.33331182452929e-06,1.36900104642392e-05,0.774697209752348,0.179984194226162,"RHBDF2"
"ENSG00000114054",3093.15817485095,0.512980555187167,0.108650132383973,4.72139834468197,2.34228690626218e-06,1.37365476204222e-05,0.490549789229337,0.109191774646859,"PCCB"
"ENSG00000107882",198.91861909595,0.469620123675603,0.0995503826636975,4.71741153685044,2.38864206867576e-06,1.40021645040895e-05,0.450072090296464,0.0996857117181865,"SUFU"
"ENSG00000126001",201.103074478407,0.734268103307094,0.15568939163062,4.71623721832748,2.40246311215668e-06,1.40769155917467e-05,0.690091033886804,0.158943142847862,"CEP250"
"ENSG00000143319",288.625747636207,0.349453728987403,0.0741236204642119,4.71447194293654,2.42338392009808e-06,1.41931818024961e-05,0.338920879207024,0.073918170561768,"ISG20L2"
"ENSG00000172594",770.433412044937,-0.845982679808099,0.179544003754502,-4.71184034062673,2.45489684645593e-06,1.43713525479941e-05,-0.789475937706925,0.178827438249114,"SMPDL3A"
"ENSG00000178950",604.04485940587,0.810144035116976,0.171951183039544,4.71147694826075,2.45927918984049e-06,1.43906088059733e-05,0.757569457525809,0.17692491231199,"GAK"
"ENSG00000073803",612.270970827351,-0.369586700687251,0.0784690653485426,-4.70996690282504,2.47757021349847e-06,1.44911992140919e-05,-0.356628299611174,0.0777555549804265,"MAP3K13"
"ENSG00000164136",55.0622844624202,-0.785571273023512,0.166807779237882,-4.70944027078749,2.48397991253095e-06,1.45222378012355e-05,-0.732209800762248,0.166406327112199,"IL15"
"ENSG00000178927",389.366748585855,0.681767841313869,0.144771845160625,4.70925711112851,2.48621289837937e-06,1.45288411096594e-05,0.642260799331771,0.147354169848459,"CYBC1"
"ENSG00000173020",539.650516867563,0.731849255074645,0.155429747124684,4.70855334074218,2.49481083543354e-06,1.457261732889e-05,0.689938705449879,0.15877454159425,"GRK2"
"ENSG00000089063",2272.25716940309,-0.562182577190267,0.11940066005907,-4.70837076538893,2.49704601034569e-06,1.45792052204928e-05,-0.533678529805224,0.11839509216775,"TMEM230"
"ENSG00000125775",99.1153596154981,1.3171249605079,0.279773265611902,4.70782995518594,2.50367815397118e-06,1.46114479499932e-05,1.21880899597996,0.296761153162616,"SDCBP2"
"ENSG00000198393",131.919734639649,-0.705008373280592,0.149772197621067,-4.70720457120024,2.51136853797507e-06,1.4649835255197e-05,-0.663624263300769,0.149027381051732,"ZNF26"
"ENSG00000131043",553.747159415268,0.309038336411096,0.0656814597398307,4.70510761537914,2.53732075853886e-06,1.47946701093546e-05,0.298153968297716,0.0653741761427387,"AAR2"
"ENSG00000136371",20.7868416842241,1.83291990290221,0.389626514797186,4.70429971598906,2.54738796990721e-06,1.48467950472768e-05,1.6614557982587,0.418734393079444,"MTHFS"
"ENSG00000196646",89.1360549563024,-0.494640881816295,0.105183934535238,-4.7026276779044,2.56834511376641e-06,1.49623149415259e-05,-0.475170614546489,0.10455470505195,"ZNF136"
"ENSG00000175634",503.507978278747,0.656182203211701,0.139598644280085,4.70049123038162,2.59536402352292e-06,1.51130308419738e-05,0.619994119683871,0.141798446764618,"RPS6KB2"
"ENSG00000179886",79.8370808173313,0.787505534637695,0.167580552843651,4.69926564434012,2.61098650493526e-06,1.51972804261617e-05,0.736283603448045,0.171182937493294,"TIGD5"
"ENSG00000106012",125.339185678688,0.650571478557447,0.138456699122122,4.69873601409224,2.61776556794889e-06,1.52300050674393e-05,0.614464611233944,0.140219536452247,"IQCE"
"ENSG00000012660",2036.91323230207,0.998046235481955,0.212450277528042,4.69778739333593,2.62994979550919e-06,1.52941338373118e-05,0.933627513695062,0.221426542194443,"ELOVL5"
"ENSG00000214517",243.911731833843,0.363924870708974,0.0774699059903107,4.69762891869897,2.63199056624909e-06,1.52992440597066e-05,0.353410918980344,0.0772483940712246,"PPME1"
"ENSG00000040633",384.797154173184,0.600624585720056,0.127869618489733,4.69716413338858,2.6379846482864e-06,1.53273194524884e-05,0.569937651067532,0.129188108618228,"PHF23"
"ENSG00000154263",159.054810850984,-1.16700957655525,0.248465353242925,-4.69687045426515,2.64177881961089e-06,1.53425937093061e-05,-1.0778665392675,0.247882154618026,"ABCA10"
"ENSG00000099849",358.12356886286,1.24955919767667,0.266164821764127,4.69468199965216,2.67021783141825e-06,1.55009206210109e-05,1.14586185218803,0.283536738611687,"RASSF7"
"ENSG00000156467",3047.26323021485,-0.539117914234998,0.114847651209616,-4.69420060886591,2.67651282051586e-06,1.55306160400669e-05,-0.507272083889827,0.113670502873593,"UQCRB"
"ENSG00000169683",182.927485296924,1.14643365381986,0.244228116078575,4.69411004853766,2.67769863877182e-06,1.55306521048765e-05,1.05594376199393,0.257851742693212,"LRRC45"
"ENSG00000113712",553.658213748559,0.720597683925778,0.153545468748548,4.69305730607953,2.69152054764192e-06,1.56039451916572e-05,0.679704871992807,0.15669380823777,"CSNK1A1"
"ENSG00000235098",22.2017030078274,2.13334919107697,0.454613434291058,4.6926664065786,2.69667024709818e-06,1.56269192224008e-05,1.9273456924106,0.495510822016854,"ANKRD65"
"ENSG00000100239",1622.85775034802,0.590846850305751,0.125920021800353,4.6922391042986,2.70231033321137e-06,1.56477555622319e-05,0.56628700767493,0.127146963620092,"PPP6R2"
"ENSG00000184281",197.944037809345,1.03308964629527,0.220171045100133,4.69221393678457,2.70264287927353e-06,1.56477555622319e-05,0.954157025672709,0.230519996999024,"TSSC4"
"ENSG00000146963",330.77776642679,-0.923632888677081,0.196858249199224,-4.69186784112027,2.70721993255468e-06,1.56666109573193e-05,-0.858024994151856,0.196224797078423,"LUC7L2"
"ENSG00000154589",52.5451104491417,-1.2229169914412,0.260650532618512,-4.69178780935413,2.7082793968448e-06,1.56666109573193e-05,-1.12553970321217,0.260367305689704,"LY96"
"ENSG00000042445",3731.20878960069,0.478759068802054,0.102058479612708,4.69102685655178,2.71837282351027e-06,1.57180924876312e-05,0.459240772627573,0.102383520098606,"RETSAT"
"ENSG00000133131",470.890281271176,0.448701238585672,0.0956911529230188,4.68905666699033,2.74467381137351e-06,1.58632025463317e-05,0.431714737367315,0.0957836618524106,"MORC4"
"ENSG00000145632",495.447505855267,0.577467716195681,0.123169115295405,4.6884132829135,2.75331541630584e-06,1.59061653229849e-05,0.57005453617619,0.123526298214457,"PLK2"
"ENSG00000109501",211.319138893994,0.751747974632465,0.160350511690405,4.68815451043833,2.75679847289429e-06,1.59193020588273e-05,0.705201931585268,0.163887117194765,"WFS1"
"ENSG00000198373",350.558977089143,0.527307049406527,0.112490802739335,4.68755699635648,2.76485712498013e-06,1.59588377498853e-05,0.511091522743317,0.112884233331524,"WWP2"
"ENSG00000126243",60.8993972273776,1.08713829541851,0.23197079068543,4.68653097317218,2.77874782858227e-06,1.60319868146863e-05,1.00266501628536,0.242330525331975,"LRFN3"
"ENSG00000158987",58.5791042804608,-1.16106572134436,0.247760405859268,-4.68624402401029,2.78264462649772e-06,1.60474372108931e-05,-1.07024579670224,0.247584618881096,"RAPGEF6"
"ENSG00000139117",259.295903006085,-0.687614339315071,0.146746986523722,-4.68571352369078,2.78986268634775e-06,1.60763669719435e-05,-0.648543160307607,0.146041041387207,"CPNE8"
"ENSG00000167721",469.407256111524,0.24242780931619,0.0517386725951824,4.68562097085505,2.79112381217561e-06,1.60763669719435e-05,0.238611896185362,0.0514939118009986,"TSR1"
"ENSG00000187257",240.16898470459,-0.577439803718731,0.123236945442546,-4.68560626559782,2.79132423650789e-06,1.60763669719435e-05,-0.546773237474009,0.122253529426442,"RSBN1L"
"ENSG00000141542",171.407654316152,-0.654775538033601,0.139772013457485,-4.68459687913681,2.80511466004844e-06,1.61487274220366e-05,-0.61681300139448,0.138940529068536,"RAB40B"
"ENSG00000102897",1067.44144238004,-0.542092843284853,0.115732345657601,-4.68402191457054,2.81299913292778e-06,1.61870395909647e-05,-0.51823300589394,0.11501139242185,"LYRM1"
"ENSG00000020129",88.2760400234321,0.777293401927619,0.165962547514062,4.68354706269956,2.81952679245077e-06,1.62175140888627e-05,0.726185902728923,0.169558000231044,"NCDN"
"ENSG00000158882",188.431574513697,0.643901591062051,0.137523737995592,4.68211234254474,2.83933792054115e-06,1.63243332147794e-05,0.616353120068647,0.139008485657508,"TOMM40L"
"ENSG00000162599",1389.60122716508,-0.491735226490753,0.105031323469873,-4.68179596567496,2.84372450454018e-06,1.63424167729271e-05,-0.46909435838802,0.104023674735538,"NFIA"
"ENSG00000155158",178.665294672459,-0.756278484623011,0.16154198133151,-4.68162194365444,2.84614010146543e-06,1.63491625549275e-05,-0.706765552405863,0.160647154532261,"TTC39B"
"ENSG00000188725",514.06406858981,-0.86036434776877,0.183859609021269,-4.67946359914887,2.87626416909479e-06,1.65149995858273e-05,-0.801294259911365,0.183169182716862,"SMIM15"
"ENSG00000115947",384.265846590813,-0.669550015536292,0.143126048220444,-4.67804445005736,2.8962377172853e-06,1.66224349545677e-05,-0.630244584604087,0.142188250975931,"ORC4"
"ENSG00000060069",136.971236605958,0.761231818024159,0.162758642186616,4.67705928113695,2.91018147820471e-06,1.66740602702e-05,0.712411757758203,0.166335512156123,"CTDP1"
"ENSG00000065802",238.844462301046,0.469063646166505,0.100291995386882,4.67697989612297,2.91130786775046e-06,1.66740602702e-05,0.450588844174667,0.100506340469646,"ASB1"
"ENSG00000130175",2199.4044297393,0.754926320732259,0.16141383152775,4.6769617794648,2.91156498262113e-06,1.66740602702e-05,0.708751933856696,0.165410441132945,"PRKCSH"
"ENSG00000170214",94.1239348350651,0.732433295849642,0.156594438178392,4.67726251564091,2.90729970029975e-06,1.66740602702e-05,0.687662294338636,0.159057621043937,"ADRA1B"
"ENSG00000204370",2167.04652233089,-0.980222200898912,0.209577313539564,-4.67713887702768,2.90905251634568e-06,1.66740602702e-05,-0.907350234448618,0.20883516124846,"SDHD"
"ENSG00000198060",468.257593982629,-0.620593730028795,0.132735210599798,-4.67542656710666,2.93343231819103e-06,1.67919869136101e-05,-0.568912282854033,0.130911432055544,"MARCHF5"
"ENSG00000204439",224.725563209621,0.47335515720243,0.101251497142909,4.67504353574472,2.93891267128232e-06,1.6816047036116e-05,0.454102817892674,0.101421082818783,"C6orf47"
"ENSG00000158941",551.648358614486,0.483912768353031,0.103514280424899,4.67484067286848,2.94181917935922e-06,1.68253654715219e-05,0.464795783814199,0.103797482472955,"CCAR2"
"ENSG00000165124",204.398411651064,0.998786625479583,0.213706587062525,4.67363518929513,2.95914765504317e-06,1.69100809750701e-05,0.923255132084082,0.223131054497386,"SVEP1"
"ENSG00000198055",176.09585193273,0.561970376537148,0.120242763929784,4.67363156144107,2.95919995188831e-06,1.69100809750701e-05,0.534522372925588,0.12117790271544,"GRK6"
"ENSG00000129932",61.3400966486939,1.16114065743992,0.24852642925761,4.67210131698444,2.98133823455081e-06,1.70291970481978e-05,1.06845532764204,0.261207596697008,"DOHH"
"ENSG00000152078",2884.74841693015,-1.06159686658608,0.227265223649347,-4.67118043640522,2.9947372440377e-06,1.70983133369472e-05,-0.975952517061506,0.226449852527929,"TLCD4"
"ENSG00000114200",3971.40905855065,-0.948711088275356,0.203146141342936,-4.67009160008515,3.0106545884107e-06,1.71817417906438e-05,-0.879622656328904,0.202416830010375,"BCHE"
"ENSG00000197763",213.038625640175,0.428184055178837,0.0916991907906911,4.66944202546119,3.02018912820774e-06,1.72286872018991e-05,0.415666435954112,0.091629397268138,"TXNRD3"
"ENSG00000106665",82.0507700527746,0.991678893084866,0.212434093986739,4.66817201737293,3.03891421885889e-06,1.73279967975297e-05,0.91077617053867,0.221452826738164,"CLIP2"
"ENSG00000083544",228.050901205382,-0.368591565520077,0.0789896452530784,-4.66632764761925,3.06630617157673e-06,1.74752824087236e-05,-0.357346455777029,0.0783576252422582,"TDRD3"
"ENSG00000166148",346.560034598747,-1.73906131800579,0.37268892265915,-4.66625438072459,3.0673991832417e-06,1.74752824087236e-05,-1.5858945565432,0.368872048214662,"AVPR1A"
"ENSG00000033030",322.995764362965,-0.523320124317639,0.112157926478755,-4.66592189020869,3.07236404827822e-06,1.74959969981103e-05,-0.499344852403075,0.111234864958859,"ZCCHC8"
"ENSG00000166278",2608.41197727732,-0.54277192076973,0.116368582826888,-4.66424792314576,3.09747764326611e-06,1.76313837662091e-05,-0.514560111955181,0.115268545000533,"C2"
"ENSG00000203724",76.2431567624362,-0.725626567726007,0.155710298951442,-4.66010644518954,3.16045899601581e-06,1.79821102599586e-05,-0.679919010904421,0.155255069284549,"C1orf53"
"ENSG00000121067",680.451378189609,-0.243992427917192,0.0523686713208098,-4.65912962394057,3.17549200394333e-06,1.80598391895973e-05,-0.239979181249493,0.0520348198741488,"SPOP"
"ENSG00000137310",68.335705104483,1.05381479717717,0.226302903062367,4.65665611407004,3.21386598425611e-06,1.82701897878739e-05,0.975980407843344,0.236056475585882,"TCF19"
"ENSG00000087095",253.906039849902,-0.503937358761197,0.108244540619858,-4.6555452669984,3.2312440061843e-06,1.83610524753658e-05,-0.482525822498752,0.107359111992131,"NLK"
"ENSG00000148444",171.610192806022,-0.732554703009406,0.157391091404117,-4.65435938256822,3.24989535925597e-06,1.8459069154428e-05,-0.680462173780741,0.156325319315964,"COMMD3"
"ENSG00000103245",229.391544115506,0.786065312244884,0.168917134922157,4.65355579590626,3.26259265320572e-06,1.85231974437716e-05,0.734673312454712,0.17345653550002,"CIAO3"
"ENSG00000104883",179.564462243594,0.83921669607374,0.180372107217623,4.65269663374951,3.27622070709341e-06,1.85925525127551e-05,0.781850008750297,0.186121588324047,"PEX11G"
"ENSG00000164045",18.2480059905794,1.31127279356543,0.281851343961743,4.65235600843334,3.281638814327e-06,1.86152764452517e-05,1.19932875299293,0.291805549663553,"CDC25A"
"ENSG00000186174",272.007889179896,1.1986790272351,0.257855781178197,4.64864127442901,3.34128733412335e-06,1.89454733165667e-05,1.09825156110715,0.274073545328133,"BCL9L"
"ENSG00000112078",1235.85206457247,0.598884250962318,0.128940180532785,4.64466738364806,3.40624788576296e-06,1.92971857418051e-05,0.568638487222932,0.130407498188752,"KCTD20"
"ENSG00000165886",66.2792137511164,1.01474897365819,0.218473951954298,4.64471377288245,3.4054826290591e-06,1.92971857418051e-05,0.932730283389946,0.227934349145273,"UBTD1"
"ENSG00000122390",131.410699263691,1.16046947654658,0.249855114161579,4.64456963564937,3.40786091852355e-06,1.92980201519488e-05,1.06561564341069,0.264128409940302,"NAA60"
"ENSG00000149823",762.089270667977,0.735048294865313,0.158280316883826,4.64396527209901,3.41785037384961e-06,1.93462674213689e-05,0.690987275492709,0.161914787735722,"VPS51"
"ENSG00000169715",4767.67318791003,-1.32893477652082,0.286176789773466,-4.64375457413155,3.42133957267103e-06,1.93576952358344e-05,-1.21072339772109,0.284583203537926,"MT1E"
"ENSG00000136169",268.741204339036,-0.587818266768692,0.12659737886204,-4.64321040492686,3.43036692937959e-06,1.9400434275005e-05,-0.55296343629586,0.125510132363422,"SETDB2"
"ENSG00000100258",732.412425391968,0.861218827063244,0.185541220621522,4.64165765525499,3.45625162132129e-06,1.95384323084225e-05,0.802326145707935,0.191888023626751,"LMF2"
"ENSG00000174405",337.36824689972,-0.858826710407131,0.185107913745706,-4.63960018255597,3.4908387922328e-06,1.97254864972262e-05,-0.799403655145986,0.184416574531013,"LIG4"
"ENSG00000177370",141.738603844547,0.451540777729892,0.0973930471766215,4.63627323325275,3.54746976005274e-06,2.00368884001949e-05,0.43368388294459,0.0972484883475616,"TIMM22"
"ENSG00000174989",120.270732153481,0.559256139095326,0.120638625989155,4.63579665724642,3.55565376254732e-06,2.00745014741415e-05,0.531225481693295,0.121309212137707,"FBXW8"
"ENSG00000047315",959.90678404665,0.413551152287766,0.0892695283229883,4.63261271854698,3.61079623943857e-06,2.0377086707436e-05,0.409907110136866,0.0889980992268945,"POLR2B"
"ENSG00000165215",145.207410553217,1.35807533391232,0.293191081336842,4.63204858660776,3.62065153291049e-06,2.04239494782774e-05,1.23799356587881,0.315005265124781,"CLDN3"
"ENSG00000177971",609.444813198704,-0.554251427922766,0.11967557627345,-4.63128271600164,3.63407244786178e-06,2.04908770229328e-05,-0.511245573685167,0.118071145981304,"IMP3"
"ENSG00000075702",13.3439504429238,1.62116528338031,0.350080734878404,4.63083261049313,3.64198221685871e-06,2.05003582159734e-05,1.47459155247639,0.364770146435898,"WDR62"
"ENSG00000164237",6912.51534519218,-0.444022718413613,0.0958794646170593,-4.63105129119182,3.63813725009038e-06,2.05003582159734e-05,-0.422905393968935,0.0949266935235579,"CMBL"
"ENSG00000167173",92.8483593870261,0.906161363360433,0.195678467551321,4.63086907159456,3.64134086679525e-06,2.05003582159734e-05,0.837600918217862,0.202372806550412,"C15orf39"
"ENSG00000177576",38.9295780204136,0.728114290486723,0.157227582945314,4.63095772921709,3.63978183266011e-06,2.05003582159734e-05,0.681772782114517,0.158504399231395,"C18orf32"
"ENSG00000117984",5812.57852516413,1.01461506550768,0.219110830030891,4.63060208098633,3.64603973410117e-06,2.05144269825538e-05,0.941802960250206,0.229403026950084,"CTSD"
"ENSG00000166224",1152.57862928557,0.312067245130716,0.0673973268781414,4.63026145970082,3.65204289469196e-06,2.05306561705868e-05,0.306040453841576,0.067109258702187,"SGPL1"
"ENSG00000197056",78.8498462245082,-0.97730310557387,0.211068561834145,-4.63026372606746,3.6520029206091e-06,2.05306561705868e-05,-0.905142747076887,0.210778716290068,"ZMYM1"
"ENSG00000125845",64.6042545762879,-0.814983208494052,0.176049641233256,-4.62928071187742,3.66938070975264e-06,2.06193198568516e-05,-0.759583056644725,0.175475235723887,"BMP2"
"ENSG00000125430",749.183146083286,-0.688189829070676,0.148668122863809,-4.62903422612733,3.67375051623314e-06,2.06350679593539e-05,-0.646990482438807,0.147733846393553,"HS3ST3B1"
"ENSG00000157837",419.354770844788,-0.299215547380892,0.0646540341695011,-4.62794860714259,3.69305628842442e-06,2.07346605941987e-05,-0.292692933636807,0.0641418656612071,"SPPL3"
"ENSG00000166012",474.620389895108,-0.701038817082136,0.151502613986637,-4.62723908607919,3.70572635354149e-06,2.07969280352631e-05,-0.65907907539837,0.150648337172949,"TAF1D"
"ENSG00000171103",151.714873460268,-0.490414189190925,0.105993179127077,-4.6268466823036,3.7127514748321e-06,2.08274758916231e-05,-0.469106758016202,0.105150331731919,"TRMT61B"
"ENSG00000113575",962.867122203742,-0.610070169579313,0.131862841462993,-4.62655106480873,3.71805228218109e-06,2.08483289383289e-05,-0.576902176131658,0.130863309455047,"PPP2CA"
"ENSG00000139182",1002.74515232819,0.572278964167925,0.123704633666977,4.6261724173449,3.72485252395249e-06,2.08775684675856e-05,0.54321758724366,0.124898888125487,"CLSTN3"
"ENSG00000175764",43.1094659621305,0.676827142727409,0.146320331155385,4.6256534371061,3.73419241658805e-06,2.09210116411907e-05,0.637293257515769,0.147449797096364,"TTLL11"
"ENSG00000184634",214.046514078909,0.646088124345008,0.139701394531597,4.62477934820384,3.74997383700947e-06,2.10004915091734e-05,0.609592661532436,0.141636465235762,"MED12"
"ENSG00000100056",107.048897549017,0.706105844998734,0.152740145763217,4.622922424687,3.78371250907448e-06,2.11804247000317e-05,0.661210866642872,0.155427661647694,"ESS2"
"ENSG00000163611",88.9996103336878,-0.593597078450329,0.128405983950021,-4.62281476446901,3.7856774988711e-06,2.1182418168354e-05,-0.562225131539187,0.127571762584438,"SPICE1"
"ENSG00000112118",397.659535834933,0.603076996292998,0.130482897316825,4.62188538647076,3.80268101395803e-06,2.12685209132419e-05,0.572929412363928,0.131879945172736,"MCM3"
"ENSG00000120539",84.2708271860209,-0.514422509025111,0.111366521763519,-4.61918448092919,3.85251219713814e-06,2.15380788057413e-05,-0.490888845770308,0.110385257677221,"MASTL"
"ENSG00000066926",774.055264628274,0.511210576852706,0.110701770664261,4.61790785987622,3.87628287995623e-06,2.16617743622681e-05,0.489548303643643,0.111198957159587,"FECH"
"ENSG00000145782",575.564290877811,-0.619875447742439,0.134241359334003,-4.61761897240732,3.88168143722054e-06,2.16827398398157e-05,-0.585914363427137,0.133261646677813,"ATG12"
"ENSG00000139163",618.15859021625,-0.953540113480573,0.20654050948363,-4.61672199736753,3.89848953867434e-06,2.17673932426575e-05,-0.882740034554734,0.205866990135053,"ETNK1"
"ENSG00000173674",958.944673841807,-0.890314416300735,0.192862771440591,-4.61631039339796,3.90622577128859e-06,2.18013431559074e-05,-0.828395407505763,0.19209551668522,"EIF1AX"
"ENSG00000174123",11.5187341135954,-1.08621893915198,0.235313738996215,-4.6160455559692,3.91121125583739e-06,2.18199183874386e-05,-1.00053349851084,0.237057589276633,"TLR10"
"ENSG00000070761",390.834831808162,-0.328915655978768,0.0713088367427974,-4.61255113675642,3.9775664538609e-06,2.21807030629109e-05,-0.319265887496356,0.0707770017618617,"CFAP20"
"ENSG00000120798",422.708830050463,-0.733530706854004,0.15904857908176,-4.61199157571176,3.98829162355089e-06,2.22310954765754e-05,-0.686977151864662,0.158170315385668,"NR2C1"
"ENSG00000148303",8222.90449626474,-0.424864824169688,0.0921363553756707,-4.61126145523526,4.00232760834276e-06,2.2299892209666e-05,-0.409051846905366,0.0912591678883486,"RPL7A"
"ENSG00000182621",48.7507877729285,-1.12671299454678,0.244346442863706,-4.61112910563323,4.00487698761195e-06,2.23046575376053e-05,-1.03654077000727,0.244390398956267,"PLCB1"
"ENSG00000131069",4691.88965425548,1.29623712899723,0.2811484680614,4.6105075298299,4.01687090149579e-06,2.23619967395744e-05,1.18796508451853,0.301117327933133,"ACSS2"
"ENSG00000240857",157.945753544237,-0.580620762102941,0.125940224466967,-4.61028844882862,4.02110648325115e-06,2.23761149444145e-05,-0.545910077792689,0.12492163503468,"RDH14"
"ENSG00000105321",94.3095310450108,0.870316389386106,0.188868465642436,4.6080555926884,4.06452003300435e-06,2.26081414256592e-05,0.807506511384283,0.194640862758788,"CCDC9"
"ENSG00000185924",59.758201140406,1.1414410388283,0.247735436054709,4.60750006945406,4.07539068141159e-06,2.26590345065308e-05,1.04640871826522,0.261048614193837,"RTN4RL1"
"ENSG00000107951",236.026842342455,-0.41377068864441,0.08980826445152,-4.607267395394,4.07995199264525e-06,2.26748197278039e-05,-0.399216798514703,0.0890220649890413,"MTPAP"
"ENSG00000142676",9380.28464289649,-0.45762856978088,0.0993653681746288,-4.60551375381234,4.11448788919561e-06,2.28571086705272e-05,-0.435074315415492,0.0982493946329738,"RPL11"
"ENSG00000110042",1016.93731582277,0.54873960353755,0.11921979407073,4.60275584113152,4.16936910342672e-06,2.31522199981933e-05,0.521765713498031,0.120131092979228,"DTX4"
"ENSG00000163001",157.051574834045,-0.46301646585723,0.100599593690151,-4.60256795154989,4.17313343439789e-06,2.31633536244868e-05,-0.443827485836478,0.0997611832719336,"CFAP36"
"ENSG00000149657",365.910174406942,0.303236739235618,0.0659089035535884,4.60084636348208,4.20777708535305e-06,2.33458040900793e-05,0.297186676614872,0.0655953814999802,"LSM14B"
"ENSG00000110400",138.006083193729,0.89028801160418,0.193517368309604,4.60055869600205,4.21359264685429e-06,2.33595241649215e-05,0.824982616136003,0.20048949660469,"NECTIN1"
"ENSG00000159202",723.105430407679,0.286716457337886,0.06232223305412,4.60054852477613,4.21379841194658e-06,2.33595241649215e-05,0.281280168356248,0.0620191284073615,"UBE2Z"
"ENSG00000090316",468.569602074918,0.520158661105642,0.113074459184666,4.60014281612573,4.22201380185175e-06,2.33952162100926e-05,0.498640268973045,0.113601432261507,"MAEA"
"ENSG00000106392",411.076879869386,-0.830898054223997,0.180721263612775,-4.59767731595952,4.27226991052555e-06,2.36637381750018e-05,-0.77339896760396,0.179961378701661,"C1GALT1"
"ENSG00000073111",146.491558638386,1.17985785582763,0.25665281253085,4.59709692714088,4.28418348297488e-06,2.37197475764707e-05,1.07949977727118,0.272171815866565,"MCM2"
"ENSG00000166503",37.8566557874324,-0.987988676581284,0.214939582612911,-4.59658786236956,4.29465919464284e-06,2.37677523987674e-05,-0.912672378939728,0.215001289888695,"HDGFL3"
"ENSG00000148411",400.535363235273,0.442095561859749,0.096184902017428,4.59630932284616,4.30040146189324e-06,2.37895317845741e-05,0.43613387740397,0.095965414658432,"NACC2"
"ENSG00000179627",156.678382172085,0.607575487813778,0.132198162868753,4.59594501639921,4.30792297221628e-06,2.38211313952959e-05,0.577845472580316,0.133695682571831,"ZBTB42"
"ENSG00000071127",1640.24337668593,0.375365532954811,0.0816917394580786,4.59490195024475,4.32952800361939e-06,2.39305481509878e-05,0.371117423084465,0.0813094017911946,"WDR1"
"ENSG00000140995",402.687492099641,0.530310964888707,0.115420361836999,4.59460494187008,4.33569890378473e-06,2.39545999862483e-05,0.50548702703778,0.116081624009247,"DEF8"
"ENSG00000166188",87.8925368176086,0.574804944757418,0.125118681835393,4.59407768948234,4.34667431519943e-06,2.40051652826828e-05,0.546327467111752,0.125759339672411,"ZNF319"
"ENSG00000100345",3502.50767927025,0.661567896218034,0.144035239643102,4.59309747987576,4.36714937837164e-06,2.41081294405203e-05,0.622993065613101,0.146572770849355,"MYH9"
"ENSG00000101746",86.3698936657868,1.10892745489587,0.24150731590826,4.59169301238522,4.39664766050263e-06,2.42607976103008e-05,1.01619185876198,0.253858629100095,"NOL4"
"ENSG00000174456",148.120559478249,-0.483279350116621,0.105270735173317,-4.59082335960659,4.41500873157603e-06,2.43519082362505e-05,-0.462129249635328,0.104478730888803,"C12orf76"
"ENSG00000167258",479.920052620095,0.465495838393869,0.101452502207002,4.58831303582913,4.4684224756584e-06,2.4636201974254e-05,0.446251132707139,0.101611127262808,"CDK12"
"ENSG00000083896",685.261250922887,-0.387847666007962,0.0845387848878271,-4.58780743681838,4.47925507082713e-06,2.46752603608829e-05,-0.376122374926475,0.0837846048034156,"YTHDC1"
"ENSG00000134049",265.660672948476,-1.30653618901571,0.284783491158608,-4.58782278319653,4.47892590062152e-06,2.46752603608829e-05,-1.19467082296013,0.283655111106085,"IER3IP1"
"ENSG00000178772",6424.62769698549,0.392485430122978,0.0855559900469353,4.58746874307297,4.48652574261798e-06,2.47049761302001e-05,0.37993390473742,0.0854259901376285,"CPN2"
"ENSG00000104938",713.48315822468,-1.11996439344445,0.244141268941987,-4.58736205598477,4.48881831397871e-06,2.4707266689734e-05,-1.02923965546063,0.243413445979232,"CLEC4M"
"ENSG00000100811",1181.99967348187,-0.349921658964482,0.0763073294346145,-4.58568870850499,4.52492362957805e-06,2.48955890125469e-05,-0.338456815113835,0.0756012899382093,"YY1"
"ENSG00000137960",421.553109199707,-0.758464551865812,0.165405061776245,-4.58549783011986,4.5290597888252e-06,2.49079370006986e-05,-0.709080185666685,0.164447026222465,"GIPC2"
"ENSG00000165502",2359.81500254881,-0.559880149132639,0.122137118629297,-4.58402945325697,4.56099949024732e-06,2.50731187008752e-05,-0.530729841051316,0.121067018589983,"RPL36AL"
"ENSG00000162104",571.027711636183,0.502270833421834,0.109608208705724,4.58241986939435,4.59625856345155e-06,2.52564024400681e-05,0.479934317239073,0.110100531692739,"ADCY9"
"ENSG00000136147",324.93022126187,-0.728788448002029,0.159066598716642,-4.58165607287724,4.61308127485548e-06,2.53382678618053e-05,-0.683385719369622,0.158141405929485,"PHF11"
"ENSG00000132664",109.48283476845,-0.407096818762962,0.0888679238711546,-4.58091965052759,4.62935690556922e-06,2.54170613088926e-05,-0.392197689994903,0.0881262180331805,"POLR3F"
"ENSG00000169894",244.523614348224,2.58337809003871,0.564066383016741,4.57991854827845,4.65157044792e-06,2.55283770393142e-05,2.30214099757606,0.656020112696469,"MUC3A"
"ENSG00000025772",250.177536420623,0.36583169802688,0.0799113588043535,4.57796868305723,4.69512962052409e-06,2.57459710886381e-05,0.354675365829312,0.0796620435600745,"TOMM34"
"ENSG00000116001",950.68016741134,-0.855904169426996,0.186961147372259,-4.57797880178175,4.69490256716939e-06,2.57459710886381e-05,-0.794922675350496,0.186155274488417,"TIA1"
"ENSG00000115425",3028.70797481306,-0.404724450648889,0.0885033173879862,-4.57298621784575,4.80821777770307e-06,2.63551187598828e-05,-0.389279497649892,0.0876234952354763,"PECR"
"ENSG00000168101",397.834374222081,0.576536967125128,0.126123737630531,4.57120109153478,4.84936641576602e-06,2.65696039242511e-05,0.546280249245637,0.127367219673788,"NUDT16L1"
"ENSG00000181035",1695.62624809759,0.596272438040244,0.130462007788061,4.57046804774692,4.86636118285173e-06,2.66516270105765e-05,0.564392338863511,0.132015370116496,"SLC25A42"
"ENSG00000136603",382.276027214493,-1.03043871440419,0.225549205946072,-4.56857611217023,4.91048750905557e-06,2.68821116608007e-05,-0.949290355961328,0.224897581004031,"SKIL"
"ENSG00000087303",95.8746927593587,-0.723688707245338,0.158445406692657,-4.56743254570394,4.93734488174549e-06,2.70179063645308e-05,-0.677509367298706,0.157705094758277,"NID2"
"ENSG00000101294",1329.70523870994,0.448779781584614,0.0982702206373517,4.56679326324863,4.95242007417269e-06,2.70891411286073e-05,0.432984995778522,0.0983267463597201,"HM13"
"ENSG00000116095",201.316032831976,-0.751976469288013,0.164682756809332,-4.56621254014253,4.96615255501776e-06,2.71495549128472e-05,-0.703354815413061,0.163857161902672,"PLEKHA3"
"ENSG00000228474",1428.22800517544,-0.527073791716726,0.115430630749071,-4.56615188097261,4.96758907679242e-06,2.71495549128472e-05,-0.502093786973682,0.114395422004299,"OST4"
"ENSG00000103657",1178.4962770872,0.626376359048623,0.137187536861586,4.56584011476638,4.97497856034825e-06,2.71786588072801e-05,0.59162175156464,0.139152123556578,"HERC1"
"ENSG00000135249",233.80257243143,-0.52830474524601,0.115751697281181,-4.56412093865602,5.01591592529189e-06,2.73909369856462e-05,-0.501926961577451,0.114739226801364,"RINT1"
"ENSG00000121903",17.4271883087735,1.01670757561946,0.222782008345489,4.56368798885572,5.0262761496286e-06,2.74361325812646e-05,0.936587912511971,0.226310330722728,"ZSCAN20"
"ENSG00000185518",37.6243967645607,2.14999928415014,0.471149997605361,4.56330106139785,5.03555242529924e-06,2.74753763910028e-05,1.92917285106785,0.52532982188121,"SV2B"
"ENSG00000084693",211.62432198323,0.473956947430612,0.103887927281212,4.56219466336707,5.0621679827092e-06,2.75977240829604e-05,0.456782493525867,0.104028080648458,"AGBL5"
"ENSG00000198342",32.5628534952251,0.714143379415649,0.156534682455487,4.56220543724377,5.06190815755101e-06,2.75977240829604e-05,0.669177602451111,0.157606404069343,"ZNF442"
"ENSG00000163453",2137.39897906884,-1.01289961983202,0.222046927996669,-4.56164662565027,5.07540144047204e-06,2.76584169558174e-05,-0.927668604801014,0.220897897278482,"IGFBP7"
"ENSG00000107937",368.022552813536,0.358369782330176,0.0785686735839358,4.56122988950966,5.08548652795569e-06,2.77019096512473e-05,0.347625840206728,0.0782510676750728,"GTPBP4"
"ENSG00000085978",432.034859624738,0.33903846804699,0.0743449333941289,4.56034396116312,5.10698994724228e-06,2.78075391420148e-05,0.332733707484908,0.0739767362218329,"ATG16L1"
"ENSG00000167900",98.2167903658751,0.974256345768131,0.213718050502141,4.55860580554178,5.14943204128308e-06,2.80270451655779e-05,0.897768556514995,0.222605805136085,"TK1"
"ENSG00000136715",225.655465436522,0.437372419791367,0.095949736656668,4.55834935072719,5.15572264818598e-06,2.80496877628168e-05,0.421932622632267,0.0958418404154565,"SAP130"
"ENSG00000149260",1737.58087326666,0.5643850237866,0.123817171725132,4.55821285467177,5.15907377399658e-06,2.80563260257906e-05,0.535116830076862,0.125002465886776,"CAPN5"
"ENSG00000101464",217.39134640986,0.435924091328331,0.0956581246152384,4.55710472144139,5.18635694943545e-06,2.81930535079551e-05,0.423128357841532,0.0955215891445476,"PIGU"
"ENSG00000132002",1349.82699569099,0.495282670339553,0.108688458685974,4.55690214331346,5.19135950776684e-06,2.82086006105069e-05,0.0853557799086308,0.104689968263664,"DNAJB1"
"ENSG00000072858",13.5415266578949,-0.967354333494749,0.212329874325052,-4.55590310393084,5.21609790335053e-06,2.83313304436935e-05,-0.89157734136159,0.213935862027814,"SIDT1"
"ENSG00000101544",173.547462720308,-0.347962859199033,0.0763874721113976,-4.55523464229305,5.23271346034219e-06,2.84098579046867e-05,-0.338961935516165,0.0756793070731887,"ADNP2"
"ENSG00000100266",855.222359249249,0.547156020135575,0.120212285090365,4.55158156027293,5.3244149578754e-06,2.88958150599289e-05,0.526592128752813,0.120966574064831,"PACSIN2"
"ENSG00000103197",604.641282764973,0.91296458736438,0.200617617489633,4.55076976184087,5.3450010681878e-06,2.89836425303791e-05,0.844225585520823,0.208784787028429,"TSC2"
"ENSG00000198561",3208.72589745002,0.449132861514464,0.0986934655779091,4.5507862033674,5.34458337827498e-06,2.89836425303791e-05,0.432645718580179,0.0988008494107281,"CTNND1"
"ENSG00000197461",68.3443218973909,1.47787443721482,0.324910832744856,4.54855390548138,5.40158079752982e-06,2.92783914286857e-05,1.33319623205829,0.351235174827617,"PDGFA"
"ENSG00000102144",3543.49424293776,0.513820976566688,0.112972910400315,4.54817862747789,5.41121975820268e-06,2.93185676281878e-05,0.491746378536107,0.113631181532404,"PGK1"
"ENSG00000187017",1031.50234814318,1.00898949721586,0.221903073547977,4.54698297361667,5.44203988699699e-06,2.94734254019755e-05,0.928191156770137,0.233035989040712,"ESPN"
"ENSG00000172339",246.437362720024,-0.438845706220569,0.0965775908641266,-4.54397031748259,5.52044348343605e-06,2.9885756127845e-05,-0.421570197646252,0.0956838026802144,"ALG14"
"ENSG00000182307",365.27539406463,0.350937464642233,0.077233889310182,4.54382742830442,5.52418886991931e-06,2.98937405102169e-05,0.34069033830633,0.0770241916428471,"C8orf33"
"ENSG00000196743",783.309367238047,0.37659679873732,0.0828846997797423,4.5436226437218,5.52956088974598e-06,2.99105171217731e-05,0.36450538451917,0.082677359486762,"GM2A"
"ENSG00000155463",1938.52196245194,0.257029524511585,0.0565761401297502,4.54307282048793,5.54400889990665e-06,2.99763536657786e-05,0.253151685860022,0.0563357769321542,"OXA1L"
"ENSG00000113387",1299.84922145229,-0.645630344879566,0.142152334422915,-4.54182020647485,5.57705960510013e-06,3.01426792942317e-05,-0.607086639249744,0.141079691488289,"SUB1"
"ENSG00000167775",157.912926172047,0.885545813255757,0.194980924014079,4.54170487566165,5.58011211778567e-06,3.01468018640813e-05,0.819722590832404,0.20212587855244,"CD320"
"ENSG00000185024",189.726816766225,0.816280949133072,0.179762172781943,4.54089387383654,5.60162247958367e-06,3.02505994939289e-05,0.75822391634865,0.185215562339037,"BRF1"
"ENSG00000116285",8370.04547503933,-0.997593379487681,0.219700159122533,-4.54070394610546,5.60667142918799e-06,3.02654514295568e-05,-0.903657425765007,0.217557341513099,"ERRFI1"
"ENSG00000109534",119.06595892859,-0.651776892133694,0.143573314750259,-4.53967990686457,5.63396915908311e-06,3.04003434215116e-05,-0.615559522641176,0.142940954710095,"GAR1"
"ENSG00000089060",347.696789624589,0.571490855282047,0.125911128984224,4.53884307044574,5.65637105694165e-06,3.05087182858229e-05,0.542191338079648,0.12705343356167,"SLC8B1"
"ENSG00000187720",422.50400506974,0.594320118902964,0.130959745428407,4.53818932648939,5.673930913231e-06,3.05908986091726e-05,0.561794250286449,0.132448970891619,"THSD4"
"ENSG00000100612",1899.51221039182,0.67218528281029,0.148153895097721,4.53707465717944,5.7039918320723e-06,3.07403833242177e-05,0.642859553939734,0.150313627118842,"DHRS7"
"ENSG00000196865",464.591641653146,-0.738884862557666,0.162885576561908,-4.53622032198068,5.72713507650233e-06,3.08524797124508e-05,-0.689398728988155,0.161893284190565,"NHLRC2"
"ENSG00000091164",1067.0674824102,-0.480155440685656,0.105856535351646,-4.53590738720687,5.73563469379576e-06,3.08730034253945e-05,-0.44645697628508,0.104390370675155,"TXNL1"
"ENSG00000133142",887.840363484459,-0.344087750065063,0.0758585292901713,-4.53591380276924,5.73546031962406e-06,3.08730034253945e-05,-0.334104236842874,0.0751869655815702,"TCEAL4"
"ENSG00000178385",52.4833704055009,1.11562458876548,0.245964345003628,4.53571670621215,5.74081969638702e-06,3.08882844800292e-05,1.02064882006158,0.258259719914822,"PLEKHM3"
"ENSG00000171121",20.2748769222012,-0.978794385264697,0.215852807082311,-4.53454554747325,5.7727644125431e-06,3.10474739605974e-05,-0.902640722775653,0.216530210989994,"KCNMB3"
"ENSG00000198015",477.715235461254,-0.628142333093444,0.138538760260633,-4.53405481550232,5.78620021742184e-06,3.11070282003169e-05,-0.591834611354114,0.137505156452583,"MRPL42"
"ENSG00000143061",42.7591928504703,1.45104826564515,0.32020252510659,4.53165778490386,5.85226008969623e-06,3.14493291187512e-05,1.31359174560035,0.343510283629094,"IGSF3"
"ENSG00000155506",1561.78488486595,0.332481949323533,0.0733783219092662,4.53106504308798,5.86870646321271e-06,3.15248426334796e-05,0.323790880159651,0.0731081052962828,"LARP1"
"ENSG00000143401",433.137437833166,-0.80423692412904,0.177585956245352,-4.52871916863692,5.93423073714833e-06,3.1863818060887e-05,-0.74804175568329,0.176749008684328,"ANP32E"
"ENSG00000105792",77.5015446086656,-0.899446828552107,0.198648993715124,-4.52781970716637,5.95953945083452e-06,3.19866679207857e-05,-0.832426462667642,0.198229199360369,"CFAP69"
"ENSG00000156222",1635.47861843103,0.774543374181064,0.171082932230765,4.52729775017136,5.97427341514999e-06,3.20526828785105e-05,0.723815397162713,0.175883930919104,"SLC28A1"
"ENSG00000178695",234.355612412893,-1.16438517327738,0.257216317582752,-4.52687132845983,5.98633644813252e-06,3.21043200310032e-05,-1.06630626339106,0.256501174192813,"KCTD12"
"ENSG00000253953",18.0012356562295,1.66657584432518,0.368200571952784,4.52627174229076,6.0033375640633e-06,3.2182386957841e-05,1.50312978602415,0.39246517558543,"PCDHGB4"
"ENSG00000187545",19.2540114691372,3.23469567293907,0.714706379690387,4.52590849173663,6.01365990931914e-06,3.22246016956027e-05,2.87394579504745,0.812579010752187,"PRAMEF10"
"ENSG00000073578",5396.1509089855,0.406750054371774,0.0898774364653539,4.52560809885325,6.022208882287e-06,3.22572832157e-05,0.392496630995396,0.089801345829753,"SDHA"
"ENSG00000196937",281.52856626028,-0.836804880755374,0.184931646658552,-4.5249414898706,6.0412216729571e-06,3.23459636218598e-05,-0.776666864105108,0.184165781876598,"FAM3C"
"ENSG00000181915",136.463119227136,-0.614873854599636,0.135894817751375,-4.52463062811248,6.05010759179382e-06,3.23803725827469e-05,-0.579800351981743,0.135014534747742,"ADO"
"ENSG00000105088",1302.61708769793,1.56704666373648,0.346351683173021,4.52443784704709,6.05562448066865e-06,3.2390058363539e-05,1.41639520757441,0.37993893081284,"OLFM2"
"ENSG00000131473",803.37814304995,0.958669316553814,0.211888929914657,4.52439547898959,6.05683758856396e-06,3.2390058363539e-05,0.884398469806845,0.221489031324178,"ACLY"
"ENSG00000044090",389.379368085629,0.52245071622392,0.115491720774165,4.52370709105226,6.07658054590396e-06,3.24824439575199e-05,0.497513990350534,0.116049934269817,"CUL7"
"ENSG00000004142",3402.4375314644,0.365329804292674,0.0807680607776641,4.52319643154914,6.09126602594176e-06,3.25477307214079e-05,0.354116306892841,0.0805602417101251,"POLDIP2"
"ENSG00000145041",379.702709606887,0.36193376211963,0.0800587047035626,4.52085458364309,6.15904870051539e-06,3.28965660003998e-05,0.353941981235538,0.0797226166937804,"DCAF1"
"ENSG00000166822",232.930136987835,-0.509099603057604,0.112649042625257,-4.5193424745845,6.20319817852827e-06,3.31189404779007e-05,-0.484927811512921,0.111691261484476,"TMEM170A"
"ENSG00000130733",421.552086006271,0.51948008256692,0.114950358903617,4.51916886142557,6.20828654909012e-06,3.31326715465426e-05,0.495715866612631,0.115537147858432,"YIPF2"
"ENSG00000166477",353.121840828645,0.434142761684882,0.0960846481163277,4.51833638563441,6.23274084720522e-06,3.32497025908849e-05,0.418163968051307,0.0960935952153729,"LEO1"
"ENSG00000104738",277.49318265852,0.777965510808203,0.172187038433107,4.51814211968363,6.23846073440742e-06,3.32667371523726e-05,0.724186238557199,0.176926450319571,"MCM4"
"ENSG00000111452",155.389750011437,1.01585682944773,0.224850035671885,4.51793047936239,6.24469790217875e-06,3.32865152146095e-05,0.93311634238275,0.235909526241713,"ADGRD1"
"ENSG00000168497",369.54768504339,-1.05628183410918,0.233891746007023,-4.51611419445926,6.29847080252272e-06,3.35595575014222e-05,-0.970230438435096,0.233221418084119,"CAVIN2"
"ENSG00000005812",457.339698242472,-0.883797195098391,0.195730063211897,-4.51538808395313,6.32009174474382e-06,3.3661135886447e-05,-0.817936474990483,0.194955760965666,"FBXL3"
"ENSG00000140968",254.897845863076,-0.619825503973064,0.137290450226219,-4.51470224587182,6.34057872249143e-06,3.37565950102394e-05,-0.584188909270027,0.13633151551611,"IRF8"
"ENSG00000124564",629.887189589782,0.716038655054398,0.158681908060411,4.51241520729507,6.40935610999173e-06,3.41089662668355e-05,0.669552378732645,0.162291134673639,"SLC17A3"
"ENSG00000100997",469.701231273379,0.443702518546669,0.0983432406920061,4.51177442826262,6.42875370538428e-06,3.41983722363998e-05,0.428340222370362,0.0983867463169913,"ABHD12"
"ENSG00000184117",3856.64955950384,0.457104707159188,0.101319119059653,4.51153455933684,6.43602943041431e-06,3.42232485786893e-05,0.43815200068164,0.10151615057488,"NIPSNAP1"
"ENSG00000197785",173.634790844813,0.955125822566836,0.211847776048025,4.50854779023176,6.52728672512779e-06,3.46944921368722e-05,0.87957412331519,0.221088898259725,"ATAD3A"
"ENSG00000165828",7778.73878970618,0.773633156722678,0.171607885909088,4.50814455655332,6.53970150501032e-06,3.47464527905431e-05,0.717386146547393,0.176435603156123,"PRAP1"
"ENSG00000135211",190.897969658191,-0.653345998063617,0.144931818104843,-4.50795419947738,6.54557007513387e-06,3.4763604521667e-05,-0.608736555710639,0.143762991132749,"TMEM60"
"ENSG00000162545",823.697563098212,-0.531898995928843,0.118047924210176,-4.50578864039859,6.61268836238314e-06,3.51059092657808e-05,-0.505321920219932,0.116996520117569,"CAMK2N1"
"ENSG00000094916",645.610715212417,0.461530231991928,0.102471731316851,4.50397613137653,6.66937005496341e-06,3.53925538668473e-05,0.444321737349758,0.102617136153326,"CBX5"
"ENSG00000111700",1374.46947182732,-1.67617718955254,0.372411569459615,-4.50087303137425,6.7674923878128e-06,3.58987932223785e-05,-1.51845526893205,0.368073627382791,"SLCO1B3"
"ENSG00000164542",106.088864373935,-0.736558023827612,0.163665159111292,-4.50039597814922,6.78269909668614e-06,3.59649683072774e-05,-0.685598841882928,0.162802778070955,"MATCAP2"
"ENSG00000113600",18895.804594738,-0.910647494074669,0.202367400115207,-4.49997130741532,6.79626353836779e-06,3.60223855660831e-05,-0.817599937736624,0.199907388852834,"C9"
"ENSG00000196636",179.6417049954,-0.598191408050173,0.132958353920705,-4.49908855224643,6.82454276932385e-06,3.61577183504699e-05,-0.561199151455364,0.131869605357372,"SDHAF3"
"ENSG00000125445",796.932676735696,0.399741932684704,0.0888526363086234,4.49893159383846,6.82958273353077e-06,3.61698657561006e-05,0.384190609356785,0.0887433371949575,"MRPS7"
"ENSG00000145476",4747.2957096195,-0.487672349931151,0.108436346893346,-4.49731445131408,6.88171721988027e-06,3.64313184225749e-05,-0.467616312318381,0.107472460802806,"CYP4V2"
"ENSG00000167323",848.233995720674,0.489523644093398,0.108964295126893,4.49251420865276,7.03872206999348e-06,3.72475139765009e-05,0.467287019221586,0.109368512419246,"STIM1"
"ENSG00000159079",73.6464153073974,-0.842185972283382,0.187482265049158,-4.49208340886301,7.05297885933541e-06,3.73079629015709e-05,-0.780757187769414,0.187072201897726,"CFAP298"
"ENSG00000102575",579.430786975954,0.743332585306035,0.165482815297753,4.49190197766795,7.05899136312515e-06,3.73247711995605e-05,0.694771358870457,0.169642208446907,"ACP5"
"ENSG00000102409",77.4374303808122,-0.783277301016628,0.174399946470229,-4.4912703063836,7.07996277872601e-06,3.7420630246771e-05,-0.726254291090258,0.173738806869587,"BEX4"
"ENSG00000196591",445.003602750126,-0.325564929926162,0.0724903360396431,-4.49114940987608,7.08398331708181e-06,3.74268556792532e-05,-0.316334315539418,0.0718484182168571,"HDAC2"
"ENSG00000142149",23.4981936323153,1.51736266124214,0.337869431113802,4.49097349896403,7.08983731681503e-06,3.74427589703918e-05,1.36990820292611,0.360401880233967,"HUNK"
"ENSG00000174885",38.9011356743502,1.4197933474776,0.316385111406267,4.4875479164203,7.20476111249223e-06,3.80344365705985e-05,1.28472574554383,0.338945449840691,"NLRP6"
"ENSG00000126934",598.240108502732,0.851942154487977,0.189863835143672,4.48712180412507,7.21918059021653e-06,3.80800206934258e-05,0.788719271695273,0.196743662156083,"MAP2K2"
"ENSG00000160211",66.725855424844,0.778756177707986,0.173552237761134,4.48715722570985,7.2179808863025e-06,3.80800206934258e-05,0.723131236113375,0.177519134378143,"G6PD"
"ENSG00000176393",835.195846102707,0.434314043376733,0.0967949929915365,4.48694741281409,7.22508988116694e-06,3.80806778924916e-05,0.417258307919917,0.0967991690234105,"RNPEP"
"ENSG00000181894",182.493505642437,0.547321512912923,0.121978717360983,4.48702466097575,7.22247173839245e-06,3.80806778924916e-05,0.521636958577507,0.122757866210646,"ZNF329"
"ENSG00000069424",221.613829767072,1.42430276989842,0.31749219158111,4.48610330479435,7.25375812629057e-06,3.82164783876517e-05,1.28690439583857,0.344928282619018,"KCNAB2"
"ENSG00000116117",205.639230756766,0.532606487585101,0.118741585721986,4.48542508798993,7.27687103054693e-06,3.83229135952724e-05,0.506013136574967,0.119439609111597,"PARD3B"
"ENSG00000256162",1455.97264633169,-0.520023576752459,0.116045434168658,-4.48120669699651,7.4222183878586e-06,3.90727418210901e-05,-0.493342445431573,0.11494708678567,"SMLR1"
"ENSG00000179588",89.3432558637014,1.40669723452507,0.313981252563487,4.48019498947834,7.45748792112619e-06,3.92427202116496e-05,1.26975321112411,0.339855174642735,"ZFPM1"
"ENSG00000150753",1422.38078219706,0.345097978582661,0.0770325790048929,4.47989646771065,7.46792538872405e-06,3.9281943934455e-05,0.335109425728137,0.0767626133454855,"CCT5"
"ENSG00000091879",32.5546688185376,-1.40846840818132,0.314482297904006,-4.47868899956731,7.51028580680947e-06,3.94889867941108e-05,-1.2800573059868,0.313621357545093,"ANGPT2"
"ENSG00000151208",182.244257886369,0.573138285780028,0.127975368958411,4.4785046563631,7.51677311991756e-06,3.94915542285852e-05,0.541981486391245,0.129078376546539,"DLG5"
"ENSG00000184967",93.5306641787947,0.982422192093204,0.219360984161476,4.4785639335481,7.51468648285919e-06,3.94915542285852e-05,0.902128748717705,0.228960072843632,"NOC4L"
"ENSG00000163075",32.9723526475206,1.77223369773019,0.395729431326788,4.47839750454827,7.52054641465133e-06,3.94956179079774e-05,1.58748765190365,0.432889837407835,"CFAP221"
"ENSG00000054267",331.081244379023,-0.645420973055277,0.144129577548871,-4.47806053435791,7.53242444983494e-06,3.95422250026024e-05,-0.6062419896857,0.14306789093653,"ARID4B"
"ENSG00000135040",212.379035459093,0.459317149553299,0.102585305276308,4.47741660773104,7.55517246022827e-06,3.96458352376905e-05,0.442684114732092,0.102583072660973,"NAA35"
"ENSG00000105982",12.0104945297957,-0.931098733473984,0.207997074045586,-4.47649918993533,7.58769559125772e-06,3.98006375117526e-05,-0.858525687958835,0.209658774796357,"RNF32"
"ENSG00000177951",949.537114821929,0.39808997468659,0.0889311766367809,4.47638263364599,7.59183716830801e-06,3.98065026515107e-05,0.390991972255624,0.0886509487629731,"BET1L"
"ENSG00000113649",347.536363795946,-0.635084485390515,0.141879800521597,-4.4762149584066,7.59779893881971e-06,3.98219031960591e-05,-0.597049024572408,0.140807392543188,"TCERG1"
"ENSG00000110619",679.711336923886,0.591062600247121,0.132059573908134,4.47572699771309,7.61517408619555e-06,3.98970879501992e-05,0.558508205413295,0.133541325011922,"CARS1"
"ENSG00000101856",10410.4287066532,-0.468368857682957,0.104675720929025,-4.47447463008669,7.65994204428567e-06,4.011567102429e-05,-0.429048271634191,0.102902490854939,"PGRMC1"
"ENSG00000106086",137.475915766608,0.606628383298749,0.135602222225412,4.47358733023085,7.6918122290495e-06,4.0266560559708e-05,0.573906416170327,0.137010290463845,"PLEKHA8"
"ENSG00000078401",21.9519591054215,-1.24899460711435,0.279207162079811,-4.47336163517656,7.6999389845285e-06,4.0293082937322e-05,-1.13832928504126,0.279623857680602,"EDN1"
"ENSG00000132768",202.493761066347,0.525857992866624,0.117588656444074,4.47201293703636,7.74867384782028e-06,4.05319983632903e-05,0.499688970335559,0.118030962197871,"DPH2"
"ENSG00000087266",1232.22608090681,0.502697384458754,0.112459669163582,4.47002368224593,7.82109367118253e-06,4.08848518453342e-05,0.478818865245459,0.112997800390134,"SH3BP2"
"ENSG00000253797",429.06604914031,0.619300425001766,0.138546279519046,4.46998957425362,7.82234101461316e-06,4.08848518453342e-05,0.585190764775511,0.14038627955355,"UTP14C"
"ENSG00000123843",4895.57688605461,-0.515926057241381,0.115437047515941,-4.46932824724345,7.84656364462961e-06,4.09951813274577e-05,-0.484863480331968,0.114092466709121,"C4BPB"
"ENSG00000169609",176.72039852433,-0.421111669523441,0.0942358114557911,-4.46870104918656,7.86960246522986e-06,4.10992408001652e-05,-0.401667883484987,0.0932925674426509,"C15orf40"
"ENSG00000120675",737.882561317355,-0.667066340934059,0.149307656906683,-4.46773028760992,7.90538893688806e-06,4.12697663533181e-05,-0.624718690952362,0.148229903471884,"DNAJC15"
"ENSG00000113621",573.313334902938,-0.286025299711864,0.0640242419490703,-4.46745312407432,7.9156349009213e-06,4.12905107391164e-05,-0.277231475301281,0.0634583984453733,"TXNDC15"
"ENSG00000198959",2761.29422478793,0.788793175815776,0.176563441068717,4.46747736134562,7.91473841019996e-06,4.12905107391164e-05,0.732292180939477,0.18202603062347,"TGM2"
"ENSG00000153574",94.7895144703862,-0.409509583210793,0.0916710746172569,-4.4671624601388,7.92639357453903e-06,4.13302565553983e-05,-0.394405018248159,0.0909585585571014,"RPIA"
"ENSG00000147119",141.269894677193,-0.734485304086219,0.164456019386299,-4.46615032290761,7.96396615419483e-06,4.15097301607796e-05,-0.684791876792087,0.163658570042833,"CHST7"
"ENSG00000163605",905.102601631379,-0.837285494168903,0.187488195257158,-4.46580379644963,7.97686899682296e-06,4.15605291698342e-05,-0.775393806730874,0.186588040994393,"PPP4R2"
"ENSG00000013275",968.679974031567,0.374870308750858,0.0839484737309912,4.46548093241232,7.98890875605781e-06,4.16067929913992e-05,0.363927639203204,0.0837215600654115,"PSMC4"
"ENSG00000109181",21804.0715330616,0.664624239065724,0.14884412862633,4.46523652091277,7.99803453238643e-06,4.16378500013443e-05,0.632809292327946,0.151138829345903,"UGT2B10"
"ENSG00000172840",174.502366541725,1.28994383305838,0.289006471934559,4.46337351694486,8.06792313011801e-06,4.19850893008434e-05,1.16869666955752,0.310823148382983,"PDP2"
"ENSG00000133641",277.229755032934,-0.694041791164429,0.155548754464177,-4.46189230865406,8.12390527758334e-06,4.22597142965872e-05,-0.649217379734494,0.154587614383693,"RLIG1"
"ENSG00000182858",340.759355911307,0.531146397405931,0.119065684334065,4.46095279573316,8.15960634538375e-06,4.24286639586582e-05,0.503901487614702,0.11984517326164,"ALG12"
"ENSG00000162885",71.6367214260483,0.975193066647269,0.21861138434487,4.46085216270738,8.16343923489976e-06,4.24318361495026e-05,0.88950205519525,0.227885695578601,"B3GALNT2"
"ENSG00000122034",1954.37599515965,-0.447333790031603,0.100297129318073,-4.46008567815506,8.19268946494395e-06,4.25670676777632e-05,-0.425302393496282,0.0991652944984152,"GTF3A"
"ENSG00000151743",49.616626795174,-0.769544184186665,0.172567134666306,-4.45939017110494,8.21931775740646e-06,4.26885749877765e-05,-0.71287391919119,0.172215172368805,"AMN1"
"ENSG00000179361",55.3598954640528,0.680371586840567,0.152593157310713,4.45872933512466,8.24469525853904e-06,4.28034928130619e-05,0.637022545290034,0.154190881488716,"ARID3B"
"ENSG00000052749",146.693241927833,0.769234765694075,0.172745131423584,4.45300402595923,8.46771662268727e-06,4.39440114522273e-05,0.714686122574904,0.177151485674253,"RRP12"
"ENSG00000152661",64.7933488432482,-1.26469467432629,0.284156270035508,-4.45070127844883,8.55903301588e-06,4.43829179547365e-05,-1.15130430278151,0.283544844840625,"GJA1"
"ENSG00000166483",299.030099265272,-0.584849625574201,0.1314047303637,-4.45075016672128,8.55708459012823e-06,4.43829179547365e-05,-0.553473582587673,0.130413175833455,"WEE1"
"ENSG00000142173",582.093537267318,1.26300593559046,0.283838171735159,4.449739539504,8.59744912398471e-06,4.45645729001507e-05,1.14803921322454,0.305083208513774,"COL6A2"
"ENSG00000178202",274.97432533007,-0.475574719834349,0.106928860380492,-4.44758055161236,8.684289727742e-06,4.49969927412244e-05,-0.45447396452694,0.105955323713346,"POGLUT3"
"ENSG00000197020",51.9998715109822,-0.811418793618643,0.182498679778694,-4.44616253992963,8.7417815762655e-06,4.5277063821051e-05,-0.752038465759594,0.18207819303527,"ZNF100"
"ENSG00000163319",390.83593748817,-0.467456067221222,0.105144428640477,-4.44584723380453,8.75461468266968e-06,4.53257007125557e-05,-0.448275491405072,0.104173411068942,"MRPS18C"
"ENSG00000132963",1132.84473285159,-0.530499622677786,0.119331483680057,-4.44559647058546,8.76483371325442e-06,4.53607707031084e-05,-0.506201754919975,0.118120044133444,"POMP"
"ENSG00000182318",73.4625712558402,0.499425228233462,0.112366278350171,4.44461839945507,8.80480082931294e-06,4.55497083374201e-05,0.475243350346892,0.112034363552917,"ZSCAN22"
"ENSG00000115041",25.4748406218074,1.2688500182039,0.285610358570431,4.44259103400482,8.88820081342094e-06,4.59630997287903e-05,1.14901265169618,0.302537297034782,"KCNIP3"
"ENSG00000141526",55.9852944080382,1.00543927775942,0.226363294961947,4.44170631960643,8.92483152428031e-06,4.61162997836242e-05,0.920758834708349,0.235664694602653,"SLC16A3"
"ENSG00000178904",211.052856811765,-0.65996961526531,0.14858213652127,-4.44178304819862,8.92164894987447e-06,4.61162997836242e-05,-0.617059940904928,0.147472673455763,"DPY19L3"
"ENSG00000144451",168.633460654372,-0.609807431536012,0.137311338338371,-4.44105664481464,8.95182246923685e-06,4.62376204903776e-05,-0.570972195139155,0.136183184777142,"SPAG16"
"ENSG00000175216",460.149993138478,0.581526219676615,0.130981445711345,4.43976027687292,9.0059137676179e-06,4.64987688880224e-05,0.550502403731651,0.132341565746896,"CKAP5"
"ENSG00000002822",196.813733553854,0.87614600645935,0.197424181706661,4.43788597164432,9.08467214289582e-06,4.68870221220566e-05,0.807413846811888,0.205210385948171,"MAD1L1"
"ENSG00000147687",229.84198048402,-0.520236104321937,0.117229617498805,-4.43775314994301,9.0902782151995e-06,4.68975717011429e-05,-0.493406906299112,0.116248711060047,"TATDN1"
"ENSG00000101161",931.178487086273,0.487622014861726,0.109888669425296,4.43741850194317,9.10441753090273e-06,4.69521195502802e-05,0.464928816475433,0.110324150361639,"PRPF6"
"ENSG00000135447",2051.0927463023,-1.04022227786762,0.234430330400057,-4.43723419274491,9.11221380678745e-06,4.6973925990667e-05,-0.952387475718043,0.233606767181194,"PPP1R1A"
"ENSG00000174032",673.804840855033,-0.678570938124223,0.15293024999183,-4.43712697887092,9.11675188590912e-06,4.69789257651192e-05,-0.634811516782368,0.151823421067158,"SLC25A30"
"ENSG00000124523",832.590186049847,-0.448256026077066,0.10102810478069,-4.43694382914668,9.1245091239463e-06,4.70005035703744e-05,-0.429199943437537,0.100029632185559,"SIRT5"
"ENSG00000171045",81.865239548251,0.89587413405015,0.201945061179778,4.43622700558452,9.15493060510656e-06,4.7138762748077e-05,0.821383936758594,0.2092697767981,"TSNARE1"
"ENSG00000072609",181.114178379779,0.537971614568331,0.12127613102976,4.43592329339991,9.16784914039234e-06,4.71747595262485e-05,0.51671953997446,0.121754528926359,"CHFR"
"ENSG00000100504",3411.37930029432,0.385028043822721,0.0867999396461811,4.43581004079259,9.17267084818442e-06,4.71747595262485e-05,0.37419665639698,0.0865442255932772,"PYGL"
"ENSG00000184014",448.701184496519,0.382468312979332,0.0862224026886498,4.43583455172817,9.17162709445211e-06,4.71747595262485e-05,0.3772402760572,0.0858012297880694,"DENND5A"
"ENSG00000003436",3429.43241604364,-0.795162843511204,0.179407005747855,-4.43217275822972,9.32882231547268e-06,4.7959107616366e-05,-0.733194143818399,0.178202103353684,"TFPI"
"ENSG00000133597",213.175676751815,0.521635592165534,0.11770392148393,4.43176051901339,9.34667946065442e-06,4.80321552611148e-05,0.495492121602318,0.118245628864518,"ADCK2"
"ENSG00000108946",1974.97236083766,-0.767513935303145,0.173242993462973,-4.43027403279766,9.41134180070171e-06,4.83455817979082e-05,-0.713471144442448,0.172032161051246,"PRKAR1A"
"ENSG00000138131",99.2270478286866,1.88459640788141,0.425505768619325,4.42907369739432,9.46386820951999e-06,4.8596446508011e-05,1.67583980803285,0.478386449752696,"LOXL4"
"ENSG00000115935",213.326118695062,-0.754910370988751,0.170488599292595,-4.42792288822293,9.51449024624418e-06,4.88373405777976e-05,-0.701693219514936,0.16953896668741,"WIPF1"
"ENSG00000143322",159.255151030792,-0.377900028874877,0.0853634821454137,-4.42695189297851,9.55740369655881e-06,4.90384945708859e-05,-0.364803089528682,0.0846478459795507,"ABL2"
"ENSG00000103042",326.769636634577,0.582452094327877,0.131580302912886,4.42659031354788,9.57343101341377e-06,4.91015943601892e-05,0.55039961020611,0.132951019450497,"SLC38A7"
"ENSG00000145495",1615.63398874543,-0.549849197550715,0.124268103532567,-4.42470096444832,9.65759647875327e-06,4.94947120433108e-05,-0.519968936129767,0.123073437213736,"MARCHF6"
"ENSG00000162086",182.352237235227,-0.557620034757731,0.126024002239432,-4.42471295030223,9.6570603198977e-06,4.94947120433108e-05,-0.51931238330805,0.124642516007218,"ZNF75A"
"ENSG00000103512",507.946047773902,0.391190296610798,0.0884359544481694,4.42343048200002,9.71459004574048e-06,4.97448823118308e-05,0.377578223954357,0.0882371647968191,"NOMO1"
"ENSG00000105429",422.081025899366,0.638704014019811,0.144392460953853,4.42338893457835,9.71645926842864e-06,4.97448823118308e-05,0.600615495700539,0.146623781140536,"MEGF8"
"ENSG00000185222",141.28750502098,-0.829492140443308,0.187525337043291,-4.42336034971005,9.7177455040277e-06,4.97448823118308e-05,-0.767617918011902,0.186814705228925,"TCEAL9"
"ENSG00000150456",119.706297390866,-0.483817526020487,0.109412212411632,-4.42197004663669,9.78050178915065e-06,5.00466718056578e-05,-0.460810232388909,0.108567743065435,"EEF1AKMT1"
"ENSG00000088930",927.472864826069,0.615699485123289,0.139281737454062,4.42053277319546,9.84578511534455e-06,5.0361152614074e-05,0.579346680289371,0.141252053336354,"XRN2"
"ENSG00000140459",95.9691902494387,0.860161050009746,0.194642015238632,4.41919515144347,9.90691587003393e-06,5.06541570271327e-05,0.792053757756662,0.201451918083783,"CYP11A1"
"ENSG00000161036",159.071888066391,0.774569675512926,0.175305527635996,4.41839847241577,9.94349704108142e-06,5.08071721848329e-05,0.718485845687898,0.180016092635357,"LRWD1"
"ENSG00000198763",185170.642186965,-0.900412487495152,0.203788138195527,-4.41837535524879,9.94456043751438e-06,5.08071721848329e-05,-0.684720892326459,0.192364676132126,"MT-ND2"
"ENSG00000187815",42.257453221574,-0.572013913091331,0.129468690429226,-4.41816404564639,9.95428577659498e-06,5.08371320925716e-05,-0.540043671459943,0.128912420954205,"ZFP69"
"ENSG00000122435",175.930458317212,-0.746392312448174,0.169013881791317,-4.4161598120665,1.00469816804054e-05,5.12906400946948e-05,-0.695104652709213,0.168114225075057,"TRMT13"
"ENSG00000123240",1631.32050836258,0.387028429018989,0.0876516317836065,4.41553022052665,1.00762700907849e-05,5.14002991147902e-05,0.373600881749408,0.0874621390144629,"OPTN"
"ENSG00000227057",417.107664329581,0.456574790031955,0.103400617459068,4.41559055691997,1.0073459730711e-05,5.14002991147902e-05,0.435157484283187,0.103568043882558,"WDR46"
"ENSG00000007080",221.033411230133,0.92123696387823,0.208641711724279,4.41540167718547,1.00822599044213e-05,5.14109348960539e-05,0.846045957560424,0.217674608064071,"CCDC124"
"ENSG00000100888",478.242501008013,0.376370691314974,0.0852508669936099,4.41486057078089,1.01075114830012e-05,5.15197430062693e-05,0.36459872233967,0.0849779768325753,"CHD8"
"ENSG00000104714",120.547243437559,-0.589861480105099,0.133623179918053,-4.41436493628457,1.01306940363803e-05,5.16179247999161e-05,-0.544605836689188,0.132157321091767,"ERICH1"
"ENSG00000169084",542.904563053395,0.437150500338062,0.0991151440937271,4.41053185499761,1.03117034580669e-05,5.2519879198804e-05,0.419106319875445,0.0991665750803977,"DHRSX"
"ENSG00000074201",841.418483863754,-0.374582527122128,0.0849328065681784,-4.41033968212787,1.03208592570813e-05,5.25461844465325e-05,-0.361660720256924,0.0840920690918432,"CLNS1A"
"ENSG00000085644",40.2413038720253,1.08391256284294,0.245813878501887,4.40948480797279,1.03616826696625e-05,5.27336351096932e-05,0.987317973909712,0.257546899991404,"ZNF213"
"ENSG00000079739",6138.1225292201,0.508498591458385,0.115327297575645,4.40917807100137,1.03763680540046e-05,5.27879682376448e-05,0.485638820142443,0.1159068993723,"PGM1"
"ENSG00000184828",33.5307411739855,1.10406849874038,0.250440023596717,4.40851459317166,1.04082008383704e-05,5.29294601150966e-05,1.00467669193424,0.263502610673782,"ZBTB7C"
"ENSG00000128973",320.365669961644,0.456850483653638,0.103656969373948,4.40733012370374,1.04652621020245e-05,5.3199089125581e-05,0.436904449077708,0.103721993798142,"CLN6"
"ENSG00000134602",79.3765475888727,-0.984406988974325,0.223420102498048,-4.40608064345027,1.05257789558747e-05,5.34860693682153e-05,-0.903218709828294,0.223015033264946,"STK26"
"ENSG00000125629",721.144703379489,-0.785390907006762,0.178288545796148,-4.40516749687759,1.05702171465239e-05,5.36911570027521e-05,-0.728355236075373,0.177296194977534,"INSIG2"
"ENSG00000156983",126.344656005326,0.485563267521486,0.11024246114648,4.40450315125237,1.06026599836366e-05,5.3835179847497e-05,0.46218039568273,0.110321087838121,"BRPF1"
"ENSG00000177873",80.840144382746,0.632948938571309,0.143750443219648,4.40310947496818,1.0671028384129e-05,5.41614339650896e-05,0.593877767131942,0.145374334702184,"ZNF619"
"ENSG00000162063",27.2974683277261,0.84316481295523,0.191509051534847,4.40274131273532,1.06891591761498e-05,5.42325509492053e-05,0.778273594455878,0.194638718555569,"CCNF"
"ENSG00000174953",411.758725747157,-0.537319944194516,0.122076515364652,-4.40150132553753,1.07504411284591e-05,5.45224606692191e-05,-0.509126414145742,0.120932262679515,"DHX36"
"ENSG00000143621",1019.53543062329,0.36545432562132,0.0830481851794245,4.40050947328663,1.07997012358128e-05,5.47512000272281e-05,0.350314472493112,0.0828647801763686,"ILF2"
"ENSG00000166166",134.276643059665,0.856685608180454,0.194702735565208,4.39996698399515,1.08267349365496e-05,5.48671255483496e-05,0.790305031805162,0.201733721050404,"TRMT61A"
"ENSG00000172977",390.234973119106,0.36619117145296,0.0832326562221332,4.39960933693694,1.08445927782887e-05,5.49364788453057e-05,0.354716880725776,0.0829115855815394,"KAT5"
"ENSG00000138101",85.6398923681615,0.461215351573546,0.104872831655165,4.39785351739217,1.09326721362517e-05,5.53613697484191e-05,0.440604046987606,0.10466789178487,"DTNB"
"ENSG00000090263",609.256228048754,-0.448074164867178,0.101915527976604,-4.39652498263108,1.09997705601639e-05,5.56797305632903e-05,-0.426094643594781,0.100805394730318,"MRPS33"
"ENSG00000071994",519.317453740165,-0.288329181957622,0.0655850835482408,-4.39626156373717,1.1013121310533e-05,5.57258859240884e-05,-0.281474746633936,0.0650534485651182,"PDCD2"
"ENSG00000167325",558.155779628637,0.537596620577435,0.12229230715244,4.39599704262107,1.10265434915302e-05,5.5772367118512e-05,0.509422011887998,0.123168391403137,"RRM1"
"ENSG00000131269",453.81804232539,0.431202694020916,0.0981108770812524,4.39505493018686,1.10744746067063e-05,5.59932921167032e-05,0.413893046073489,0.0980749291001973,"ABCB7"
"ENSG00000073734",1281.60005829844,1.30025109953386,0.295864075315805,4.39475829617357,1.10896073530026e-05,5.60482803875747e-05,1.17839740637333,0.319622783717536,"ABCB11"
"ENSG00000164713",1211.82269778158,-0.596992821554094,0.13588412854761,-4.39339625558201,1.11593454725752e-05,5.6379103028367e-05,-0.558378460838188,0.134497664343405,"BRI3"
"ENSG00000156239",184.211362150583,0.43279225568574,0.098572153887368,4.39061376481906,1.13031158729294e-05,5.7083553349823e-05,0.414941643406014,0.0982940396078308,"HEMK2"
"ENSG00000164919",2974.46761806185,-0.592639008371532,0.134991576606013,-4.39019250883492,1.13250355536599e-05,5.71723228909074e-05,-0.557957290914386,0.133778271876486,"COX6C"
"ENSG00000197852",42.2465128647875,0.875260387834052,0.199384056961958,4.38982133862916,1.13443826890967e-05,5.72480423475074e-05,0.806361473777002,0.204120414176579,"INKA2"
"ENSG00000143353",436.696561264158,-0.898917953458973,0.204926928616148,-4.38652918642405,1.15173716701109e-05,5.80764900071544e-05,-0.827193104440529,0.204088829568447,"LYPLAL1"
"ENSG00000162976",234.655383237934,-0.582527351017312,0.13279907193046,-4.3865317923483,1.15172337490158e-05,5.80764900071544e-05,-0.55030280824299,0.131759955777888,"SLC66A3"
"ENSG00000122971",3001.9639710893,0.816600821381139,0.186213440763933,4.38529473506891,1.15828837875133e-05,5.83844747114854e-05,0.75940440738604,0.192355062998982,"ACADS"
"ENSG00000103876",5994.04554078243,0.436767504919379,0.0996141444381309,4.3845932460992,1.16202700220197e-05,5.85505071220479e-05,0.409310872324935,0.0997917189699149,"FAH"
"ENSG00000109270",467.781800924942,-0.59690862327981,0.136149481776523,-4.38421516917399,1.16404675776294e-05,5.86298378450914e-05,-0.561604236137387,0.134974445626831,"LAMTOR3"
"ENSG00000168653",1460.53229829584,-0.564261721156207,0.12870563193703,-4.38412610749058,1.16452302886155e-05,5.86313965506355e-05,-0.532600348313223,0.127499439321117,"NDUFS5"
"ENSG00000171903",1872.45852392535,0.532620403915924,0.12151425369549,4.38319281662751,1.16952514603465e-05,5.88607342228297e-05,0.504615977519995,0.122429466404111,"CYP4F11"
"ENSG00000134058",162.904793233131,-0.421307234732513,0.0961255188840834,-4.38288645537052,1.17117160296337e-05,5.89210749889789e-05,-0.404236272840772,0.0951907823793583,"CDK7"
"ENSG00000074855",64.0382365131381,1.05740331503269,0.241281978585906,4.38243801393651,1.17358562184758e-05,5.9019970577713e-05,0.963041574093219,0.253375444298119,"ANO8"
"ENSG00000100764",726.126317306505,0.305845200159848,0.0698065970214896,4.38132229917603,1.17961228476068e-05,5.93004022190117e-05,0.298059957280136,0.0694939383921146,"PSMC1"
"ENSG00000057019",333.564299513594,-0.594252168294125,0.135668249043355,-4.38018602351255,1.18578036430368e-05,5.95877262458865e-05,-0.546823371804222,0.133863476616705,"DCBLD2"
"ENSG00000148832",193.111477182321,0.67997220677178,0.155252297665999,4.3797883638066,1.18794625497897e-05,5.96737901299239e-05,0.635806848254107,0.158197497550245,"PAOX"
"ENSG00000165169",541.011972378993,-0.966934912428043,0.220800391496866,-4.37922644010243,1.19101326334725e-05,5.98050367094963e-05,-0.88366433623647,0.219724706547596,"DYNLT3"
"ENSG00000111412",185.067419459656,0.636250482046774,0.145307507930432,4.3786483651718,1.19417631158979e-05,5.99410038825437e-05,0.596286949358436,0.147410058368534,"SPRING1"
"ENSG00000143951",91.2074806230971,0.886939101800508,0.202579617261655,4.3782247878123,1.19649908453384e-05,6.00347063527915e-05,0.815467228185033,0.209806767053853,"WDPCP"
"ENSG00000177191",10.5241117119954,1.69895894418434,0.388085241404889,4.37779838788513,1.19884169043181e-05,6.01293321760958e-05,1.5223054713113,0.407905881155147,"B3GNT8"
"ENSG00000224051",360.112852067819,1.00275118305685,0.229083089093191,4.37723791409556,1.20192754605619e-05,6.0261150309885e-05,0.917404895214365,0.241230306712587,"CPTP"
"ENSG00000144642",95.8670696654634,-0.887728814532892,0.202880078456928,-4.37563323755002,1.21080454987561e-05,6.06831088833736e-05,-0.817528268393684,0.202285698456485,"RBMS3"
"ENSG00000140564",5637.96222431902,0.621683281665252,0.142111812940372,4.37460664811941,1.21651638138776e-05,6.09461745713518e-05,0.591932638828625,0.143935774673353,"FURIN"
"ENSG00000095574",328.41090042428,-0.79511833494385,0.181766843308194,-4.37438600171809,1.21774738680505e-05,6.09846409078557e-05,-0.736030276492831,0.180810953628703,"IKZF5"
"ENSG00000152475",14.4586435028605,1.58933420953325,0.363375365784859,4.37380835131854,1.22097578103516e-05,6.11230689471823e-05,1.42383269244076,0.386501874939438,"ZNF837"
"ENSG00000144589",115.733231735845,0.745156318889911,0.170415848442483,4.37257641058782,1.22788820394043e-05,6.14457472180908e-05,0.691763426536858,0.174315277499175,"STK11IP"
"ENSG00000124172",2738.37353350661,-0.650122184629829,0.148686485003731,-4.37243630188389,1.22867671527992e-05,6.1461845111609e-05,-0.604590910324272,0.147280963226408,"ATP5F1E"
"ENSG00000048828",1767.92859844262,-0.303315571304755,0.0693799772291677,-4.3718026932018,1.2322486101438e-05,6.1617110524699e-05,-0.301524152395018,0.0688531572313238,"FAM120A"
"ENSG00000122557",380.326314376939,-0.374779369657847,0.0857354584542576,-4.37134618995247,1.23482823313136e-05,6.17226595193909e-05,-0.361779934458947,0.0848706213771648,"HERPUD2"
"ENSG00000097021",315.531714640056,0.535617663813305,0.122533085467107,4.37120849255922,1.23560734902291e-05,6.17381645435886e-05,0.507463999922611,0.123349708796299,"ACOT7"
"ENSG00000182054",4284.58798320172,0.596894237537982,0.136560802776088,4.37090457440177,1.23732863167321e-05,6.18007161024638e-05,0.56299571852554,0.138314933797613,"IDH2"
"ENSG00000170852",300.312392409423,-0.431381096000294,0.0987187767246101,-4.369797826848,1.24361620885036e-05,6.20912059375191e-05,-0.4141515810683,0.0977076242840603,"KBTBD2"
"ENSG00000163406",25.5366173300857,-0.877847394790545,0.200947120364253,-4.36854926410136,1.25074605487797e-05,6.24235123522491e-05,-0.811058476348398,0.201306164776125,"SLC15A2"
"ENSG00000075415",5081.56020600228,0.345032656065921,0.0790061553485157,4.36716170460259,1.25871539141429e-05,6.27974491980316e-05,0.334953517891573,0.0787403210285918,"SLC25A3"
"ENSG00000137947",360.120245649575,-0.429629548866357,0.0983834079571991,-4.36689028960314,1.26027989702747e-05,6.28516860767564e-05,-0.410715455805009,0.097401138375943,"GTF2B"
"ENSG00000188092",97.1485290927492,-0.678164249804003,0.155338603961531,-4.36571613564873,1.2670694230042e-05,6.31663613149311e-05,-0.62827072528999,0.154187431912594,"GPHRB"
"ENSG00000146063",412.615772369368,0.508821399656866,0.116561260529182,4.36527022225773,1.26965704259909e-05,6.3271402811732e-05,0.48334572711511,0.117128853342102,"TRIM41"
"ENSG00000168564",230.950729824875,-0.573129765138751,0.131296976830115,-4.36514060700972,1.27041014062547e-05,6.32849788553723e-05,-0.536184438041199,0.129937953987593,"CDKN2AIP"
"ENSG00000151135",530.053451450011,-0.914182904914441,0.209477959574172,-4.36410067566439,1.27646785735113e-05,6.35626921705183e-05,-0.839764362733288,0.208620050036858,"TMEM263"
"ENSG00000042317",99.1428648486321,-0.578854710716412,0.132673694229242,-4.36299534794161,1.28293672629495e-05,6.38606613928141e-05,-0.544877408685778,0.131635159440062,"SPATA7"
"ENSG00000100065",263.174632663205,0.83695239720755,0.191893516839989,4.36154598128213,1.29146647319374e-05,6.42609508165864e-05,0.771227044070495,0.198810296997985,"CARD10"
"ENSG00000198369",324.665761165764,-0.583104210173258,0.133701100324769,-4.36125214195589,1.29320234734379e-05,6.43230151308211e-05,-0.550823695785084,0.132699962909605,"SPRED2"
"ENSG00000104679",379.097688034162,0.529169254752602,0.121365404955219,4.36013256782567,1.29983672269171e-05,6.46285887120809e-05,0.501186603359231,0.122165951831826,"R3HCC1"
"ENSG00000141543",538.889525263117,0.353145899472558,0.0809964952175131,4.36001457253425,1.30053782798103e-05,6.46390375356672e-05,0.341619618217917,0.080740238513452,"EIF4A3"
"ENSG00000103855",722.28233459352,0.643504861685094,0.147611241529165,4.35945701031144,1.30385563851817e-05,6.47794842895478e-05,0.602473413632824,0.1501552735502,"CD276"
"ENSG00000091656",224.126216848422,-0.614426361651383,0.14098414239952,-4.35812390807914,1.31182111722771e-05,6.51506481683141e-05,-0.578470434271191,0.139932480389959,"ZFHX4"
"ENSG00000138382",286.441837228494,-0.575997965530275,0.132180132584649,-4.35767429088785,1.31451809887414e-05,6.52599746974996e-05,-0.544839606080755,0.131190799856458,"METTL5"
"ENSG00000112245",6767.53035289109,-0.742767272597976,0.170454958351012,-4.35755744381704,1.31521985931372e-05,6.52702022907066e-05,-0.689567239137153,0.169315838022548,"PTP4A1"
"ENSG00000140718",438.27173252759,0.536264008267062,0.123076749004025,4.35715122967314,1.31766228338408e-05,6.53667732593624e-05,0.50908629458794,0.123967256605228,"FTO"
"ENSG00000135778",426.446014993372,-0.375101669227378,0.0861066444396771,-4.35624534747907,1.32312463135313e-05,6.56130278583627e-05,-0.361415348612573,0.0852564687586354,"NTPCR"
"ENSG00000161835",49.0831971918257,-1.06986071768288,0.245608816273844,-4.3559540488564,1.32488570833329e-05,6.56756221231782e-05,-0.975828548798385,0.245382165043373,"TAMALIN"
"ENSG00000163950",343.86095065845,-0.445767778556746,0.102346737862628,-4.3554664063164,1.3278388094834e-05,6.57972366039082e-05,-0.425722090027652,0.101298028515257,"SLBP"
"ENSG00000159788",401.008898843841,0.865957129463714,0.198837475932921,4.35510019125292,1.33006068883686e-05,6.58825396133411e-05,0.798688901801297,0.206628414679301,"RGS12"
"ENSG00000179222",2103.71448116256,0.544553629106502,0.125043432080065,4.35491588840766,1.33118022185248e-05,6.59131959417441e-05,0.517655225960818,0.126004362143091,"MAGED1"
"ENSG00000183230",123.589976202696,-1.26203507135444,0.289885249119817,-4.35356774857076,1.33939677099936e-05,6.62951048382614e-05,-1.14401412240566,0.288988330993156,"CTNNA3"
"ENSG00000112640",442.922048579788,0.350850740529341,0.0806248940324082,4.35164281131721,1.35121264513386e-05,6.68548127990694e-05,0.339816776504807,0.0803239578439279,"PPP2R5D"
"ENSG00000165410",1552.3028166428,-0.79972180300786,0.183830329915689,-4.35032566918983,1.35935490538405e-05,6.72324067779353e-05,-0.737726676227598,0.181989629928661,"CFL2"
"ENSG00000119965",77.7108196105539,-0.58623645788641,0.134777910857165,-4.34964790712397,1.36356288629414e-05,6.74152045097583e-05,-0.554570150156417,0.133784647599186,"C10orf88"
"ENSG00000104164",515.763355141001,-0.533614186303169,0.122696409785749,-4.34906112766429,1.36721602155002e-05,6.75704434674458e-05,-0.502571947076239,0.12147089567218,"BLOC1S6"
"ENSG00000165733",443.949247105609,0.324376350521354,0.074588686390113,4.34886798816652,1.36842049826645e-05,6.7579235859625e-05,0.319515970999501,0.0741485408748186,"BMS1"
"ENSG00000215305",288.999991073566,0.434071338915255,0.0998110541243853,4.34893051399208,1.36803045742796e-05,6.7579235859625e-05,0.417482865609759,0.0997121087131427,"VPS16"
"ENSG00000145331",159.42629431391,-0.595620238428554,0.137056826428844,-4.34579038452916,1.38775047140107e-05,6.85081466309205e-05,-0.559948776331587,0.135950025211107,"TRMT10A"
"ENSG00000137285",23.8559209728997,1.35974078228923,0.312894603734736,4.34568307046287,1.38842917194337e-05,6.85159613111183e-05,1.22033302782113,0.333147569451089,"TUBB2B"
"ENSG00000141933",14.8912538296547,1.97870099119855,0.455344486691956,4.34550334752852,1.38956652661195e-05,6.85463952393141e-05,1.75758729223376,0.495420331943867,"TPGS1"
"ENSG00000114062",854.670933692113,-0.606831959087517,0.139699435350533,-4.3438397411189,1.40013672471212e-05,6.90419480058417e-05,-0.569793817650366,0.138467656522236,"UBE3A"
"ENSG00000154767",699.62198038143,0.366900461639117,0.0844712391345706,4.34349567258757,1.40233241220091e-05,6.91243299851635e-05,0.354725986293788,0.0842105573744616,"XPC"
"ENSG00000171823",62.1721333720495,0.750041696681006,0.172701395387817,4.3429973162447,1.40551851772346e-05,6.92554521120774e-05,0.69470606631945,0.176592695551249,"FBXL14"
"ENSG00000182718",1806.20135710196,0.950574430761537,0.21891396576923,4.34222836090592,1.41044817284849e-05,6.94723555694844e-05,0.87914304913532,0.228993179410484,"ANXA2"
"ENSG00000047410",1026.79135999907,0.377805645077337,0.0870138198308332,4.34190391608877,1.4125330818351e-05,6.95490297510878e-05,0.374267249304718,0.0865656384691506,"TPR"
"ENSG00000197122",164.916077808497,0.8388055588955,0.193306155579645,4.33925943217002,1.42963670986422e-05,7.03648483068124e-05,0.772019200258165,0.20011922117086,"SRC"
"ENSG00000169087",74.2065169374198,-0.658542799559113,0.151794136848135,-4.33839417801731,1.43527563601756e-05,7.06159903729718e-05,-0.614298359975024,0.150738496709125,"HSPBAP1"
"ENSG00000167996",24173.5441807928,-0.588248930309035,0.135608493359904,-4.33784725229435,1.43885092636593e-05,7.07654512384527e-05,-0.546524572562576,0.134013554299231,"FTH1"
"ENSG00000136504",352.922904845061,0.331302088223293,0.076378708825418,4.33762357754128,1.44031554897859e-05,7.08110325535926e-05,0.321531041325134,0.076044730357187,"KAT7"
"ENSG00000162377",392.026022302881,0.507703298385243,0.117080436105675,4.33636323259847,1.44859490210814e-05,7.11914911577299e-05,0.482946499224789,0.117551049594105,"COA7"
"ENSG00000103316",284.427053347228,0.622568981956476,0.143604869295388,4.3352915887266,1.455670338305e-05,7.15125211721029e-05,0.583397078864377,0.14575348432753,"CRYM"
"ENSG00000047578",128.169961268473,0.667768235528178,0.154075371914937,4.33403617481997,1.4640010185995e-05,7.18949549081725e-05,0.62591282679679,0.156409721332381,"KATNIP"
"ENSG00000111859",132.433400747039,-0.877589517233066,0.202504465039841,-4.33367983792559,1.46637387137399e-05,7.19846323285232e-05,-0.807432562248692,0.201834240816809,"NEDD9"
"ENSG00000106868",68.1732692411309,1.01646654934565,0.234601877336491,4.33272981821762,1.47271800273497e-05,7.22691212225441e-05,0.925276395426611,0.246056036876494,"SUSD1"
"ENSG00000088280",233.203892831077,0.704997074248587,0.162869948177548,4.32858904995815,1.50067653913976e-05,7.36136636151789e-05,0.655469165105113,0.166508259857957,"ASAP3"
"ENSG00000080815",808.872030697562,0.40873085556744,0.0944354595445377,4.32815022597179,1.50366896835663e-05,7.37329818896961e-05,0.393303253652106,0.0943385516474549,"PSEN1"
"ENSG00000178605",400.318228804795,0.836786398067214,0.193364166400379,4.32751534911887,1.50800839339765e-05,7.39182371834457e-05,0.769871228878677,0.200647463730258,"GTPBP6"
"ENSG00000139437",130.862673686719,0.394816337629852,0.0912370533597138,4.32736835628873,1.50901479999874e-05,7.39400404048507e-05,0.378311044876729,0.0909139244564963,"TCHP"
"ENSG00000172409",143.29867699478,0.423005141100001,0.0977651156696786,4.32674925204629,1.5132606151695e-05,7.41204957564047e-05,0.404229889319742,0.0975993612694449,"CLP1"
"ENSG00000090975",587.490460625755,1.07510035020175,0.248560204467539,4.32531165841617,1.52316360300845e-05,7.4577805865412e-05,0.977312978685275,0.263882624879962,"PITPNM2"
"ENSG00000188868",177.040670211768,0.548179737609702,0.126756399781858,4.32467109000486,1.52759608575919e-05,7.47670262643326e-05,0.520590303240342,0.127509328699936,"ZNF563"
"ENSG00000166136",116.328511854208,-0.924767380418255,0.213861722096881,-4.32413697669248,1.5313013402091e-05,7.49205256231625e-05,-0.848203805936227,0.213273355319673,"NDUFB8"
"ENSG00000158158",119.788886681362,0.441554906409906,0.102167523678013,4.32187147651238,1.54711304836378e-05,7.56660118675985e-05,0.420525626732307,0.102093019246431,"CNNM4"
"ENSG00000168116",72.8382861809786,-0.886793286155437,0.205241163074582,-4.32073796927953,1.55508248955525e-05,7.60275382751e-05,-0.814399566850734,0.204647912510447,"KIAA1586"
"ENSG00000107077",157.686527746475,-0.524076267222146,0.121326309765238,-4.31955993911143,1.56340642651317e-05,7.6405253450768e-05,-0.495553603097411,0.120192088113909,"KDM4C"
"ENSG00000164587",6276.96401853533,-0.62394782922933,0.144452102295577,-4.31940982037501,1.56447020863141e-05,7.6405253450768e-05,-0.581650545125727,0.143024882155092,"RPS14"
"ENSG00000182004",400.663810363232,-0.670902641440997,0.155326101493659,-4.31931681146574,1.56512964117212e-05,7.6405253450768e-05,-0.626585794232654,0.154251798317085,"SNRPE"
"ENSG00000198901",38.3355472332467,1.0426325590166,0.241386827287074,4.31934323316087,1.56494228459142e-05,7.6405253450768e-05,0.947292191714567,0.251753575986796,"PRC1"
"ENSG00000100359",429.852525859755,0.700407308395714,0.162178043824906,4.31875543616682,1.56911541791396e-05,7.65430662921644e-05,0.651625416091437,0.16587244568085,"SGSM3"
"ENSG00000168872",373.538216425337,0.284532321938096,0.0658828108433837,4.31876415556228,1.56905343610528e-05,7.65430662921644e-05,0.278409742379059,0.0655004390618964,"DDX19A"
"ENSG00000173610",39.1566967801831,-2.09473659755274,0.485054772393774,-4.3185568244491,1.57052788125135e-05,7.65835929057603e-05,-1.87413310401645,0.4758657118327,"UGT2A1"
"ENSG00000119685",111.896924608519,0.45967971557317,0.106450939179489,4.3182307184542,1.57284967254049e-05,7.66400399284535e-05,0.438113145665857,0.106478720339844,"TTLL5"
"ENSG00000139697",589.056551933112,0.439618711187025,0.101803852149965,4.31829151749024,1.57241655094577e-05,7.66400399284535e-05,0.421402704983154,0.101813798699222,"SBNO1"
"ENSG00000101361",569.253059112349,0.524405102066784,0.121454082191558,4.31772314774639,1.5764699571795e-05,7.6788026105162e-05,0.496338683757366,0.122216441579022,"NOP56"
"ENSG00000166902",827.951661965143,-0.326791542181845,0.0756950198247968,-4.31721324518093,1.58011487153981e-05,7.69371020661728e-05,-0.318000561152246,0.0749708985833844,"MRPL16"
"ENSG00000173230",1720.57117986165,0.471192220295475,0.109156907227786,4.31665051953334,1.58414670341584e-05,7.71049001743919e-05,0.44893245216177,0.109454313773052,"GOLGB1"
"ENSG00000179761",10857.452089672,0.316441943743278,0.0733122553794967,4.31635805098663,1.58624606103465e-05,7.71785500354108e-05,0.308940406797053,0.0729801867452412,"PIPOX"
"ENSG00000123739",796.422577381497,-0.414435321178636,0.096030984686139,-4.31564169140979,1.59139934414832e-05,7.74006788513363e-05,-0.39567645697277,0.0949676974608934,"PLA2G12A"
"ENSG00000003400",253.121054371082,0.37572232026736,0.0870742454223786,4.31496498700404,1.59628201447718e-05,7.75808379572039e-05,0.362651370145156,0.0867012456558862,"CASP10"
"ENSG00000155561",359.337377021876,0.546630849386963,0.126680858336786,4.31502325263478,1.59586104539875e-05,7.75808379572039e-05,0.516420814583115,0.127629405085209,"NUP205"
"ENSG00000126091",205.848260826839,0.44763797708497,0.103744786450846,4.31479973499258,1.59747653588501e-05,7.76102438061328e-05,0.427861308972104,0.103828260603817,"ST3GAL3"
"ENSG00000173482",537.135996976457,0.465592423591214,0.107911459448845,4.31457813627224,1.59907969598516e-05,7.76594735423852e-05,0.44427641900519,0.108067748306232,"PTPRM"
"ENSG00000182359",78.9509017776643,-0.739297225864453,0.171459595665905,-4.31178682647193,1.61940525617173e-05,7.86175870308149e-05,-0.684273974779426,0.170633864631103,"KBTBD3"
"ENSG00000113583",933.594243090947,-0.556645307049517,0.129150222221261,-4.31006077632501,1.63209685075446e-05,7.92045231737308e-05,-0.528327032878759,0.127978436327005,"C5orf15"
"ENSG00000082515",415.389461230584,-0.361170622039334,0.0838558959864572,-4.30703909117689,1.65454378847034e-05,8.02625382910455e-05,-0.348746835268419,0.0830333212861167,"MRPL22"
"ENSG00000180185",1049.4725483363,-0.549986775053945,0.127697140123086,-4.30696235267146,1.65511766261726e-05,8.02625382910455e-05,-0.518829593572899,0.126401695172442,"FAHD1"
"ENSG00000118004",964.390909504229,-0.731645432890378,0.169974462783533,-4.30444327288239,1.67406179156687e-05,8.11513164498135e-05,-0.681939260139094,0.168730992376669,"COLEC11"
"ENSG00000105357",882.816180361077,0.82107514186313,0.190770167712756,4.30400178239308,1.67740312403507e-05,8.12534566999473e-05,0.757325985743785,0.197634215764457,"MYH14"
"ENSG00000197601",122.333473980481,-0.816006356807425,0.189591492800149,-4.30402411392788,1.67723395977773e-05,8.12534566999473e-05,-0.752284186482927,0.188719976484288,"FAR1"
"ENSG00000187778",393.778582649409,0.425454131462002,0.0988947137238641,4.30209174425606,1.6919322345734e-05,8.19271048193944e-05,0.408518809363132,0.0987820693076294,"MCRS1"
"ENSG00000169946",33.263893253581,-0.829336884743183,0.192817479652494,-4.30114990735207,1.69914058933875e-05,8.22459007324776e-05,-0.758907088655126,0.192591701734002,"ZFPM2"
"ENSG00000145545",843.429150279321,-0.611406696111377,0.142207313095373,-4.29940403769058,1.71258008915777e-05,8.28659663868106e-05,-0.572534179905834,0.140902200725696,"SRD5A1"
"ENSG00000135441",123.584319912343,-0.86708863564011,0.201694521952885,-4.29901926559342,1.71555561189027e-05,8.29794459446998e-05,-0.797585051259349,0.201047775071015,"BLOC1S1"
"ENSG00000099937",24817.7421625548,0.481033185895208,0.111898270867755,4.29884378163186,1.71691430105438e-05,8.29841912176284e-05,0.457623126148513,0.112319816806693,"SERPIND1"
"ENSG00000139410",722.508859714467,0.75553898216951,0.175751294761506,4.2989099067223,1.71640220546137e-05,8.29841912176284e-05,0.700630304404384,0.18085065402904,"SDSL"
"ENSG00000137767",535.76559310931,-0.464915992195339,0.108160882202845,-4.29837463162917,1.72055174415688e-05,8.31294835360349e-05,-0.443546315488972,0.107044327974278,"SQOR"
"ENSG00000088833",897.532373779126,0.30689400813659,0.0714031629405247,4.29804500946573,1.72311178220506e-05,8.32226328852231e-05,0.299696887263771,0.0710576283429319,"NSFL1C"
"ENSG00000137411",655.967823738049,0.555508629623293,0.129259106410103,4.29763631400032,1.72629099009153e-05,8.33150556288309e-05,0.520776662835335,0.130338660117099,"VARS2"
"ENSG00000144647",155.294759824785,0.484893263124903,0.112826520352481,4.29768871370003,1.72588306505099e-05,8.33150556288309e-05,0.461032450157958,0.113021073657825,"POMGNT2"
"ENSG00000180574",14.737137377819,2.35944884622344,0.549446239897358,4.29423058143815,1.75300212494323e-05,8.45731988897127e-05,2.07503121518677,0.613891877049454,"EIF2S3B"
"ENSG00000177917",62.1407709347182,-0.608994299512872,0.141931840018251,-4.29075181040815,1.78069241035616e-05,8.58776420320484e-05,-0.570520900428867,0.141127961517223,"ARL6IP6"
"ENSG00000117533",228.649625839038,-0.738514720949708,0.1721245887035,-4.2905823422002,1.782051931068e-05,8.59117382806343e-05,-0.683720219050586,0.171015126311481,"VAMP4"
"ENSG00000179921",17.5014965546838,1.47526287245622,0.343876128740364,4.29009968752465,1.78592934116854e-05,8.60671511926244e-05,1.3188601630543,0.36599760661912,"GPBAR1"
"ENSG00000070371",128.774550462191,0.644709409692673,0.150520962953636,4.2831868534568,1.84235325869072e-05,8.8753834628328e-05,0.601933202667426,0.152657272388163,"CLTCL1"
"ENSG00000068885",69.8931911592019,-0.823173014600418,0.19222961734183,-4.28223822105736,1.85022742657038e-05,8.90679864651761e-05,-0.757221846125508,0.19151778713492,"IFT80"
"ENSG00000135540",912.627017056305,-0.50521382416105,0.117977274184738,-4.28229782093411,1.84973177266133e-05,8.90679864651761e-05,-0.473598932198076,0.116674269721141,"NHSL1"
"ENSG00000151465",541.376023045118,0.258098055728699,0.06027883123516,4.28173623210784,1.85440716980532e-05,8.92266152472572e-05,0.250498329974434,0.0599543447736527,"CDC123"
"ENSG00000170234",159.273971923919,-0.413635617025165,0.0966059214266149,-4.28167974505969,1.8548780641937e-05,8.92266152472572e-05,-0.396248290963295,0.095618111890879,"PWWP2A"
"ENSG00000121022",575.423291984052,-0.268845497471701,0.0628147880249483,-4.27997141954731,1.86917315308725e-05,8.9881423424203e-05,-0.263148403922777,0.0623212055695797,"COPS5"
"ENSG00000167566",103.917716611821,1.10818188787475,0.258991557231256,4.27883402733951,1.87874885956412e-05,9.03088991786095e-05,1.00104654142649,0.27552449723971,"NCKAP5L"
"ENSG00000132600",325.518059131134,0.742007109941187,0.173445897331999,4.27803206276412,1.88552866953136e-05,9.06017170184304e-05,0.686325751946834,0.178205963848385,"PRMT7"
"ENSG00000165672",6124.5547515631,-0.686285483885915,0.160425194299026,-4.27791586530171,1.88651293388166e-05,9.06159404869971e-05,-0.63735691862719,0.159083865623473,"PRDX3"
"ENSG00000055044",515.41838674496,-0.461751059127597,0.107955383123554,-4.27723977968869,1.89224951187156e-05,9.08583408946061e-05,-0.438688060626761,0.106746478611017,"NOP58"
"ENSG00000205978",508.086230927335,1.5181332838509,0.355083117144644,4.27543076691109,1.90768078317125e-05,9.15658957026347e-05,1.35146179924643,0.39357192996215,"NYNRIN"
"ENSG00000101882",147.5752349854,-0.41412433750503,0.0968890073179571,-4.27421385530365,1.91812865664392e-05,9.2033826142033e-05,-0.395239947672259,0.0960066183589172,"NKAP"
"ENSG00000113194",762.891038968324,0.302113276512402,0.0706985759746337,4.27325829901861,1.92637082228488e-05,9.23956220262395e-05,0.294741485169217,0.0703338154199209,"FAF2"
"ENSG00000062194",939.493374555816,-0.387401089424148,0.0906702266343017,-4.27263837099078,1.93173604967965e-05,9.2619216424189e-05,-0.372386876502749,0.0896810181996284,"GPBP1"
"ENSG00000106009",297.504926657457,0.852579073268543,0.199627697637784,4.27084559586271,1.94733200187318e-05,9.33329928527931e-05,0.783673233543264,0.207432869865796,"BRAT1"
"ENSG00000187758",41665.9473902169,-0.474828042185581,0.111206842279219,-4.26977362591935,1.95671463907863e-05,9.37485623657542e-05,-0.436008177365997,0.109330858990939,"ADH1A"
"ENSG00000158417",774.42436746283,-0.484922880019681,0.113575761991411,-4.26959829735814,1.95825332915728e-05,9.37881532618578e-05,-0.467440449971432,0.112580491386214,"EIF5B"
"ENSG00000165379",10.013771650757,-5.38772885238608,1.26215928497635,-4.268659999191,1.96650747331874e-05,9.41492268862348e-05,-3.5005058018017,1.10083092570934,"LRFN5"
"ENSG00000106261",3214.75853421759,-0.577032853104662,0.135192445170787,-4.26823297985108,1.970274893827e-05,9.42953080775221e-05,-0.539081655299884,0.1337078404251,"ZKSCAN1"
"ENSG00000196652",167.254396345156,0.299209317477517,0.0701197003435967,4.26712202150533,1.98010866392079e-05,9.47315067920825e-05,0.29141861750177,0.0695023690166339,"ZKSCAN5"
"ENSG00000179256",31.5141106767617,-0.897461000109999,0.210339169734409,-4.2667326358814,1.9835664022098e-05,9.48624600490162e-05,-0.821904682711096,0.210527124394274,"SMCO3"
"ENSG00000130305",136.595304396283,0.689293972817235,0.161581064538337,4.2659328603055,1.99068643899059e-05,9.51684010738931e-05,0.640333265912842,0.164809740981545,"NSUN5"
"ENSG00000106683",72.8234422725704,0.818472485947366,0.191924595356262,4.26455235936837,2.00303370482158e-05,9.57239265251577e-05,0.751902625715661,0.197626408622314,"LIMK1"
"ENSG00000095906",372.051833778647,0.942724997843621,0.221068541926155,4.26440139166668,2.00438838210206e-05,9.57539094294476e-05,0.859007404367185,0.232121939795267,"NUBP2"
"ENSG00000162383",42.855513424776,1.74514969047138,0.409699110076331,4.25958867752053,2.04803435577029e-05,9.78034832356605e-05,1.53959366762303,0.457176984597227,"SLC1A7"
"ENSG00000157992",63.8313717299119,-1.16077844652904,0.27254706717263,-4.25900178846469,2.0534182768743e-05,9.80250363789956e-05,-1.04927146952188,0.272125175548123,"KRTCAP3"
"ENSG00000007384",75.1861818936509,0.895130198805345,0.210231615527284,4.25782866463857,2.06422053395971e-05,9.85049929326332e-05,0.818078090214933,0.217999739995225,"RHBDF1"
"ENSG00000125170",584.689048630281,0.541315129353049,0.127197690019889,4.25569937054994,2.08396568425979e-05,9.9411203619436e-05,0.512975500408233,0.128147770990627,"DOK4"
"ENSG00000213762",150.162885970911,0.499883044775258,0.117474595165601,4.25524381735969,2.08821336115681e-05,9.95777512241597e-05,0.47500811891352,0.117658675209462,"ZNF134"
"ENSG00000117625",426.789373818481,-0.661550070071565,0.15547076031809,-4.25514140869992,2.08916937587628e-05,9.95872701042255e-05,-0.616056952575306,0.154191570232711,"RCOR3"
"ENSG00000120708",3138.79955530769,0.653957392572801,0.153712076986178,4.25443078640858,2.09581472930612e-05,9.98317537121723e-05,0.605515663799521,0.156557540747483,"TGFBI"
"ENSG00000125970",653.380870317834,0.405013338330601,0.0951967192000936,4.25448840814887,2.09527513325057e-05,9.98317537121723e-05,0.387583283891995,0.0950772518186243,"RALY"
"ENSG00000163602",360.345987163746,-0.741191939456426,0.174232319879798,-4.25404391084139,2.09944103472947e-05,9.99683206627422e-05,-0.68633432162385,0.173136588794853,"RYBP"
"ENSG00000070423",158.786079309703,0.957745298462541,0.225147512168294,4.25385690136626,2.10119607379141e-05,0.000100015717670057,0.871418966189266,0.236483798890321,"RNF126"
"ENSG00000175449",23.3736973031309,-0.709450284511189,0.166822613273987,-4.25272252117283,2.11187192998478e-05,0.000100487552693096,-0.657863393761665,0.166959693799495,"RFESD"
"ENSG00000125650",39.3100181121927,0.779553970469204,0.183438556460304,4.24967349019615,2.14082343853156e-05,0.000101828328727264,0.719044868835166,0.187067036240584,"PSPN"
"ENSG00000116990",325.424528654721,-0.826202572862528,0.194434503199095,-4.24925905263081,2.14478769968768e-05,0.000101980046421408,-0.758907781527036,0.193413796229206,"MYCL"
"ENSG00000113916",513.601237356378,-0.695908267720813,0.16379330848404,-4.24869778968181,2.15016754572398e-05,0.000102168050241544,-0.646488355863187,0.162505423408774,"BCL6"
"ENSG00000155090",700.365984995315,-0.96378292832455,0.226842660433445,-4.24868464548502,2.15029368995381e-05,0.000102168050241544,-0.875213200112912,0.225677872492803,"KLF10"
"ENSG00000149089",268.261975731516,-0.531064214306887,0.125003150951415,-4.24840662227222,2.15296351647288e-05,0.000102258000208809,-0.505705214821272,0.123743511280218,"APIP"
"ENSG00000135838",385.937023489499,-0.552470759160016,0.130059200801649,-4.2478406429898,2.15840830727703e-05,0.000102479638563323,-0.522660857680372,0.128911551905272,"NPL"
"ENSG00000143569",720.58373504939,0.328139433770031,0.0772572573196163,4.24736063839939,2.16303628068196e-05,0.00010266234921218,0.318440611385008,0.0769014767960497,"UBAP2L"
"ENSG00000100023",572.763148994274,0.473790810654652,0.111571356402659,4.24652729814227,2.17109338980176e-05,0.000103007623676144,0.450186185697141,0.11183406533923,"PPIL2"
"ENSG00000151348",717.093117135398,0.333977420215558,0.0786516648739455,4.24628545054731,2.17343702465841e-05,0.000103081670989383,0.323570796544393,0.0782795487808024,"EXT2"
"ENSG00000114544",289.85069502751,0.358481642949399,0.0844267905852184,4.24606502822769,2.17557513437111e-05,0.000103145920846705,0.346115034091968,0.0840565785076912,"SLC41A3"
"ENSG00000135845",228.762285915279,-0.331916752963779,0.0781743595194449,-4.24585190085528,2.17764438640111e-05,0.000103206861020004,-0.319603594850175,0.0774305960078838,"PIGC"
"ENSG00000130024",710.316817899772,-0.428833905378189,0.101004314687788,-4.24569887636728,2.1791312552803e-05,0.000103240165912272,-0.404554455029929,0.0996662247448335,"PHF10"
"ENSG00000154642",116.147265184872,-1.08654595192221,0.255939670311322,-4.24532058903003,2.18281104845455e-05,0.000103377303107743,-0.985590308540917,0.255345611938793,"C21orf91"
"ENSG00000084754",6112.18107181224,0.530773410491545,0.12504253660738,4.24474282825944,2.18844263867834e-05,0.000103606744986836,0.501167740414298,0.126020970288017,"HADHA"
"ENSG00000142655",331.31727297464,0.618003112340923,0.145740865631583,4.24042432891244,2.23097637597657e-05,0.000105582440568323,0.578934905650667,0.147957035310242,"PEX14"
"ENSG00000130726",974.759610560427,0.679056473955309,0.160154068094888,4.24002013831444,2.23499734609956e-05,0.000105734728921117,0.63326556649024,0.163592291950907,"TRIM28"
"ENSG00000182685",23.0450493170046,1.82371604953464,0.430184155941958,4.23938451554851,2.24133460586044e-05,0.000105996449068817,1.60969597526102,0.474853213282674,"BRICD5"
"ENSG00000110719",466.064395737135,0.998152473920809,0.235479125575207,4.23881510296344,2.24702625901701e-05,0.000106227460417299,0.908591200914756,0.248661764322003,"TCIRG1"
"ENSG00000181396",323.083879241623,0.532401118374055,0.125630927368021,4.23781889959666,2.25701706684816e-05,0.000106661474164116,0.503035946579629,0.126436688341577,"OGFOD3"
"ENSG00000116922",143.277569554985,0.377156799032316,0.0890102288942448,4.23722985231759,2.26294442797807e-05,0.000106903216141942,0.363087145299733,0.0884323716229861,"AIRIM"
"ENSG00000104047",191.97046342595,-0.692927629869338,0.163573551905379,-4.23618379498276,2.27350704115802e-05,0.000107363678995289,-0.643347139933451,0.162430363778296,"DTWD1"
"ENSG00000175213",120.407592233624,0.77413937461502,0.182762541685235,4.23576607917989,2.27773804139011e-05,0.000107524915930234,0.712984721458645,0.187949479522318,"ZNF408"
"ENSG00000133048",1262.25765403241,2.18741939650095,0.516427311281703,4.23567721674532,2.27863908591473e-05,0.000107528896792664,1.91037612444115,0.607133303044061,"CHI3L1"
"ENSG00000075142",332.137857094391,-0.541620245489549,0.127895456090003,-4.23486699252551,2.28687023330391e-05,0.000107878658157217,-0.509863304069645,0.126598665123483,"SRI"
"ENSG00000075420",628.486770545363,-0.670138961935386,0.158277415804866,-4.23395187827411,2.29620099558048e-05,0.000108274878121005,-0.626443611742614,0.156978776259143,"FNDC3B"
"ENSG00000157823",391.752354550018,0.400897400618143,0.0946878996998146,4.23388206823779,2.29691428370019e-05,0.000108274878121005,0.384853672637866,0.0945334932445037,"AP3S2"
"ENSG00000122687",332.318566103783,0.299088931333974,0.0706432337272854,4.2337944563607,2.29780976153916e-05,0.000108278322549837,0.292158347575898,0.070214438491118,"MRM2"
"ENSG00000168214",482.790814278717,-0.736292648618268,0.173978222840029,-4.23209661875487,2.31522904133737e-05,0.000109060127220922,-0.680836766050163,0.172764285370929,"RBPJ"
"ENSG00000099991",298.670560862239,0.973554705106914,0.230069844993282,4.23156152921884,2.32074488418523e-05,0.000109280855311813,0.883746386667545,0.242405464029094,"CABIN1"
"ENSG00000116266",395.937814607731,-0.606263173625097,0.143292571963462,-4.23094627528694,2.32710253784129e-05,0.000109541051173466,-0.566552496668065,0.141933530617053,"STXBP3"
"ENSG00000127483",1195.85620696882,-0.289070769121827,0.0683272564976586,-4.23068016980505,2.32985743854523e-05,0.000109592365258616,-0.279388176764577,0.0676480492521486,"HP1BP3"
"ENSG00000242802",178.19915982594,0.975458473169511,0.230563538331404,4.230757734848,2.32905411340564e-05,0.000109592365258616,0.885357593550674,0.24265109284211,"AP5Z1"
"ENSG00000129473",432.157011498116,0.275211335777295,0.0650556797081248,4.23039674647998,2.33279503788078e-05,0.000109691355245494,0.268746992392523,0.0646985714304767,"BCL2L2"
"ENSG00000147481",14.7720819649303,-1.04411639380001,0.247027272581986,-4.22672518255441,2.37116969948144e-05,0.000111455980947421,-0.94665570774831,0.248633102594011,"SNTG1"
"ENSG00000070718",118.923007584629,0.460273458574116,0.108926589110844,4.22553815676485,2.38370428292508e-05,0.000112005176977129,0.437508606637007,0.108841871673084,"AP3M2"
"ENSG00000173905",1273.33857034643,-0.599709644645819,0.141941215778413,-4.225056417595,2.38880924610972e-05,0.000112205003689906,-0.560936050245608,0.14054568219019,"GOLIM4"
"ENSG00000148498",524.677096025226,0.294774407947638,0.06979730557094,4.22329208178441,2.40759476985014e-05,0.000113047049714147,0.287032065978329,0.069409902159668,"PARD3"
"ENSG00000170677",383.68162636074,-0.685601850445663,0.162361448606647,-4.22268867597179,2.41405164306701e-05,0.000113309817941605,-0.636562008113486,0.161083547436254,"SOCS6"
"ENSG00000189050",214.399595025815,-0.779062685666151,0.184559862938548,-4.22119237228493,2.43013431870707e-05,0.000114024050035985,-0.719018969886337,0.183463906808157,"RNFT1"
"ENSG00000141252",302.268902747504,0.432763373124143,0.102535745945765,4.22060978961469,2.43642360251421e-05,0.000114278422339516,0.413448996668222,0.10246234697575,"VPS53"
"ENSG00000109758",2691.71055802565,1.25533771838266,0.297446835639133,4.22037677988835,2.43894339684831e-05,0.000114355871662767,1.13152503399602,0.322229825435733,"HGFAC"
"ENSG00000138767",392.680558785401,-0.680847705369173,0.161332110526493,-4.2201623914005,2.44126400877123e-05,0.000114383209749046,-0.632348799892203,0.160048416682721,"CNOT6L"
"ENSG00000145321",111753.658788159,0.544529913058502,0.129030215447627,4.22017363273741,2.44114227665436e-05,0.000114383209749046,0.513101951438212,0.130211493721346,"GC"
"ENSG00000126970",130.650706980119,0.469358624951782,0.111224302932413,4.21992867185685,2.44379625967432e-05,0.000114461122571583,0.446213419879421,0.11123759782942,"ZC4H2"
"ENSG00000162618",170.658782933292,-1.14666942079418,0.271777670117961,-4.21914508390807,2.45230434424997e-05,0.000114818773102401,-1.03583743761303,0.270945963322585,"ADGRL4"
"ENSG00000112167",187.109603240446,-0.321366917545448,0.0761774966625022,-4.21865946802158,2.45759122671321e-05,0.000115025403806989,-0.312169542358718,0.0754975926336175,"SAYSD1"
"ENSG00000101447",56.8160601744613,0.900275495497389,0.213456601253803,4.21760437582788,2.46911537386573e-05,0.00011552371361875,0.820772758374625,0.221486305735687,"SACK1D"
"ENSG00000159840",481.600525900072,1.10498832216444,0.262028944310304,4.21704680401976,2.47522614383979e-05,0.00011575486941928,0.99525375621194,0.280260753544244,"ZYX"
"ENSG00000160688",404.62437727181,0.375092600446157,0.088947878760881,4.21699320626319,2.47581431174762e-05,0.00011575486941928,0.361053706730216,0.0886800717875955,"FLAD1"
"ENSG00000183718",212.928326768088,-0.559736675118134,0.132779978811061,-4.21552014189285,2.4920314774906e-05,0.000116430398980274,-0.52592055668637,0.131441574067894,"TRIM52"
"ENSG00000204469",801.125181737896,0.849953097098375,0.201624169052176,4.21553180401912,2.49190269163139e-05,0.000116430398980274,0.780022344109052,0.209806491544235,"PRRC2A"
"ENSG00000090020",68.5666053397556,0.764872233752023,0.181473748413832,4.21478169948753,2.50019906584635e-05,0.000116770560131015,0.702888346490849,0.186040107597782,"SLC9A1"
"ENSG00000120693",24.7511398966119,-1.02282657006306,0.242694286579833,-4.2144649735156,2.50371003084226e-05,0.000116893071865494,-0.927540930302921,0.243329621930105,"SMAD9"
"ENSG00000169744",325.492356735716,-0.751317773485356,0.178334735743287,-4.21296372999862,2.52041548299972e-05,0.000117631301840391,-0.69412595436623,0.177239454337956,"LDB2"
"ENSG00000052344",337.166810395159,0.959187762928248,0.227838783141101,4.20994068570943,2.55437740657222e-05,0.000119174106785719,0.870763739451012,0.239896679309169,"PRSS8"
"ENSG00000152127",194.710538215954,0.499627846878291,0.118682384960982,4.20978940592195,2.55608832106182e-05,0.000119211685565356,0.473354115494331,0.119065482972537,"MGAT5"
"ENSG00000132819",100.050507302598,0.739164159879507,0.175601112092567,4.20933643911015,2.56121771666782e-05,0.000119408613518586,0.683818327567747,0.179945769596022,"RBM38"
"ENSG00000198417",2498.7390665221,-1.56371713537482,0.371776454477864,-4.2060682341246,2.59851807636861e-05,0.000121104739799891,-1.39137407520871,0.368295480788157,"MT1F"
"ENSG00000223501",778.396904289804,0.347242252681043,0.0825907622552389,4.20437156891619,2.61808545033696e-05,0.000121973506861771,0.335765880108398,0.0822437195915453,"VPS52"
"ENSG00000132881",31.4270913153508,0.883373629365072,0.210113404999551,4.20427068595151,2.61925332065421e-05,0.000121984751396298,0.805172161901268,0.216879913832739,"CPLANE2"
"ENSG00000163666",17.2780520796518,-0.904151691588826,0.215068814640665,-4.2040111352242,2.6222602837964e-05,0.000122081608544779,-0.825325407353589,0.216052345753249,"HESX1"
"ENSG00000168040",199.57041699951,0.423347415386749,0.100714992048319,4.20342003486078,2.62912059316876e-05,0.000122357729691268,0.406374439522361,0.100504120004396,"FADD"
"ENSG00000078043",241.831427446534,-0.451366691348732,0.107403805003834,-4.20252049108149,2.63959345791727e-05,0.000122801722498017,-0.428517393733585,0.106266441449333,"PIAS2"
"ENSG00000114503",509.073526001113,-0.294149960598568,0.0700295504510347,-4.20036911138307,2.66480186293438e-05,0.000123930700555966,-0.286151097807304,0.0693689970368702,"NCBP2"
"ENSG00000127837",1543.17716571401,0.356769249286577,0.084964481438297,4.19903991935348,2.6804906709041e-05,0.000124616314170633,0.344458504242342,0.0846652742655917,"AAMP"
"ENSG00000166595",677.825445158052,-0.518137265035396,0.123398591047979,-4.19889125665898,2.68225082751465e-05,0.000124654127762294,-0.478853592770558,0.12161078553198,"CIAO2B"
"ENSG00000173141",610.716936082174,-0.55871781965878,0.13306862567569,-4.19871939626452,2.68428701311982e-05,0.000124704738231247,-0.514976353455866,0.131133011814863,"MRPL57"
"ENSG00000079950",511.813646610732,-0.534730704514332,0.127373510831246,-4.19813115792014,2.69126753640186e-05,0.00012498493257237,-0.50420492260855,0.126040301628986,"STX7"
"ENSG00000198604",232.703655051819,-0.50105783600234,0.119356691765247,-4.19798696320965,2.69298130268303e-05,0.000125020422535701,-0.475105589334143,0.118145679002356,"BAZ1A"
"ENSG00000114378",3526.23667335178,0.361369481265916,0.0860997584073777,4.19710215162406,2.70352010542098e-05,0.000125465441339347,0.348131282276151,0.0857640382120458,"HYAL1"
"ENSG00000165185",176.944023042482,-0.472220569546575,0.112515334993986,-4.19694408386034,2.70540694104061e-05,0.000125508765982173,-0.448160051172725,0.111372257227143,"KIAA1958"
"ENSG00000113119",259.426430714083,-0.672466336564282,0.160239671588685,-4.1966282749906,2.70918046375614e-05,0.000125595316851455,-0.624387841624523,0.158972368375351,"TMCO6"
"ENSG00000115828",16.2807636396875,-1.02476761928835,0.244187388646783,-4.19664432699545,2.70898854162067e-05,0.000125595316851455,-0.928983279293728,0.245477469342508,"QPCT"
"ENSG00000116754",2050.84216543329,-0.848468336004016,0.202200851013861,-4.19616599905335,2.71471311148724e-05,0.000125807507306727,-0.77186075123576,0.200612974707198,"SRSF11"
"ENSG00000241468",368.887937585519,-0.683221449948046,0.162832195935289,-4.19586216364463,2.71835534810325e-05,0.000125931972248865,-0.633800031808119,0.161561230572277,"ATP5MF"
"ENSG00000127663",351.423353033508,0.585971703399965,0.139661125176075,4.19566792592579,2.72068621316005e-05,0.000125995619706174,0.548911365762923,0.14135360526306,"KDM4B"
"ENSG00000065457",159.190702214876,0.469100091059673,0.111816225401795,4.19527746866817,2.72537747628722e-05,0.000126168494559766,0.445549746402702,0.111852299980304,"ADAT1"
"ENSG00000034510",1658.10776959626,-0.78671557603001,0.187616864781767,-4.19320287088853,2.75043261840409e-05,0.000127283640962771,-0.717068304443736,0.185989335500522,"TMSB10"
"ENSG00000082258",631.369187930176,-0.625921646149162,0.149298281904062,-4.192423637878,2.75989995741092e-05,0.000127676889807703,-0.583259144906183,0.147908450924923,"CCNT2"
"ENSG00000205352",542.307605554948,-0.587880824581248,0.140252409950966,-4.19159160820679,2.77004295381893e-05,0.000128101108289357,-0.550816784202237,0.138903300427068,"PRR13"
"ENSG00000081181",14.0528848415964,-1.40476926949485,0.335297545469377,-4.18961990171546,2.79422106930483e-05,0.000129173857438439,-1.25805609903656,0.335043295327024,"ARG2"
"ENSG00000121769",69.2645804711834,-0.985276641201566,0.235217533191919,-4.18878910866588,2.80446866223748e-05,0.000129602086370722,-0.894989772648871,0.234808573600148,"FABP3"
"ENSG00000101473",291.35819326302,0.469403571862228,0.112067674842304,4.18857241860999,2.80714734084092e-05,0.000129680357507058,0.445582128461817,0.112321815247703,"ACOT8"
"ENSG00000221823",697.656672032835,-0.744549662078081,0.177770777206385,-4.18825677526115,2.8110536126492e-05,0.000129815264342825,-0.690516678864351,0.176399284010496,"PPP3R1"
"ENSG00000120662",163.497442014834,-0.4586190314645,0.10950582654339,-4.18807880768591,2.81325834364148e-05,0.000129871526481009,-0.435496841957553,0.108342716928213,"MTRF1"
"ENSG00000129197",360.795767663971,-0.551863763449702,0.131805148956029,-4.18696665358505,2.82707341910585e-05,0.000130463542362242,-0.521398390620164,0.130642072738337,"RPAIN"
"ENSG00000143641",2118.23897363325,0.628967006486578,0.150271573256667,4.18553551317579,2.84494582711223e-05,0.000131196345918598,0.589671811094035,0.152755116568794,"GALNT2"
"ENSG00000258818",159.377006489517,-0.688042154954151,0.164385210352398,-4.18554779641777,2.84479197519967e-05,0.000131196345918598,-0.63778290464588,0.163207907308711,"RNASE4"
"ENSG00000145431",281.64982521593,-0.556036740331695,0.132861247291151,-4.18509348413086,2.85048766300203e-05,0.000131405884352538,-0.523947721290572,0.131633418016326,"PDGFC"
"ENSG00000173327",927.446658478874,0.767340545777243,0.183371642796215,4.18461946501731,2.856441969723e-05,0.000131634284121012,0.707323560347041,0.189235725749068,"MAP3K11"
"ENSG00000126603",51.1247065317225,1.67960875244807,0.401477520933243,4.18356860564393,2.86968434192582e-05,0.00013219826468088,1.47662507561804,0.449310162399157,"GLIS2"
"ENSG00000145781",197.352041167389,-0.844276843473307,0.201812243357123,-4.18347682692021,2.87084365561568e-05,0.000132205412975992,-0.773045674260575,0.200824636786784,"COMMD10"
"ENSG00000015475",550.278614121801,0.419213786652457,0.100242572620227,4.18199349532525,2.88964238997209e-05,0.000133024586385918,0.401458215109132,0.100129796334579,"BID"
"ENSG00000131398",38.8179008758666,1.19277241638886,0.285259682935024,4.18135645428924,2.89775168054655e-05,0.000133351270975449,1.06466526458972,0.304032409487379,"KCNC3"
"ENSG00000119640",28.4890738254897,-0.885148314989027,0.211722893044234,-4.18069251870699,2.90622634777816e-05,0.000133694535621409,-0.807958701738991,0.211843533597791,"ACYP1"
"ENSG00000085733",1214.3886828519,0.364873861503788,0.08731018067656,4.17905287420559,2.92725629602976e-05,0.000134614936756995,0.35166612080455,0.0870194887899562,"CTTN"
"ENSG00000116954",144.523658688046,-0.6068050397231,0.145237784894587,-4.17801084038507,2.94069642614094e-05,0.000135185786126298,-0.570817211180474,0.144206716525933,"RRAGC"
"ENSG00000188529",951.361480702614,-0.551469314246382,0.132013833978871,-4.1773600358781,2.94912022261516e-05,0.000135525713266845,-0.515794143160589,0.130478911938359,"SRSF10"
"ENSG00000123080",45.9829418141583,-0.647413877295966,0.155000939390411,-4.17683841041299,2.95588852222819e-05,0.000135789352001592,-0.602256686603559,0.15419262224773,"CDKN2C"
"ENSG00000145214",140.906052721788,0.72885121494456,0.17453684857152,4.17591597940361,2.9678935886887e-05,0.000136293292600891,0.681095962359457,0.178558044561733,"DGKQ"
"ENSG00000205133",435.58227334101,-0.778710912567161,0.186517250125555,-4.17500747004883,2.97976275861694e-05,0.000136790643235532,-0.714817026347598,0.185208518181859,"TRIQK"
"ENSG00000177963",831.049617844003,0.317145152706707,0.0759889081071976,4.17357165152722,2.9986129664502e-05,0.000137608010861915,0.31816285231069,0.0754666976719104,"RIC8A"
"ENSG00000110987",128.549426653897,0.482580047728316,0.115657385998723,4.17249658170248,3.01280120920018e-05,0.00013821094327641,0.45937542842264,0.115641158613517,"BCL7A"
"ENSG00000136810",2225.75470612191,-0.553684444712748,0.132723622144277,-4.17170987174284,3.02322422303914e-05,0.000138640787601997,-0.519385757347064,0.131263746456424,"TXN"
"ENSG00000211584",270.140085572395,0.408721863922422,0.097977900277096,4.17157198476897,3.02505459489996e-05,0.000138676423385978,0.391281250752463,0.0978165922664435,"SLC48A1"
"ENSG00000149091",198.686452653312,0.850505346377586,0.203891265314119,4.1713672484561,3.02777429700294e-05,0.000138752789399028,0.776054287088298,0.212247762943474,"DGKZ"
"ENSG00000100522",1851.05866420572,-0.575314874227684,0.137924490998911,-4.17123072241191,3.02958919021463e-05,0.00013878765232556,-0.538270293626204,0.136448723020451,"GNPNAT1"
"ENSG00000111962",29.8615072322532,-0.740491117796188,0.177533600689266,-4.17099137808993,3.03277338158076e-05,0.00013888519771093,-0.682163141027518,0.177522196959618,"UST"
"ENSG00000176396",111.16838036729,-0.583389592753875,0.139886901343774,-4.17043759744299,3.04015297125815e-05,0.000139174735812187,-0.546292333058511,0.138698689949598,"EID2"
"ENSG00000162923",926.194606411364,-0.407748075683707,0.0977950164122853,-4.16941568847147,3.05381558447907e-05,0.000139703043729157,-0.39272413264544,0.096728556041447,"WDR26"
"ENSG00000197798",122.157589209578,0.432240161835609,0.103668659387861,4.1694390994143,3.05350193524533e-05,0.000139703043729157,0.411291533956285,0.103473949497206,"SIRAL1"
"ENSG00000080709",606.38966471632,-0.812553528325928,0.194904033925131,-4.16899287286202,3.05948554957015e-05,0.000139913812940745,-0.744760711916798,0.19372644229146,"KCNN2"
"ENSG00000235961",82.5441928367605,-1.08445067075948,0.260154767996672,-4.16848278088586,3.06633920761701e-05,0.000140178548637103,-0.979281569079981,0.259748576200947,"PNMA6A"
"ENSG00000140263",9447.55426032247,0.64086976381797,0.153795702855913,4.16701996165903,3.08607483258432e-05,0.000141031798840004,0.603351703449594,0.156365396399811,"SORD"
"ENSG00000153989",523.8301764239,-0.703900903729912,0.168929831586626,-4.16682416076972,3.08872562176415e-05,0.00014110396091654,-0.650986294182274,0.167593816364238,"NUS1"
"ENSG00000186106",540.913662195174,-0.762663514046346,0.183121689308187,-4.16479072974698,3.11638280870456e-05,0.000142318057784961,-0.705390413559946,0.181882673390509,"ANKRD46"
"ENSG00000158792",92.1641255266463,0.973320088915194,0.233710937516948,4.1646321702193,3.11854927674726e-05,0.000142367613653448,0.880303854566273,0.24632095015967,"SPATA2L"
"ENSG00000088826",57.7408188536379,0.986728636121468,0.236986069438954,4.16365670124607,3.13190905264579e-05,0.000142927953508265,0.892005888277008,0.248592989122843,"SMOX"
"ENSG00000160783",216.466508955055,-0.856993193494509,0.205854033966811,-4.16311100142287,3.13940652196454e-05,0.000143220465239727,-0.783270123754396,0.204878610022938,"PMF1"
"ENSG00000101004",339.208733119061,0.765654163971033,0.183918586821986,4.16300591039288,3.14085234381438e-05,0.000143236792374992,0.70327576084025,0.189838947897561,"NINL"
"ENSG00000134910",2012.61715188517,0.49050371745637,0.117826805742581,4.16292128404113,3.14201707647733e-05,0.00014324029372888,0.46437681379102,0.118354764972916,"STT3A"
"ENSG00000148773",37.4167900513656,1.37800959154014,0.331157594863965,4.16118975651519,3.16593880182477e-05,0.000144280893959242,1.22550541489669,0.3577544088346,"MKI67"
"ENSG00000198932",81.1129240612609,-0.705268111901671,0.16949886206441,-4.16090175067765,3.16993446176502e-05,0.000144413000427675,-0.651470349112235,0.168497443558161,"GPRASP1"
"ENSG00000162813",442.021071049724,0.308779685677111,0.0742146999969108,4.16062701445892,3.17375049015676e-05,0.000144536834844012,0.304530567365788,0.0737504160719042,"BPNT1"
"ENSG00000183161",129.14101882082,-0.464664247989697,0.111723102851363,-4.15907038142224,3.19545435487945e-05,0.000145474937885003,-0.440671968013105,0.110579839607177,"FANCF"
"ENSG00000168000",16.5796540735653,0.920264734762338,0.221331513806956,4.15785677752598,3.21247317505442e-05,0.000146199176711948,0.837180746491184,0.225079838356603,"BSCL2"
"ENSG00000241399",3064.49192928464,-0.858909296360279,0.206621377872889,-4.15692366976988,3.22561701727366e-05,0.000146746626293797,-0.784675723228537,0.20542953214444,"CD302"
"ENSG00000142330",102.791544618649,0.898855709172753,0.216240425308254,4.15674223675532,3.22817862550049e-05,0.000146812434484765,0.817115299953986,0.225418831960366,"CAPN10"
"ENSG00000118640",1229.47524496596,-0.45661724272607,0.109865973715119,-4.15612975779082,3.23684034783058e-05,0.000147155524929342,-0.440044143739611,0.108747562018063,"VAMP8"
"ENSG00000164086",112.623972551498,0.498646466540555,0.119984653302273,4.15591871807417,3.23982999828804e-05,0.000147240599784122,0.470014297753811,0.120097773925106,"DUSP7"
"ENSG00000205364",849.320911775897,-1.61977345006576,0.389795215559566,-4.15544723333895,3.24651866937951e-05,0.000147493667360423,-1.44064235478117,0.385954800704616,"MT1M"
"ENSG00000130762",78.0244096861358,1.1222200057897,0.270079703191741,4.15514380580089,3.25083014965243e-05,0.000147638598655826,1.0118442286216,0.287370169127574,"ARHGEF16"
"ENSG00000185019",87.9337254124201,0.591575968095883,0.142390030961081,4.15461647211506,3.2583361148593e-05,0.000147928459614612,0.553025303987389,0.143709341004536,"UBOX5"
"ENSG00000103546",31.3362416933229,2.69658545435891,0.649292482059475,4.15311362578183,3.27981776491773e-05,0.000148852398114122,2.32021446355955,0.778976457900301,"SLC6A2"
"ENSG00000178175",15.2639750697534,1.60641243613759,0.386941582460944,4.15156320476292,3.30212040589155e-05,0.000149812947153578,1.41920829676347,0.415772239731399,"ZNF366"
"ENSG00000108819",361.422808745077,0.594747587497407,0.143275955619684,4.15106348392555,3.30933948485968e-05,0.000150088748390157,0.555770813043461,0.145165518212807,"PPP1R9B"
"ENSG00000132589",712.61393967229,0.491110751850596,0.118314624366869,4.15088797753153,3.31187844491723e-05,0.000150152174951034,0.458240480304679,0.118822091763869,"FLOT2"
"ENSG00000099904",196.565156764324,1.08088914814232,0.260441812578373,4.15021358299391,3.32165178772843e-05,0.000150543433518873,0.970297543818577,0.278182744675219,"ZDHHC8"
"ENSG00000116260",671.121099380875,0.695092945801505,0.167513100121379,4.14948410182753,3.33225428999404e-05,0.000150971988926571,0.645388849180423,0.171479697294312,"QSOX1"
"ENSG00000160957",24.5935397939225,1.27743802598231,0.307886123950589,4.14906007971741,3.33843192253187e-05,0.000151199844141915,1.13976301640841,0.326791330710106,"RECQL4"
"ENSG00000184831",159.611117520956,-0.455803872525671,0.109862870740655,-4.14884363982853,3.34158945531239e-05,0.000151290807319955,-0.432481209864851,0.108711340256636,"APOO"
"ENSG00000127241",4218.08765709695,0.485634518846482,0.117072930353594,4.14813669889124,3.35192243767949e-05,0.000151654332695836,0.461728667344141,0.117512887909846,"MASP1"
"ENSG00000161970",466.29318330864,-0.774995594847971,0.186827489216153,-4.14818824627744,3.35116797209032e-05,0.000151654332695836,-0.711958914385211,0.185563289271072,"RPL26"
"ENSG00000090061",224.279049986932,-0.451740809262798,0.108930620241527,-4.1470507398303,3.36785446853049e-05,0.000152295671914155,-0.430294803180589,0.107727516044249,"CCNK"
"ENSG00000179403",485.416399339271,0.937283838744341,0.22601420908372,4.14701289155299,3.36841103307017e-05,0.000152295671914155,0.850963324569949,0.237843559336205,"VWA1"
"ENSG00000197417",119.085154741448,-0.773284383604272,0.186560362833618,-4.14495540134599,3.39879854069194e-05,0.000153616826593718,-0.710401313265151,0.185528774170869,"SHPK"
"ENSG00000120029",364.415555484817,0.269266614028885,0.0649883597900728,4.14330527649379,3.42335755006261e-05,0.000154673731997681,0.263656360236133,0.0645931634246655,"ARMH3"
"ENSG00000081760",157.429374334604,1.03610918228977,0.250136341462116,4.14217772688858,3.44023584006336e-05,0.000155383001956344,0.932108656809568,0.265703696470903,"AACS"
"ENSG00000205084",34.8202483359103,-0.628007401312488,0.151620451627312,-4.14197025910563,3.44335002183875e-05,0.000155470323688371,-0.585160009399719,0.150865017845577,"TMEM231"
"ENSG00000158470",495.872063723596,0.432890526725368,0.104538820685032,4.14095475622052,3.45863182673527e-05,0.000156106776245446,0.414100849752834,0.104506217444466,"B4GALT5"
"ENSG00000135870",392.007104137562,-0.696588140569692,0.168225189779578,-4.14080757752401,3.46085198370358e-05,0.000156153451739004,-0.647270928401106,0.166843471276637,"RC3H1"
"ENSG00000163217",22.5248482059589,1.98772430545808,0.480290404343887,4.13858841959058,3.49449197171068e-05,0.000157617270639064,1.7335515573212,0.540271412538948,"BMP10"
"ENSG00000060688",270.137590130189,0.342055422631505,0.082657003144701,4.13825096020837,3.49963460519375e-05,0.000157795168534181,0.330413639083614,0.0822402143337049,"SNRNP40"
"ENSG00000005486",683.266035990222,0.539117007661592,0.130297830546349,4.13757470405326,3.50996189378212e-05,0.000158206635719053,0.50859514123886,0.131392179575017,"RHBDD2"
"ENSG00000173465",110.183425959074,0.699776008834409,0.169132717280182,4.13743727462956,3.51206415060084e-05,0.00015824721631352,0.646230693851533,0.172979503628275,"ZNRD2"
"ENSG00000109133",952.746208585967,-0.655918479988324,0.158539775193121,-4.13724870739432,3.51495060810616e-05,0.000158323091708264,-0.60848519858382,0.1570859702137,"TMEM33"
"ENSG00000112343",348.482349039118,0.333836432615193,0.0806923397139815,4.13715147929153,3.51643978913909e-05,0.000158335999534218,0.322868998312031,0.0802858708770509,"TRIM38"
"ENSG00000148357",38.3422321472169,1.57766042070749,0.381358047267713,4.13695327005902,3.51947748985843e-05,0.000158418600449491,1.38485200965039,0.423041968570341,"HMCN2"
"ENSG00000169252",112.197237017977,-0.53713471602141,0.129854847160091,-4.1364240747918,3.52760000557899e-05,0.000158729944201822,-0.504866878376398,0.128650165300072,"ADRB2"
"ENSG00000204472",298.993128130606,-0.82822351527224,0.200283121328738,-4.13526366963706,3.54547319806341e-05,0.000159479672448592,-0.759293425430778,0.199157379413499,"AIF1"
"ENSG00000099204",1050.50300115438,0.418986107100686,0.10132787666124,4.13495398212522,3.55025769152426e-05,0.000159640344148253,0.134552907027697,0.0983809790964806,"ABLIM1"
"ENSG00000146802",258.300543913069,-0.632018770180945,0.152857770114889,-4.13468526791876,3.55441413843509e-05,0.000159772675133617,-0.588021768612246,0.151461949452902,"TMEM168"
"ENSG00000160062",25.5558374023229,-0.876526163585471,0.212003474688776,-4.1344896109473,3.55744344940867e-05,0.000159854267764213,-0.798992249480013,0.212163427014479,"ZBTB8A"
"ENSG00000108179",4484.57087051671,0.838032126148656,0.20269752169743,4.13439749598716,3.55887049238462e-05,0.000159863831124995,0.770752860182939,0.210740035819074,"PPIF"
"ENSG00000166016",301.734404279366,0.518782820545327,0.12549699850539,4.13382651954856,3.5677281818768e-05,0.000160207057444031,0.489413503235968,0.126272134637297,"ABTB2"
"ENSG00000067829",463.395139556115,0.434290178485754,0.105065344837497,4.13352451426741,3.57242172030077e-05,0.000160363124341902,0.413959651566505,0.105030637828102,"IDH3G"
"ENSG00000073969",332.998546828214,0.486260155879296,0.117652802852751,4.13300953388997,3.58043868322812e-05,0.000160668219847926,0.45963435890715,0.118051191558411,"NSF"
"ENSG00000140688",1678.34295194693,0.402450194361968,0.0973837961627788,4.1326196987563,3.58651880378531e-05,0.000160886223409327,0.379249104511175,0.0973038641069821,"RUSF1"
"ENSG00000188603",24.1455167711166,-0.895382657577328,0.216693664291795,-4.13202047463477,3.5958838110539e-05,0.000161251383706865,-0.815190317872567,0.216817641906228,"CLN3"
"ENSG00000110422",710.594881441285,-1.00598269459397,0.243494182676162,-4.13144447040809,3.60490780877238e-05,0.000161601008547147,-0.909729373227602,0.242490770110237,"HIPK3"
"ENSG00000184867",54.8338765828997,-0.65348800038131,0.158204431335607,-4.13065547446667,3.61730355651159e-05,0.00016210149293748,-0.606538420458866,0.157308217954002,"ARMCX2"
"ENSG00000085265",96.5467078180555,1.28334032801576,0.310762993503629,4.1296433450683,3.63326417192364e-05,0.000162761334084881,1.14370559750612,0.337479569077641,"FCN1"
"ENSG00000173262",18.6613615692577,1.8771177697112,0.454781392446324,4.12751665061307,3.66701887007438e-05,0.000164217586542174,1.64232496863111,0.504083035551201,"SLC2A14"
"ENSG00000131591",61.1452366871741,1.28014743534454,0.310198198458314,4.12686934259089,3.6773518463004e-05,0.000164624326448117,1.13719216277916,0.335957194989979,"C1orf159"
"ENSG00000135045",45.0030022083132,-0.770284513643374,0.186670138357691,-4.12644743514027,3.68410162825724e-05,0.000164870435206101,-0.707267284303126,0.186006948216962,"C9orf40"
"ENSG00000198185",93.6235400637984,-1.09068934028415,0.264336068049074,-4.126146493492,3.68892335428677e-05,0.000165030121925041,-0.981402075648229,0.263517727510187,"ZNF334"
"ENSG00000139874",276.433000339251,-0.600823470193754,0.145616800587818,-4.12605872240278,3.69033076218045e-05,0.00016503700684398,-0.562919390476815,0.144480479135722,"SSTR1"
"ENSG00000213741",2793.25368103531,-0.757409522157234,0.183573621399563,-4.12591698296713,3.69260462797975e-05,0.000165082623198579,-0.695667556795472,0.182184947264015,"RPS29"
"ENSG00000185115",178.051998894433,-0.335486872117972,0.0813320890915982,-4.12490169458378,3.70893140280972e-05,0.000165756248640166,-0.32189796174236,0.0804333964459054,"NSMCE3"
"ENSG00000161021",256.149341622284,0.395780744573009,0.0959978524360146,4.12280831841326,3.74281141172249e-05,0.000167213624183028,0.378928758449644,0.0957299575938099,"MAML1"
"ENSG00000137133",1086.79936021571,-0.604754872906397,0.146699915910818,-4.12239413466359,3.74954944596034e-05,0.000167457829055339,-0.563574773973163,0.145198930697223,"HINT2"
"ENSG00000118308",74.4294640478182,-0.832757174324184,0.202014663396801,-4.12226102957917,3.75171727326239e-05,0.000167497828483461,-0.761010908989633,0.20107767961203,"IRAG2"
"ENSG00000107263",536.353374287947,0.511960287495125,0.124221698051102,4.12134349736965,3.76669314162297e-05,0.000168109430178332,0.484221178477204,0.124945713882289,"RAPGEF1"
"ENSG00000118503",248.381081931739,-0.564146562637999,0.136919596312774,-4.12027626307986,3.78418382503224e-05,0.000168661354909866,-0.530196848732313,0.135654840852436,"TNFAIP3"
"ENSG00000120907",982.212531337055,0.86650921771911,0.210301728468467,4.12031429332277,3.78355923265981e-05,0.000168661354909866,0.791233060755585,0.21961569999383,"ADRA1A"
"ENSG00000156642",674.855977103772,-0.529171080894829,0.12842608881201,-4.12043289482581,3.78161200095572e-05,0.000168661354909866,-0.497807329183335,0.126984004690261,"NPTN"
"ENSG00000185269",255.716200543754,1.08794304355277,0.264039670261101,4.12037722391086,3.78252590266369e-05,0.000168661354909866,0.97442302760757,0.282789287948768,"NOTUM"
"ENSG00000158710",1930.04384939608,0.502442098100658,0.121946491914785,4.12018492874531,3.78568426073885e-05,0.000168671130209434,0.474368865449165,0.122622291995519,"TAGLN2"
"ENSG00000158545",203.098928655764,0.736028338710534,0.17864562538519,4.12004680844287,3.78795436673097e-05,0.000168715179947158,0.6768376275518,0.183611874901642,"ZC3H18"
"ENSG00000055955",159.543714666841,-0.818512651262887,0.198771690565013,-4.11785324628596,3.82418081355661e-05,0.0001702504354495,-0.749317554005231,0.197726328261596,"ITIH4"
"ENSG00000138646",175.183842436288,-0.901619303203701,0.218956380723401,-4.11780328221026,3.82500978322664e-05,0.0001702504354495,-0.819838590062559,0.218015418247864,"HERC5"
"ENSG00000196305",993.287397157597,0.41252822761056,0.100198436411627,4.11711242594491,3.83648949579601e-05,0.000170703686048159,0.39485706701855,0.100068227535932,"IARS1"
"ENSG00000188488",17096.8649108384,0.432253981783862,0.104996419620382,4.11684496811122,3.84094252243177e-05,0.000170844085305192,0.419085476886932,0.104879425787807,"SERPINA5"
"ENSG00000102738",391.793277219904,-0.31291799115171,0.0760132492789738,-4.11662432694174,3.84461976989741e-05,0.000170949894935729,-0.303004304515994,0.075201303993357,"MRPS31"
"ENSG00000102452",25.8690732200375,1.58700015885596,0.385571404479745,4.11596954654175,3.85555214734887e-05,0.000171378121444953,1.3947737660117,0.423813072849087,"NALCN"
"ENSG00000166479",658.956864257158,-0.854686219101932,0.207670133560268,-4.11559526856033,3.86181443338782e-05,0.000171598544819386,-0.778117806865945,0.206459329370478,"TMX3"
"ENSG00000198856",1605.52236799417,-0.551736433049824,0.13407557305774,-4.11511523290089,3.86986035199978e-05,0.000171898047889437,-0.517170535178132,0.132569096086313,"OSTC"
"ENSG00000143368",312.777597316614,0.557803274872779,0.135561163088639,4.11477197571734,3.8756234688646e-05,0.000172095981757407,0.525261759371998,0.136787522808497,"SF3B4"
"ENSG00000100324",307.984316383192,0.471365365204277,0.114587342617682,4.11359016132328,3.89552791213076e-05,0.000172921512107598,0.447351181851923,0.114830260512341,"TAB1"
"ENSG00000164896",714.479558536951,0.697854526080787,0.169707378850539,4.11210479360114,3.9206825114399e-05,0.000173979460551458,0.644814487271165,0.174001725031741,"FASTK"
"ENSG00000134480",343.804025217106,-0.35089937334123,0.0853394243076591,-4.11180853618363,3.92571801641792e-05,0.000174144216321288,-0.335725062712461,0.0843731867390105,"CCNH"
"ENSG00000153879",883.847644830141,-0.39367114695425,0.0957546874964996,-4.11124674150956,3.93528373488758e-05,0.000174509752959009,-0.374794754361112,0.0946270584857077,"CEBPG"
"ENSG00000102879",228.574321544756,0.887312016278515,0.215845521128951,4.11086601027229,3.94177904489222e-05,0.000174738932340239,0.805085628941464,0.225844971886834,"CORO1A"
"ENSG00000173163",289.057516395885,-0.400703290853144,0.0974769316986319,-4.11074993714403,3.943761286149e-05,0.000174767960597232,-0.384346057141184,0.0964278440477889,"COMMD1"
"ENSG00000108298",9415.06996955393,-0.371512890174325,0.0904126340988219,-4.10908158884364,3.97235726937136e-05,0.000175975961670738,-0.361154896795349,0.0894358280016852,"RPL19"
"ENSG00000101654",414.365375915686,0.330080150276169,0.0803425418685568,4.10841059542517,3.98391369062121e-05,0.000176333626096718,0.319929670797863,0.0798714690587066,"RNMT"
"ENSG00000147650",19.5511785015485,-1.01566458158756,0.247212513182087,-4.10846752259446,3.98293200503233e-05,0.000176333626096718,-0.916524724388071,0.248312625940965,"LRP12"
"ENSG00000198874",301.846996312848,0.387858017638946,0.0944065686593945,4.10837956666217,3.98444886554562e-05,0.000176333626096718,0.372678169745043,0.0940303729384335,"TYW1"
"ENSG00000177383",314.09606638983,-0.380248763166854,0.0925849909072583,-4.10702382147174,4.00789908805342e-05,0.000177311825918385,-0.364375318464555,0.0915343233158102,"MAGEF1"
"ENSG00000066248",341.126411863296,0.680947295117879,0.165828729979376,4.10632883217866,4.01997098718414e-05,0.000177786153904153,0.628977731324099,0.169626595414309,"NGEF"
"ENSG00000135763",79.1722248245512,0.566319921434244,0.13793908836954,4.10557970281105,4.0330219338141e-05,0.000178303447886489,0.531276745077884,0.138607529263302,"URB2"
"ENSG00000134330",525.047636033181,-0.328160613930473,0.0799444765394182,-4.10485662219162,4.04565720015967e-05,0.000178802023153079,-0.310016204804869,0.0788343545150096,"IAH1"
"ENSG00000132356",997.002085047812,-0.610540674347073,0.148761876424874,-4.10414744032487,4.05808607906003e-05,0.000179291145358739,-0.571481508605787,0.147350179750499,"PRKAA1"
"ENSG00000151131",104.905584188222,-0.564635414423063,0.137591506736469,-4.1037083451998,4.06579966330009e-05,0.00017957168187524,-0.528285709468989,0.136448133073437,"NOPCHAP1"
"ENSG00000101246",400.13504467699,0.738427418655227,0.179954711987776,4.10340696555578,4.07110204938304e-05,0.000179685315394493,0.678363239113954,0.185350678085772,"ARFRP1"
"ENSG00000186184",730.073765527427,-0.299479255373096,0.0729826046538999,-4.10343337009271,4.07063723347783e-05,0.000179685315394493,-0.291381351986419,0.0722508980547008,"POLR1D"
"ENSG00000112081",1855.30863797508,-0.600339230464599,0.146336046984584,-4.1024699165739,4.08763016724102e-05,0.000180295981038269,-0.559083109083387,0.144780590922532,"SRSF3"
"ENSG00000180900",284.873932464843,1.04774202712533,0.255393146006774,4.10246728820806,4.08767661703808e-05,0.000180295981038269,0.94035723624916,0.272549532478058,"SCRIB"
"ENSG00000142208",1940.79904059858,0.422511629493211,0.103002600409292,4.10195109457737,4.09680876409906e-05,0.000180638259169887,0.402234335556173,0.102989840364174,"AKT1"
"ENSG00000101076",4898.06945991074,0.423150252849614,0.103174042389985,4.10132474261463,4.10791575519223e-05,0.000181067354646337,0.404462953103556,0.103137510061274,"HNF4A"
"ENSG00000148908",44.1679044752186,-0.917931327176735,0.22391771297315,-4.09941364168365,4.14198183773412e-05,0.000182507807481952,-0.832843028293639,0.22355768161292,"RGS10"
"ENSG00000130052",264.930967080616,0.552492524392909,0.134834239666413,4.09756843484121,4.17512754914466e-05,0.000183906755811437,0.517952935038408,0.136043049642646,"STARD8"
"ENSG00000185453",50.7500885605243,0.643224533423445,0.156983558626974,4.09740063895405,4.17815414155659e-05,0.000183978519825197,0.596655247323903,0.158742767378684,"ZSWIM9"
"ENSG00000189227",65.4482848081175,-0.483160365807382,0.117925204274225,-4.09717641602583,4.18220177752793e-05,0.000184095180885766,-0.457979556160564,0.116852710461887,"C15orf61"
"ENSG00000132950",108.714686629277,-0.53206829345096,0.129918445284575,-4.09540225243236,4.21436012710646e-05,0.000185448748106563,-0.499014756041343,0.12864082633457,"ZMYM5"
"ENSG00000176896",76.1519636507016,-0.429809636355765,0.104958445682959,-4.09504574461844,4.22085040452831e-05,0.000185672290096959,-0.409473052223519,0.103936058688893,"TCEANC"
"ENSG00000256053",131.060035257425,-0.505596706023736,0.12348427823411,-4.0944216806709,4.2322344157169e-05,0.000186110882823409,-0.476163173971968,0.122243522780861,"COA8"
"ENSG00000121749",587.334405900835,-0.55490929162506,0.135552640738402,-4.09368116033948,4.24578058457529e-05,0.00018664423097335,-0.519530074377171,0.134035262646031,"TBC1D15"
"ENSG00000170832",413.101162265936,0.598460851542824,0.14623413907667,4.0924838435234,4.26776988379966e-05,0.000187548258645215,0.556323679951016,0.148334152633,"USP32"
"ENSG00000168876",166.53944441645,-0.56648665651895,0.138478432633126,-4.09079338744217,4.29899994309184e-05,0.000188794640596221,-0.528095393656692,0.136989538537911,"ANKRD49"
"ENSG00000178075",856.495029550084,-0.698171266185156,0.170668194370862,-4.09081064435492,4.29868004056431e-05,0.000188794640596221,-0.632185221930295,0.16852051208289,"GRAMD1C"
"ENSG00000105750",11.4980613697185,-1.02410268083848,0.25042157235956,-4.08951461804597,4.32276826085011e-05,0.000189775148123883,-0.923770851219623,0.252216034530634,"ZNF85"
"ENSG00000120256",258.310013871024,-0.481598089413262,0.117822833873552,-4.0874767104152,4.36090438769221e-05,0.000191385557227852,-0.446879493123727,0.116163570204868,"LRP11"
"ENSG00000173726",1854.31791036652,-0.498110311063864,0.121878931822673,-4.08692711377375,4.37124370586211e-05,0.000191775390307833,-0.474265111988659,0.120566370066482,"TOMM20"
"ENSG00000148702",10771.7908125803,0.472830847681817,0.115713703601699,4.0862130669446,4.38471148581164e-05,0.00019230216996068,0.45002059045588,0.116032741254779,"HABP2"
"ENSG00000054965",826.704192354903,0.308447708495215,0.0754954166208091,4.08564813999843,4.39539456406346e-05,0.00019270650959194,0.296112099366302,0.0751157364810705,"FAM168A"
"ENSG00000151687",29.6435372456783,-0.608262648504692,0.148893301856457,-4.0852250633215,4.4034113394476e-05,0.000192993720689637,-0.566360226038605,0.148259704307226,"ANKAR"
"ENSG00000121005",19.0382881366782,-1.18507077120387,0.290099655455593,-4.08504715161674,4.40678668509227e-05,0.000193077382681946,-1.06065659853362,0.291103288407077,"CRISPLD1"
"ENSG00000116044",1189.09195949928,-0.429801612198962,0.105230595447174,-4.08437879090709,4.41948878223012e-05,0.00019350511907829,-0.409123169014985,0.103941314546203,"NFE2L2"
"ENSG00000157554",201.822827099917,-0.567881968161581,0.139035355074545,-4.08444289480978,4.41826899295817e-05,0.00019350511907829,-0.529129199965221,0.137510316422618,"ERG"
"ENSG00000148572",427.233040802545,-0.432227291908475,0.105828919171113,-4.08420775052624,4.42274495583699e-05,0.000193583311464594,-0.411486932231406,0.104550604525813,"NRBF2"
"ENSG00000150455",130.074945182628,0.540317799568645,0.132324518772946,4.08327802420176,4.44048441839632e-05,0.000194295173986726,0.507285010722056,0.13313592833565,"TIRAP"
"ENSG00000163155",102.587592822845,-0.35292709090771,0.0864398181619122,-4.08292264389815,4.44728299481924e-05,0.000194527999700299,-0.340863545282077,0.0856735411383297,"LYSMD1"
"ENSG00000172534",370.536346425985,0.728379082753453,0.178403140996911,4.08277050887835,4.4501964192801e-05,0.000194590787300703,0.671487842324981,0.183414675255254,"HCFC1"
"ENSG00000122862",491.625898525909,-1.02933333386844,0.252135237267285,-4.08246520805522,4.45604847029683e-05,0.000194781985922736,-0.928162757735767,0.251300469017972,"SRGN"
"ENSG00000036473",4703.19237468875,0.549430040537531,0.134595914791165,4.08207070318597,4.46362120749634e-05,0.000195017814998318,0.518779698138001,0.135841722685627,"OTC"
"ENSG00000104886",381.9102018127,0.682454265702473,0.167185025564707,4.0820298552297,4.4644060033794e-05,0.000195017814998318,0.630659566073735,0.171058696379595,"PLEKHJ1"
"ENSG00000149970",32.2834355014045,-1.27003124123105,0.311164346259442,-4.08154487009296,4.47373384074512e-05,0.000195360463506634,-1.133808598856,0.310912321500707,"CNKSR2"
"ENSG00000197275",17.980634174439,-1.06007794745785,0.259743718428566,-4.08124575204844,4.47949606377149e-05,0.00019554723201464,-0.953533909103298,0.260877897010248,"RAD54B"
"ENSG00000015520",1723.53110613768,0.740034725773555,0.181333489252249,4.08107034627294,4.48287836173481e-05,0.000195630018265166,0.679577167875481,0.186921611121491,"NPC1L1"
"ENSG00000114784",492.190922035959,-0.445814508939077,0.109252181271204,-4.08060053128276,4.49194960217173e-05,0.000195960929298187,-0.422154240003848,0.107895038749416,"EIF1B"
"ENSG00000144445",224.04343204224,-0.664456108310721,0.162844776417866,-4.08030348241382,4.49769403549352e-05,0.000196146537500191,-0.616120415034367,0.161491056392341,"KANSL1L"
"ENSG00000127955",414.266777576253,-0.701065908137213,0.171854901369429,-4.07940595555178,4.5150930774414e-05,0.00019684011740925,-0.647088197236109,0.170543255969649,"GNAI1"
"ENSG00000169174",687.094537460071,1.03825239451039,0.25453741908692,4.07897745736098,4.52342224051548e-05,0.000197137958353614,0.934032667611418,0.271468593356189,"PCSK9"
"ENSG00000198625",275.859462611515,-0.943719080580044,0.231374744034799,-4.0787471619552,4.52790474916061e-05,0.000197268014319817,-0.854092508011122,0.230408798142817,"MDM4"
"ENSG00000234545",99.6741048590143,-0.5835884877892,0.14315425249498,-4.07664094931211,4.56909633358616e-05,0.000198996765888175,-0.544345502758847,0.141883292343409,"FAM133B"
"ENSG00000118276",39.362423700089,-0.806771012075657,0.197911548350317,-4.0764221128098,4.5733964800731e-05,0.000199118181404241,-0.730442266806067,0.196907324910492,"B4GALT6"
"ENSG00000128881",169.506574755103,-0.401532772049773,0.0985121417766655,-4.0759724111986,4.58224518561742e-05,0.000199392634663476,-0.383571839025131,0.097447473277451,"TTBK2"
"ENSG00000160633",650.267157401676,0.521039305418687,0.127832672446826,4.07594784217174,4.58272909381498e-05,0.000199392634663476,0.486413467547857,0.128803961473299,"SAFB"
"ENSG00000125648",794.514545101408,0.489948511938556,0.120211366425105,4.0757253370363,4.58711373193199e-05,0.000199499261685605,0.463109851296234,0.120748444396682,"SLC25A23"
"ENSG00000135924",846.599530253335,0.543319651794849,0.13330806682677,4.07566972297991,4.58821027179107e-05,0.000199499261685605,0.513296890513603,0.134434330653837,"DNAJB2"
"ENSG00000244405",115.996382995268,-0.708052570687471,0.173767955625128,-4.07470162228854,4.60733814136362e-05,0.000200264819970926,-0.651031447562871,0.172515220174675,"ETV5"
"ENSG00000150636",20.2699271502072,-0.777024819247435,0.190720181275485,-4.07416149696851,4.61804285255377e-05,0.000200663868636049,-0.711456697361401,0.19079953665992,"CCDC102B"
"ENSG00000135436",20.6957987128161,0.83790689272022,0.20572329130561,4.07298020269117,4.64153710859062e-05,0.000201618203799749,0.763294781915662,0.20911120036073,"FAM186B"
"ENSG00000162591",87.1133690629961,1.27520827345358,0.313172816370215,4.07189962473021,4.66312748097109e-05,0.000202489236195466,1.1306801993466,0.340992048185247,"MEGF6"
"ENSG00000124802",31.3541345424783,-1.33985030586753,0.329176791006681,-4.07030611657047,4.69514023682738e-05,0.000203812121193766,-1.19301718010167,0.328543803926182,"EEF1E1"
"ENSG00000169696",474.677960976507,1.01589212486784,0.249604918460435,4.07000042761127,4.70130514459944e-05,0.000203978243700574,0.911259115486206,0.265831579156358,"ASPSCR1"
"ENSG00000180304",1585.83829945677,0.263596881448539,0.0647664114332068,4.06996274172739,4.70206569672826e-05,0.000203978243700574,0.259030545152871,0.0643781099628018,"OAZ2"
"ENSG00000160972",411.687635676475,1.02305333647296,0.251387174006462,4.06963219391083,4.70874160000801e-05,0.000204200566224326,0.917740296202924,0.267913301312916,"PPP1R16A"
"ENSG00000066027",979.225890234332,-0.47599904059523,0.116968412000901,-4.0694665547102,4.71209030844028e-05,0.000204278501814043,-0.450187355288613,0.11555587385519,"PPP2R5A"
"ENSG00000178988",970.248908392043,-0.330253334032999,0.0811672523271862,-4.06880021885851,4.72558436976378e-05,0.000204796062581665,-0.318851555348935,0.0802599443582275,"MRFAP1L1"
"ENSG00000148842",198.216736682583,0.374277140766855,0.0919931770466547,4.06853152356113,4.73103611567713e-05,0.00020496486179337,0.362714130302304,0.0915360084354432,"CNNM2"
"ENSG00000184007",1533.38525541379,-0.345347410207009,0.0848875583621407,-4.06829241964664,4.73589247541019e-05,0.000205107764247535,-0.330764490374873,0.0838507681913015,"PTP4A2"
"ENSG00000101096",184.765843305503,-0.519552603113168,0.12772192008117,-4.06784209619602,4.74505168111044e-05,0.000205436864299573,-0.488806127569594,0.126293933326268,"NFATC2"
"ENSG00000013364",765.434416517488,0.755218326148517,0.185665830441829,4.06762151307715,4.74954428483512e-05,0.000205563774010977,0.695211501392033,0.191527124373705,"MVP"
"ENSG00000184677",388.036952399135,0.468256081233833,0.115141937191051,4.06677265171309,4.76687064630673e-05,0.000206245872261829,0.443434848078891,0.115322187525287,"ZBTB40"
"ENSG00000085382",62.24721560159,-0.600249561941632,0.147656514352236,-4.06517494046846,4.79964467659032e-05,0.000207595669553181,-0.554856480887014,0.146332042501303,"HACE1"
"ENSG00000101412",37.3316287331391,1.36203082878004,0.335066617542646,4.06495531774868,4.80416648849207e-05,0.000207723008169086,1.20268940127525,0.364431654333893,"E2F1"
"ENSG00000254122",11.2083123613313,1.50965264765895,0.371432076131026,4.06441108528927,4.81538910116152e-05,0.000208139897918229,1.32799090432241,0.395345106992271,"PCDHGB7"
"ENSG00000138615",51.6964981920674,0.788231854077801,0.193996753952002,4.06311877915659,4.84213739800186e-05,0.000209164251622517,0.719534191340569,0.199280832042663,"CILP"
"ENSG00000213533",49.1401757182599,-0.640206069352781,0.15756542563571,-4.06311261985184,4.84226522060939e-05,0.000209164251622517,-0.593077722227865,0.156880733165149,"STIMATE"
"ENSG00000105298",145.428538874746,0.839809113268791,0.206736522600485,4.06221940228582,4.86083586315813e-05,0.000209897556491768,0.763536272758676,0.215143112800891,"CACTIN"
"ENSG00000177352",160.012964663306,0.392590168819262,0.0966559285181943,4.0617288027538,4.8710644902e-05,0.000210270278944174,0.37571506128463,0.0962538818825507,"CCDC71"
"ENSG00000185716",233.402180996517,-0.631080847868094,0.155398568691496,-4.06104672122781,4.88531928100937e-05,0.000210816498373547,-0.589297986297277,0.15416489732095,"MOSMO"
"ENSG00000025770",274.85426600015,0.52917840059521,0.130308703654528,4.06095974984264,4.88713973216337e-05,0.000210825955811477,0.506955884503371,0.130961827517043,"NCAPH2"
"ENSG00000139613",476.516774311505,0.558087208472303,0.137476771254248,4.05950185897358,4.91775164287667e-05,0.000212077032853306,0.522386821565875,0.138897129715908,"SMARCC2"
"ENSG00000123213",880.642574978786,0.504557041890638,0.124342070041137,4.05781439639625,4.95341090843402e-05,0.000213544885463138,0.475326414699433,0.125034389247546,"NLN"
"ENSG00000168283",338.725340566095,-1.22205969496524,0.301216854489343,-4.05707607908267,4.96908990396463e-05,0.000214150696155804,-1.09072062685792,0.300011033908697,"BMI1"
"ENSG00000112561",116.975310949676,0.733523306484883,0.180879595502442,4.05531262079244,5.00672950183472e-05,0.000215702227163468,0.673180874975933,0.18567043967568,"TFEB"
"ENSG00000182749",262.870492371339,0.521784589251944,0.128672551527089,4.05513517109433,5.0105319518823e-05,0.000215795432379726,0.490640604818498,0.129484274666706,"PAQR7"
"ENSG00000198938",426569.071761851,-0.687205842193571,0.169479006979039,-4.05481395273082,5.01742208705048e-05,0.000216021514709309,-0.491788380022635,0.158353695160956,"MT-CO3"
"ENSG00000102178",419.852517846674,0.408321036697396,0.100708330484983,4.05449117000588,5.02435482361808e-05,0.000216145989541054,0.39044533373667,0.100563248187182,"UBL4A"
"ENSG00000106330",204.015450166897,0.684066966872252,0.168720037400386,4.0544500665852,5.02523829549723e-05,0.000216145989541054,0.631451852606939,0.172659282135416,"MOSPD3"
"ENSG00000144648",155.253865878447,0.585994570564402,0.144530451759222,4.05447131335774,5.02478160159289e-05,0.000216145989541054,0.546196769395669,0.146360399963909,"ACKR2"
"ENSG00000139160",185.031068222057,-0.445455666987504,0.109879862907916,-4.05402459739882,5.03439193267123e-05,0.000216468988195785,-0.416932172175365,0.108332301863136,"ETFBKMT"
"ENSG00000167074",1247.34348242086,0.714681445705145,0.17630155998385,4.05374431043387,5.04043072021616e-05,0.000216657887242461,0.658261022252943,0.181206549122072,"TEF"
"ENSG00000127125",978.581795437297,-0.415029423475263,0.102391267099354,-4.05336739384763,5.04856221939815e-05,0.000216865808093299,-0.394142234561124,0.101084095819567,"PPCS"
"ENSG00000182022",395.922880021447,0.808211640190823,0.199391319710333,4.05339430705888,5.04798118890217e-05,0.000216865808093299,0.738770859527546,0.207017248776411,"CHST15"
"ENSG00000155115",354.025546643382,-0.412685424115114,0.10182207889843,-4.05300528706333,5.05638592508244e-05,0.000217131040735928,-0.392329979884808,0.100576811650753,"GTF3C6"
"ENSG00000112773",371.16936532093,-0.508564784334195,0.125509378859667,-4.05200622419482,5.07803138509258e-05,0.000217988917681582,-0.471785476088016,0.123736629498818,"TENT5A"
"ENSG00000169288",317.752538855741,-0.611634215525641,0.150948840531377,-4.05193053071848,5.07967491604963e-05,0.000217988917681582,-0.565227971344414,0.149258063176407,"MRPL1"
"ENSG00000129514",502.101449571781,-0.473392211706453,0.116860706908324,-4.05091004693154,5.10188193523835e-05,0.000218870568782496,-0.444758337969092,0.115332001067568,"FOXA1"
"ENSG00000156374",125.836310628593,-0.557616657337279,0.137688361599977,-4.04984597723161,5.12513541330158e-05,0.000219796523946347,-0.521475570503742,0.136334726137654,"PCGF6"
"ENSG00000146216",128.456960208723,1.00375868468885,0.247906422114432,4.04894183913282,5.14497275208309e-05,0.00022057541925733,0.899803286638971,0.262985647245154,"TTBK1"
"ENSG00000064995",339.933280954071,-0.252237284355831,0.0623126690671933,-4.04792938790405,5.16727290779311e-05,0.000221459359062513,-0.246453911217947,0.0617556030317401,"TAF11"
"ENSG00000197114",29.7044123012034,1.0560340009314,0.260898283097932,4.04768474668344,5.17267507699135e-05,0.000221618744105656,0.945110364929741,0.274117259701795,"ZGPAT"
"ENSG00000213639",1075.87751803417,-0.997216547584163,0.246443186368336,-4.04643586328945,5.20033643503956e-05,0.000222731390708298,-0.902320917184102,0.245053540235681,"PPP1CB"
"ENSG00000109016",306.878597336866,0.33090215739689,0.0817796157631996,4.04626696162338,5.20408815977266e-05,0.000222819592557941,0.320616331758228,0.0813196555449733,"DHRS7B"
"ENSG00000162366",34.5398211174845,2.23486686940787,0.552614723577978,4.04416815921575,5.25092224602851e-05,0.00022475176297533,1.91487113994693,0.652942220507603,"PDZK1IP1"
"ENSG00000096696",2203.84967295629,0.603766512498934,0.149303179444521,4.04389588182405,5.25702721337165e-05,0.000224939942448005,0.565005865490977,0.151518040102521,"DSP"
"ENSG00000108788",1098.26068035421,0.2563620740492,0.0633964207271766,4.0437941307829,5.2593103875977e-05,0.000224964524246626,0.252447780983102,0.063022367914992,"MLX"
"ENSG00000122679",371.622181270569,-0.770230395242045,0.190477197767022,-4.04368819087802,5.26168855347514e-05,0.000224993151981337,-0.703919547694601,0.189110750836524,"RAMP3"
"ENSG00000267680",372.03069156583,-0.650007338169163,0.160781666548762,-4.04279512783896,5.28177680124961e-05,0.000225778809627443,-0.601735314612288,0.159255865446883,"ZNF224"
"ENSG00000083750",134.218987326597,-0.427078370292835,0.105643212510114,-4.04264845933144,5.28508285112741e-05,0.000225846805640842,-0.406461242788355,0.104412544141863,"RRAGB"
"ENSG00000169567",4865.89685805281,-0.486399505495866,0.120339463032959,-4.04189526226031,5.30209155500558e-05,0.000226500121392613,-0.458098398339808,0.118804302673892,"HINT1"
"ENSG00000103415",695.171882099303,0.515814718218771,0.127627344730216,4.04156898593418,5.30947561977226e-05,0.000226741991598837,0.481842466374471,0.128628524082135,"HMOX2"
"ENSG00000068615",38.1783220511035,-0.895787116914141,0.221681442082808,-4.0408755396833,5.32520160075727e-05,0.000227243593453859,-0.811851881863708,0.221306510664017,"REEP1"
"ENSG00000133398",219.416340094241,-0.359910713992,0.0890686702188158,-4.04082280680518,5.32639928147203e-05,0.000227243593453859,-0.345735124238771,0.0880630155308054,"MED10"
"ENSG00000145439",1365.70279349512,-0.517096794979252,0.127965920729004,-4.04089457594197,5.32476930775731e-05,0.000227243593453859,-0.48174763694659,0.12617961002295,"CBR4"
"ENSG00000165105",50.7605227035088,1.43882391052387,0.356138439212937,4.04006911947966,5.34354511154992e-05,0.000227901246966849,1.25782509231196,0.393234113096929,"RASEF"
"ENSG00000125447",284.278524877797,0.505633647101101,0.125158687738448,4.03994046468238,5.34647713361997e-05,0.000227952454472929,0.47637463195847,0.125745749526559,"GGA3"
"ENSG00000147100",3012.90831431403,0.355115049769653,0.0879101197638955,4.03952412672628,5.35597586032348e-05,0.000228255381053481,0.343317718124339,0.0875088455325442,"SLC16A2"
"ENSG00000177700",821.348170435278,0.844318758520374,0.20901684411354,4.03947711535503,5.3570494262134e-05,0.000228255381053481,0.766959188965825,0.218284166251167,"POLR2L"
"ENSG00000067141",324.094960836682,0.430475159497241,0.106576919016082,4.03910305787958,5.36559878414144e-05,0.000228545692630237,0.409586515997489,0.106464308048017,"NEO1"
"ENSG00000100012",120.253361270094,0.86535061097321,0.214297121056691,4.03808789733711,5.3888662210097e-05,0.000229388337102534,0.783527453846423,0.223370542789948,"SEC14L3"
"ENSG00000171119",54.673635188927,0.976328872908772,0.24177838911449,4.03811472350595,5.38825013851377e-05,0.000229388337102534,0.87655742749739,0.254460192912121,"NRTN"
"ENSG00000137496",104.692365912447,0.641031701561046,0.158758896554404,4.03776868870701,5.39620220351659e-05,0.000229626367845829,0.593640550456433,0.161159895159271,"IL18BP"
"ENSG00000140931",125.107056060161,-0.669257583987876,0.1658533476397,-4.03523711466936,5.45471828520319e-05,0.000232041424694621,-0.61504897257424,0.164351019988957,"CMTM3"
"ENSG00000183137",111.668301595178,-0.569418453735773,0.141130952509997,-4.03468157486882,5.46763950399342e-05,0.000232515961594242,-0.530318471543984,0.139653036976753,"CEP57L1"
"ENSG00000173540",370.891530270268,0.806778630527474,0.200005797215487,4.03377622928723,5.48875895927181e-05,0.000233338716363489,0.734186546811564,0.207765091638778,"GMPPB"
"ENSG00000198431",1051.57441338577,0.584893588446357,0.145015358486062,4.03332167401132,5.49939172050877e-05,0.000233715272408711,0.545413678357421,0.146972995623476,"TXNRD1"
"ENSG00000170412",2391.85595515676,0.586738206493354,0.145490715776269,4.03282232383557,5.51109479661535e-05,0.000234137057412835,0.544217577835299,0.147515081526359,"GPRC5C"
"ENSG00000144535",152.140195346397,0.415913472200176,0.10316752309572,4.03143799249969,5.54366232589212e-05,0.000235444703815147,0.395602931111242,0.102841646311854,"DIS3L2"
"ENSG00000078369",2220.53031679056,0.268137775009972,0.0665181184377981,4.03104870232778,5.55285348885904e-05,0.000235759010107443,0.258314619678101,0.0661749961034062,"GNB1"
"ENSG00000114248",132.226286102576,1.16575594106333,0.289322849634693,4.02925639138163,5.59535659655729e-05,0.000237486992102751,1.0337262187678,0.312917085213789,"LRRC31"
"ENSG00000213625",1327.76910631373,-0.439736631243241,0.109145082502961,-4.02891840071046,5.60340621408627e-05,0.000237752001980857,-0.414434603710287,0.107686450853649,"LEPROT"
"ENSG00000115568",117.362913674806,0.766889372063744,0.190353375739163,4.02876686103322,5.60701885789882e-05,0.000237828641375953,0.700209814040119,0.196190293139434,"ZNF142"
"ENSG00000204392",198.197196072424,-0.489798036002216,0.121597792034406,-4.02801751419654,5.62491543236049e-05,0.000238510906867821,-0.461508088517138,0.120257038657652,"LSM2"
"ENSG00000166734",1123.92737969267,-0.658431189529015,0.163491690649061,-4.0273067512792,5.64194050213889e-05,0.000239155790892339,-0.594272245794101,0.160944538175285,"GOLM2"
"ENSG00000138623",20.9338113767454,1.22818562631252,0.305034943152756,4.02637682626894,5.66428892905331e-05,0.000240025838557824,1.08826355950863,0.323860934765595,"SEMA7A"
"ENSG00000137124",5071.65665641055,0.613718610524863,0.15243024393401,4.02622599482656,5.66792168023013e-05,0.000240102499491345,0.577535396271424,0.154612107404224,"ALDH1B1"
"ENSG00000138162",289.7634874323,0.547309496240214,0.135958398880978,4.02556591387448,5.68384560170637e-05,0.000240699617858045,0.513881828385931,0.137118857978676,"TACC2"
"ENSG00000168610",2274.24592244733,0.530935076349877,0.131903165331653,4.02518828880952,5.69297454850119e-05,0.000241008691014684,0.504082589991052,0.132729295511593,"STAT3"
"ENSG00000116353",258.10826609695,0.414359630858669,0.103007371447775,4.02262114870828,5.7554033149079e-05,0.000243573256329403,0.395048143700695,0.102875622344498,"MECR"
"ENSG00000186529",7532.71343303542,-0.378780690740695,0.0941698256749775,-4.02231487661491,5.76289450995462e-05,0.000243811918759841,-0.35630598169974,0.0927444671155626,"CYP4F3"
"ENSG00000147536",30.1675945864636,0.97397939311821,0.242186878248636,4.02160265725997,5.78035060614241e-05,0.000244393372127396,0.874756678995411,0.252401152690345,"GINS4"
"ENSG00000164197",76.5155686111536,-0.73867867881161,0.183677384713801,-4.02160930134427,5.78018753221096e-05,0.000244393372127396,-0.677057439601674,0.182612632068843,"RNF180"
"ENSG00000143374",619.005458422736,0.385273375174682,0.0958063300470753,4.021377032033,5.78589099071223e-05,0.000244549087588177,0.371005379163298,0.0955873880456216,"TARS2"
"ENSG00000104375",278.00893099665,-0.519891641304595,0.129302641085314,-4.0207348971439,5.80168659904907e-05,0.000245138015927728,-0.487832134341966,0.127782257608403,"STK3"
"ENSG00000169756",294.920609205604,-0.640474984042001,0.159337915447566,-4.01960187719892,5.82965693667887e-05,0.000246240818826802,-0.593452797427426,0.157771615492393,"LIMS1"
"ENSG00000161677",71.0107063020486,1.12441395662957,0.279755097537148,4.01927960036639,5.83763613445574e-05,0.000246498772758962,1.00276347401231,0.300275233864407,"JOSD2"
"ENSG00000132386",21419.2839661116,0.381615573852031,0.0949616042389693,4.01863023387538,5.85374511710693e-05,0.000247099737774382,0.375401764195652,0.0944740251954904,"SERPINF1"
"ENSG00000128791",139.251382323514,-0.839037463963334,0.208806964670262,-4.01824462746394,5.86333085564394e-05,0.000247425045017334,-0.762617484397455,0.207655895718986,"TWSG1"
"ENSG00000214367",103.425519398458,-0.564281808792177,0.140505733574883,-4.01607674245865,5.91749933255963e-05,0.000249630875400449,-0.526734562979306,0.139134269309847,"HAUS3"
"ENSG00000115718",6237.37912188164,0.587759359568677,0.146438235172915,4.01370146857239,5.97739374103768e-05,0.000252022265113387,0.54699694479898,0.148546520603065,"PROC"
"ENSG00000146386",269.209988604819,-0.725411472019116,0.180734893586855,-4.01367692548261,5.97801560040336e-05,0.000252022265113387,-0.666688072407066,0.179183271594485,"ABRACL"
"ENSG00000165533",227.65684296916,-0.42063357399519,0.104826019543002,-4.01268287996604,6.0032537314178e-05,0.000253005245287602,-0.4001052490877,0.103529333140678,"TTC8"
"ENSG00000129480",164.349351775623,-0.484086804664997,0.120673223624498,-4.01155111403455,6.03211131160858e-05,0.000254140088091644,-0.45662261445978,0.1193145831338,"DTD2"
"ENSG00000136720",581.825257421233,0.673840717880563,0.167989409699609,4.01120951067984,6.04084723093174e-05,0.000254426726303414,0.622936622236134,0.171791375434735,"HS6ST1"
"ENSG00000110713",1030.91454450167,0.380293939968573,0.0948199607486503,4.01069497356849,6.0540282485986e-05,0.00025490033873057,0.363883748334236,0.0945608327863739,"NUP98"
"ENSG00000174227",391.734652565803,0.333283578710789,0.0831024595952605,4.0105140128704,6.05867043064105e-05,0.000255014241975128,0.3300916054395,0.0824779707178882,"PIGG"
"ENSG00000039068",3310.28677468435,0.479713492732335,0.119643944211595,4.00950918070658,6.08450875344804e-05,0.000255938154146635,0.453867394296355,0.120088250224898,"CDH1"
"ENSG00000186377",119.356896153709,-0.840525498483177,0.209630724882149,-4.00955298397078,6.08338022172913e-05,0.000255938154146635,-0.763454728088915,0.208601965503271,"CYP4X1"
"ENSG00000158623",232.847012517754,0.516429060044145,0.128817354801394,4.00900220968174,6.09758460625149e-05,0.000256406256550326,0.485208581013426,0.129556270030204,"COPG2"
"ENSG00000011258",361.586877880471,-0.649237946389941,0.161983813474529,-4.00804211522053,6.12242040537513e-05,0.000257368413337066,-0.598935003512843,0.16035351461582,"MBTD1"
"ENSG00000138696",10.2633900790851,-1.06462306932523,0.265647362766433,-4.00765533012759,6.13245283149148e-05,0.000257707864600756,-0.953503508118226,0.267524980635427,"BMPR1B"
"ENSG00000175193",480.077793113148,-0.392004039487129,0.0978425675129201,-4.0064774407659,6.16310086909671e-05,0.000258913165419679,-0.379763221249564,0.0967656424892621,"PARL"
"ENSG00000121680",442.27665947466,0.63291381001179,0.157986500613721,4.00612588767487,6.17227615119313e-05,0.000259215910068927,0.589244432037856,0.160857638192457,"PEX16"
"ENSG00000122417",87.1022888954661,-0.750721455152766,0.187461561926937,-4.00466873014403,6.21044498384682e-05,0.000260735710004232,-0.685681517976624,0.186167935422732,"ODF2L"
"ENSG00000124733",627.330815372732,-0.361366751177572,0.0902459034735643,-4.00424548116388,6.22157339277377e-05,0.000261119653456358,-0.345842638040603,0.0891441420230845,"MEA1"
"ENSG00000137449",399.285036958441,-0.812558116168034,0.202939155220371,-4.0039494363997,6.22936846159801e-05,0.000261363496384319,-0.740065156753475,0.201665637567333,"CPEB2"
"ENSG00000081019",147.54915005876,-0.761383628581281,0.190170929902107,-4.00368042041554,6.23645986092037e-05,0.000261577669732009,-0.69658205269199,0.188904678740632,"RSBN1"
"ENSG00000198088",10.9773858990365,-1.02836466096422,0.256915828311432,-4.00272987352748,6.26157802279787e-05,0.000262547567669289,-0.92212112610963,0.259006625668875,"NUP62CL"
"ENSG00000103485",3632.93465372404,0.494148825914491,0.123474652260818,4.00202646346143,6.28022723066637e-05,0.000263162654750763,0.46645594745352,0.123979034178801,"QPRT"
"ENSG00000107779",195.674839868175,-0.512846025808047,0.128146606830865,-4.00202579288682,6.28024503438323e-05,0.000263162654750763,-0.479929042242352,0.126599980498363,"BMPR1A"
"ENSG00000166478",131.316484560091,-0.353500595298649,0.0883462249635543,-4.00130956862594,6.29928804946715e-05,0.000263876635250667,-0.339800350738039,0.0874896928756495,"ZNF143"
"ENSG00000127616",324.618821330868,0.645220512325873,0.161297899014873,4.00017927243043,6.3294516727175e-05,0.000265055854716917,0.596068831402132,0.164469963164467,"SMARCA4"
"ENSG00000120457",16.6014720686483,1.62557563558953,0.406420100947089,3.99974221698537,6.34115175689876e-05,0.000265461380067819,1.41530844145564,0.444661792466003,"KCNJ5"
"ENSG00000012983",233.412980955481,-0.609612148048054,0.152429348385914,-3.99930954572256,6.3527546392276e-05,0.000265862579720504,-0.563753374389469,0.15075703490215,"MAP4K5"
"ENSG00000120742",2502.37060230085,-0.700765328247902,0.175307008088757,-3.99736060690232,6.40526864037972e-05,0.00026797510937159,-0.641056253839882,0.173547977553864,"SERP1"
"ENSG00000054277",366.219148663427,-0.389016519001018,0.0973365872692747,-3.99661144811696,6.42556378120199e-05,0.00026873879524557,-0.371960995813757,0.0961858870507903,"OPN3"
"ENSG00000183111",204.338267031967,0.917670934547795,0.229631665906263,3.99627347093495,6.43473968708394e-05,0.000269037099778174,0.827120525737009,0.241654173340459,"ARHGEF37"
"ENSG00000027697",949.922802599636,-0.503247074896298,0.125971675106058,-3.99492246548763,6.4715428128057e-05,0.00027048994499492,-0.462358216118953,0.123833573856522,"IFNGR1"
"ENSG00000158716",354.490481498427,-0.777838799957682,0.194759726602651,-3.99383801531325,6.50122868353269e-05,0.000271644483806384,-0.709196819071325,0.193354898685238,"DUSP23"
"ENSG00000166896",105.264417991295,-0.720783162714556,0.180503264959911,-3.99318628876126,6.51913107882005e-05,0.000272306090684469,-0.661098762063781,0.179269588532474,"ATP23"
"ENSG00000117411",545.437612394664,0.476129153000733,0.119243463906003,3.99291615158089,6.52656519545207e-05,0.000272530153388271,0.467185736641766,0.119244806218414,"B4GALT2"
"ENSG00000138030",7375.99969996725,0.555625796697628,0.139160341309674,3.99270216980276,6.53245962185804e-05,0.00027268980146285,0.532775528015807,0.140251667838423,"KHK"
"ENSG00000204220",338.132226490853,-0.387237475726717,0.0970258504422444,-3.99107530582506,6.57743891058987e-05,0.000274480382557294,-0.368721512548014,0.0958273951371416,"PFDN6"
"ENSG00000198624",805.668489457992,0.513968993527565,0.128792112223163,3.99068688800592,6.58822108848325e-05,0.000274843215624114,0.482691931881235,0.129626355650791,"CCDC69"
"ENSG00000138756",342.742133840886,-0.517413096223096,0.129665292044173,-3.9903746643846,6.59690029945069e-05,0.00027511811638444,-0.485390656628682,0.128119874617643,"BMP2K"
"ENSG00000166741",3829.77528040837,-1.48425432636647,0.372001926612875,-3.98991032084375,6.60982816471524e-05,0.000275482740160307,-1.29582983908715,0.367709401420117,"NNMT"
"ENSG00000219626",17.7100595889101,-0.767045908202117,0.192244884182857,-3.98994184663207,6.60894969193402e-05,0.000275482740160307,-0.700028890566791,0.19239110315649,"FAM228B"
"ENSG00000166394",90.7614214636504,0.767340852118286,0.192384869704199,3.98857172759018,6.6472304760504e-05,0.000276953912809113,0.698740099564115,0.198318619017573,"CYB5R2"
"ENSG00000168393",154.385033813795,0.542664981041009,0.136097445136194,3.98732673121055,6.68219724558838e-05,0.000278322710963039,0.507297294192895,0.137271888782492,"DTYMK"
"ENSG00000143674",128.248748818271,-0.63402652817133,0.159058463621133,-3.98612254725118,6.71618330635399e-05,0.000279649808385378,-0.585967691248444,0.157565671324256,"MAP3K21"
"ENSG00000165355",142.477468829329,-0.510029994222663,0.127983057238634,-3.98513682378813,6.74412537228403e-05,0.000280724485145405,-0.479053776593032,0.126488846667994,"FBXO33"
"ENSG00000087302",1040.87858263646,-0.37529610638253,0.0941768894569155,-3.98501276211955,6.747649902162e-05,0.000280765100464301,-0.35756549461195,0.0930232637353921,"RTRAF"
"ENSG00000148343",345.984167035015,0.616698510966387,0.154756808368618,3.98495237442131,6.74936611704021e-05,0.000280765100464301,0.571567093381184,0.157317557148442,"MIGA2"
"ENSG00000241058",427.923146519377,-0.555895237362799,0.139514045291783,-3.98451092289802,6.76192469597139e-05,0.000281198675133163,-0.51475751500161,0.137714689757971,"NSUN6"
"ENSG00000170310",301.695790070669,-0.406363354347919,0.102008845114475,-3.98360900853152,6.78765146407813e-05,0.000282179410091735,-0.388514726502736,0.100807929587491,"STX8"
"ENSG00000108604",1234.06694973615,0.35629586331021,0.089457207595881,3.98286368293275,6.8089814623762e-05,0.00028297679903297,0.344402668981039,0.0890709140898913,"SMARCD2"
"ENSG00000117481",229.195961131479,0.296974690162159,0.0745787821110002,3.98202654637285,6.83301455963604e-05,0.000283796434360152,0.288171881939817,0.0739882719991356,"NSUN4"
"ENSG00000165516",1823.37215550527,-0.358995557822092,0.0901534262784379,-3.98205118364928,6.83230611072391e-05,0.000283796434360152,-0.343925470710979,0.0890120031018614,"KLHDC2"
"ENSG00000132467",361.766833310287,0.284224125958251,0.0713905613058949,3.9812563560105,6.85519659150029e-05,0.000284627935426341,0.278085499298442,0.0708524702966669,"UTP3"
"ENSG00000150045",29.6417420044631,-0.990903290353212,0.2489084975074,-3.98099422187767,6.86276176985182e-05,0.00028485221141825,-0.889761881033666,0.248867365196537,"KLRF1"
"ENSG00000134014",467.31852201079,0.282670413713554,0.07102589514074,3.97982191077541,6.89669137279936e-05,0.000286170307640329,0.274972968038871,0.0706007830635958,"ELP3"
"ENSG00000129450",55.5932042446521,0.978207965008671,0.245809527091891,3.9795364182243,6.90497823750505e-05,0.000286423892485796,0.87516328803044,0.259114760110714,"SIGLEC9"
"ENSG00000131373",1014.15439780844,0.398674779875205,0.10018508645633,3.97938250069767,6.9094498405654e-05,0.000286514414308947,0.384476120014157,0.100040302207186,"HACL1"
"ENSG00000145780",318.214733215434,-0.818581537971413,0.205712954259414,-3.97924156462767,6.91354670988825e-05,0.000286514414308947,-0.74575357329973,0.204288366429745,"FEM1C"
"ENSG00000148660",351.591855014382,0.317955021069823,0.0799035210413389,3.97923667100134,6.91368900394597e-05,0.000286514414308947,0.310907444399187,0.0793356461485118,"CAMK2G"
"ENSG00000156050",42.9437585273691,0.541868463024148,0.136193666898949,3.97866123559326,6.93044051786108e-05,0.000287118250025673,0.506741810064144,0.136176717170246,"FAM161B"
"ENSG00000100564",271.485594934624,-0.373811047842299,0.0939726515514178,-3.97787060033914,6.95351935609678e-05,0.000287893194472862,-0.356094253781056,0.0928249621222481,"PIGH"
"ENSG00000132623",173.80634850822,0.506362713018081,0.127293751865367,3.9779070504076,6.95245377272366e-05,0.000287893194472862,0.475757311166289,0.127683674052805,"ANKEF1"
"ENSG00000068650",542.8153956558,0.571230595092796,0.143632409233623,3.97703135483628,6.97809668444272e-05,0.000288819933817582,0.532250930500991,0.145355779410946,"ATP11A"
"ENSG00000122778",26.424198585884,1.09699235149378,0.275933709540987,3.9755648315627,7.02124125817562e-05,0.000290514338168259,0.97518023880509,0.290525373757762,"KIAA1549"
"ENSG00000007520",374.385159920155,0.655666109875456,0.164937474513661,3.97524038614494,7.03082035456466e-05,0.000290819292454283,0.604096868196403,0.16851499543854,"TSR3"
"ENSG00000166484",65.0661771842173,0.83074116712006,0.20904467141044,3.97398872458689,7.06789104200937e-05,0.000292260846291129,0.745152152931454,0.216865820583289,"MAPK7"
"ENSG00000121964",147.735030178718,-0.403147865234708,0.10145095000023,-3.97382050373893,7.07288734180155e-05,0.000292375619284644,-0.379908241009681,0.100077272155234,"QTMAN"
"ENSG00000127526",534.095671937885,0.230388464216373,0.0580219654469572,3.97071113399271,7.16584203919767e-05,0.000296125160979524,0.227070258287308,0.0576335220749008,"SLC35E1"
"ENSG00000162444",38.2860069971713,-0.981673750539102,0.247252943245426,-3.97032179942418,7.17756228161169e-05,0.000296516426105113,-0.881312112679894,0.247106813112252,"RBP7"
"ENSG00000146670",18.0000558443056,1.08938357556303,0.274405525423094,3.96997682128795,7.18796239984882e-05,0.000296852926463016,0.968319533970503,0.286176910645497,"CDCA5"
"ENSG00000110900",38.1547924326578,1.02132535920165,0.25728282066286,3.96966014508985,7.19752184125505e-05,0.000297154507876964,0.912203496088668,0.271403738236803,"TSPAN11"
"ENSG00000088812",3277.99856202019,0.624663414697842,0.157402083603593,3.96858415337764,7.23009251371185e-05,0.000298405636475016,0.583008964195871,0.160119320429996,"ATRN"
"ENSG00000169139",620.793875767751,-0.628449664496532,0.158378572649873,-3.96802202458183,7.24716375620332e-05,0.000299016477637646,-0.584413179132423,0.156709450889772,"UBE2V2"
"ENSG00000180767",336.961985782961,0.856454112003451,0.215953276865302,3.96592320540545,7.3112401383477e-05,0.000301565750819191,0.772681679594291,0.226173556029363,"CHST13"
"ENSG00000154080",334.818380397724,1.21042811134309,0.305269062054213,3.96511884695387,7.33593871782388e-05,0.000302489724894673,1.06535690197848,0.33392215247443,"CHST9"
"ENSG00000166326",1263.59551808607,0.288884239959427,0.072870546779561,3.96434846074813,7.3596681153006e-05,0.000303373169712109,0.275151077606157,0.072507200692096,"TRIM44"
"ENSG00000106628",1581.49909105969,0.558010908230688,0.140779773970325,3.96371504580133,7.37923289391848e-05,0.000304084445324979,0.520467208628504,0.142361260460129,"POLD2"
"ENSG00000159322",489.762021963632,-0.381193713903795,0.0961891360690938,-3.96296015830706,7.40261393380305e-05,0.00030495248764847,-0.359018702140176,0.0947798554376453,"ADPGK"
"ENSG00000041802",494.176369080764,0.390263884229729,0.0984893096110856,3.96249994817511,7.41690232523221e-05,0.000305305563671397,0.380051974357606,0.0980579724956704,"LSG1"
"ENSG00000155660",4805.91508737494,0.502251416270093,0.1267508193141,3.96251021482922,7.41658328665412e-05,0.000305305563671397,0.474261026771739,0.127426696958861,"PDIA4"
"ENSG00000174996",43.5196208796293,0.951851837717911,0.240221917412934,3.96238548076239,7.42046030494054e-05,0.000305305563671397,0.852249694942623,0.25187682342217,"KLC2"
"ENSG00000204103",619.547131089528,-0.462746233713245,0.116782944771742,-3.96244703897222,7.41854669638431e-05,0.000305305563671397,-0.440241676736183,0.115431084561856,"MAFB"
"ENSG00000155957",263.834501904525,-0.922677859806937,0.232932303162532,-3.96114170202972,7.4592247628431e-05,0.000306804602397976,-0.830956078855975,0.231782859126165,"TMBIM4"
"ENSG00000162066",235.791362204449,0.810017541574536,0.204535346064386,3.9602814729125,7.48614719681711e-05,0.000307815783864129,0.733958641406274,0.21281778180435,"AMDHD2"
"ENSG00000118096",252.709536197488,-0.425699236170489,0.107499559566911,-3.96000911897243,7.49469014327615e-05,0.000308070841168822,-0.403592644059593,0.106198123069106,"IFT46"
"ENSG00000073712",1657.85173124388,-0.562547917951002,0.14207575139357,-3.95949282290026,7.51091015067205e-05,0.000308641208001711,-0.519755841163143,0.140189144661596,"FERMT2"
"ENSG00000159685",75.9539605719213,0.542576215477232,0.13703919282005,3.95927766584049,7.51767934028434e-05,0.000308822983445191,0.506866204786129,0.137657694837507,"CHCHD6"
"ENSG00000116670",291.632798457939,0.520230479420774,0.131399669096536,3.95914603893388,7.52182337985344e-05,0.000308896839111511,0.48772132995665,0.132352266320788,"MAD2L2"
"ENSG00000090470",162.032121489995,-0.312839599937859,0.0790258062790756,-3.9587017794299,7.53582605726163e-05,0.00030937538468945,-0.304356163396474,0.0783425962924142,"PDCD7"
"ENSG00000120438",1642.08136767275,0.263935039860764,0.0666856683374071,3.95789749793526,7.56123904926652e-05,0.000310321924322453,0.260301682412735,0.0662440101635535,"TCP1"
"ENSG00000184785",12.7571660673163,-0.846084789082739,0.213778201647396,-3.95776923260991,7.56529935121585e-05,0.000310391808220966,-0.767485802461028,0.215421401145108,"SMIM10"
"ENSG00000189046",282.538673455905,-0.573847031642104,0.144996786984754,-3.95765343202014,7.56896684671818e-05,0.000310445537395301,-0.531838360411972,0.143312821418115,"ALKBH2"
"ENSG00000134258",27.3446424198188,1.82625424959746,0.461567325906085,3.95663676152208,7.60123785193352e-05,0.000311672057173954,1.56419019002234,0.529712194288175,"VTCN1"
"ENSG00000143947",7084.0614635993,-0.461043252682707,0.116531022097397,-3.95639928651246,7.60879447061575e-05,0.000311884769614343,-0.427391532922001,0.114600166268563,"RPS27A"
"ENSG00000108312",923.991935175858,0.37703275126537,0.0953359213107462,3.95478164034768,7.66045840066372e-05,0.000313904747286457,0.360774085102244,0.0950222683102919,"UBTF"
"ENSG00000140830",273.323439148819,0.284051167076553,0.071866197165611,3.95250031697064,7.73388266767236e-05,0.000316814869952005,0.275138717308066,0.0713224293898881,"TXNL4B"
"ENSG00000166548",760.953026489693,0.239266352172549,0.060536662338804,3.95242061469218,7.73645987180959e-05,0.000316821868342908,0.234798847190286,0.060185922670494,"TK2"
"ENSG00000081692",212.550956895406,0.530149672474779,0.134159126145571,3.95164822331605,7.7614775463752e-05,0.000317747554028532,0.495939594877369,0.135148713348026,"JMJD4"
"ENSG00000007264",33.7188807298618,1.05151304455084,0.266107689774626,3.9514568160033,7.76768902444924e-05,0.00031784035139158,0.932998565455251,0.281213398219088,"MATK"
"ENSG00000183978",932.555533674479,-0.587449952584348,0.148667700399858,-3.95142960444225,7.768572465275e-05,0.00031784035139158,-0.545229615300727,0.146947335235161,"COA3"
"ENSG00000142677",135.423108999298,0.564481263583743,0.142868418486745,3.95105699050006,7.78067917711221e-05,0.00031823678796477,0.528248840839596,0.143931900512452,"IL22RA1"
"ENSG00000167261",48.365691333928,-0.828256825086208,0.209686903388673,-3.9499692718098,7.81612269524519e-05,0.000319587178278255,-0.750590087744869,0.209070483242273,"DPEP2"
"ENSG00000155329",129.690067613144,-0.561726029941531,0.142269798871378,-3.94831534449115,7.87030887792098e-05,0.000321603000269111,-0.521992673616584,0.140733500555281,"ZCCHC10"
"ENSG00000170949",253.822773922994,-0.602340765407248,0.152553642066056,-3.94838666091258,7.86796509177808e-05,0.000321603000269111,-0.560369874558018,0.150980806865373,"ZNF160"
"ENSG00000160058",1693.64764383913,0.264487193338816,0.0669892326027721,3.94820455560602,7.8739512202762e-05,0.000321652006720932,0.257958345407746,0.0665692927759625,"BSDC1"
"ENSG00000140983",515.803918326093,0.871786507039285,0.220828707796169,3.94779517454754,7.88742403422516e-05,0.000322102434350523,0.789239499207213,0.231632773846399,"RHOT2"
"ENSG00000184481",195.328914582898,0.411070283096009,0.104134923911682,3.9474776343491,7.89788935202507e-05,0.000322371166020326,0.39367247915864,0.103834607622887,"FOXO4"
"ENSG00000186198",15.8016639397158,2.11256174601904,0.535171663319117,3.94744694238295,7.89890157664874e-05,0.000322371166020326,1.80580907076247,0.613714264755452,"SLC51B"
"ENSG00000073150",73.734536577774,1.20862925795178,0.306273359482408,3.94624351263958,7.93868765124819e-05,0.00032389452003822,1.06216737041892,0.333734701774321,"PANX2"
"ENSG00000168268",65.0182861104195,0.796801715855471,0.201925511466764,3.94601806412471,7.94616214642505e-05,0.000324099042192789,0.724485769775013,0.208369137105216,"NT5DC2"
"ENSG00000115839",596.208605580639,0.418247692326102,0.106001104874949,3.94569181915146,7.95699021644832e-05,0.00032444017711291,0.395807503861745,0.105851321215665,"RAB3GAP1"
"ENSG00000153485",65.5593897609637,-0.627900698582668,0.159147736347896,-3.94539509635299,7.96685055656649e-05,0.000324741654575091,-0.576758346065866,0.15776891224444,"LYSET"
"ENSG00000114023",1869.59095028991,-0.528829151520155,0.134061295689859,-3.94468178752772,7.99060167092081e-05,0.000325520914668325,-0.493982136110996,0.132346251426359,"FAM162A"
"ENSG00000151500",467.051282691612,-0.465498262361029,0.118006822597897,-3.94467245294108,7.99091292881684e-05,0.000325520914668325,-0.439483772560157,0.116508249676244,"THYN1"
"ENSG00000104412",389.079960344487,-0.523192630139616,0.132640459849687,-3.94444222172115,7.99859352121763e-05,0.000325733010517635,-0.46176410779764,0.129680610843611,"EMC2"
"ENSG00000159166",364.327716321362,0.920635891811298,0.233410526362694,3.94427751891847,8.00409234444382e-05,0.000325856152773492,0.828868637287031,0.246462264319315,"LAD1"
"ENSG00000185246",326.209737775637,-0.687086611166065,0.174206235023131,-3.9440988497044,8.01006149580163e-05,0.000325998360598839,-0.633047875247781,0.172475803009883,"PRPF39"
"ENSG00000156017",342.184409545967,-0.738487031141823,0.1873266987534,-3.94224120777348,8.07237319341105e-05,0.000328432835180624,-0.674311988393405,0.185793929640377,"CARNMT1"
"ENSG00000187068",10.8461358954074,-0.892104766005572,0.226329560397932,-3.94161842773466,8.09336573291701e-05,0.00032918521235584,-0.803360547639208,0.228837925260933,"C3orf70"
"ENSG00000198125",41.9162179137357,1.79089886216974,0.454409966250037,3.94115225277499,8.10911321962391e-05,0.000329723856237086,1.77301232605224,0.511940268963021,"MB"
"ENSG00000166130",115.161637934575,-0.741494336737632,0.188153184531724,-3.94090771614132,8.11738529416499e-05,0.000329958304362384,-0.676674038155576,0.186798010552915,"IKBIP"
"ENSG00000163071",209.419294350756,0.889820298423297,0.22580111732471,3.94072584301567,8.12354278732656e-05,0.000330106680055375,0.799102427910485,0.237461228376849,"SPATA18"
"ENSG00000141522",1251.60142438797,0.790075246342054,0.200538497805533,3.93976844839143,8.15602917840124e-05,0.000331324529968623,0.72497935426215,0.207988632669987,"ARHGDIA"
"ENSG00000167118",453.562849337612,0.388195773751038,0.098538541764552,3.93953235758849,8.16405908348284e-05,0.000331548432736382,0.371260732015225,0.0982548439038871,"URM1"
"ENSG00000125743",724.725378105747,-0.477015464348229,0.121088766649199,-3.93938659669539,8.16902042375733e-05,0.000331647619177271,-0.447985814205485,0.119423143622493,"SNRPD2"
"ENSG00000173875",223.427891513379,-0.372264791361425,0.0945216165011563,-3.93840906600313,8.20236686437146e-05,0.000332898773539811,-0.356232498720287,0.093335846863953,"ZNF791"
"ENSG00000106105",756.675181510157,0.276337036720406,0.0701671405810046,3.93826846059643,8.20717389793539e-05,0.000332991222003751,0.269134849325705,0.0697293854383927,"GARS1"
"ENSG00000031823",367.993657728586,0.504114397067877,0.128013096966862,3.93799079166387,8.21667469710135e-05,0.000333273995878116,0.476720816361517,0.128597313970253,"RANBP3"
"ENSG00000248144",25915.8668394839,-0.594004399535952,0.150844546318112,-3.93785797388573,8.22122290242771e-05,0.000333355776819721,-0.541726552492248,0.148516321565939,"ADH1C"
"ENSG00000160961",83.5472788462307,-0.501478555959404,0.127371174004004,-3.93714323417983,8.24573929718222e-05,0.000334246932225065,-0.4705828545448,0.125983125199653,"ZNF333"
"ENSG00000097007",373.550876214163,0.479533775197577,0.121802693501685,3.93697184693984,8.2516283393821e-05,0.000334382698418913,0.452440369711951,0.122155206289311,"ABL1"
"ENSG00000249242",321.050531685375,-0.579400869115846,0.147185020389024,-3.93654780618593,8.2662159057067e-05,0.000334870764967798,-0.539894853734508,0.145526228226952,"TMEM150C"
"ENSG00000167716",608.784352016522,0.661202164115666,0.167991572936677,3.93592459762788,8.28769934936742e-05,0.000335637802626181,0.610138934065271,0.171751195777498,"WDR81"
"ENSG00000179958",242.551787774503,0.436366628645919,0.11089488843389,3.93495710044435,8.32115579873097e-05,0.000336889105922792,0.413734599620679,0.11084459196836,"DCTPP1"
"ENSG00000131482",4472.08926589989,-1.26111197056492,0.320616538669015,-3.93339649850943,8.37539118829154e-05,0.00033898063444527,-1.10897475472536,0.318541936856143,"G6PC1"
"ENSG00000103460",50.8506158682983,-0.928186786401418,0.236048500556695,-3.93218675065671,8.41766306302569e-05,0.000340586822027647,-0.833824757557485,0.235521325404893,"TOX3"
"ENSG00000188483",28.3093742687021,1.38876254231924,0.353188599107143,3.93207070055493,8.42172874986916e-05,0.00034064663815907,1.21159864734785,0.385584478494278,"IER5L"
"ENSG00000136280",841.809567994504,0.553839837124094,0.140967871314557,3.92883734399487,8.53575478217833e-05,0.000345152787045946,0.514936424033785,0.142500585770643,"CCM2"
"ENSG00000126218",2305.66615330721,0.521645608063891,0.132801344941499,3.92801449634175,8.5650049469615e-05,0.000346122943927855,0.488382783488351,0.133839926173219,"F10"
"ENSG00000167674",251.050462539463,0.72471913174496,0.184498876203522,3.92804090007311,8.56406489170867e-05,0.000346122943927855,0.661594508913126,0.190076886318758,"HDGFL2"
"ENSG00000141076",321.033884838269,0.283775686889383,0.0722520413293418,3.92758019937273,8.58048127300536e-05,0.000346641965143874,0.276482608996421,0.0717726631550252,"UTP4"
"ENSG00000099284",123.178321737349,0.750950803614714,0.191213260445499,3.92729459173023,8.59067340066217e-05,0.000346947257647602,0.683283221785421,0.196806313039973,"MACROH2A2"
"ENSG00000150991",7471.8793279297,0.539650631961059,0.137427171690965,3.92681174560283,8.60793015641702e-05,0.00034753759104381,0.517503683752209,0.138295390546677,"UBC"
"ENSG00000159023",1095.47186320736,0.348788805212075,0.0888259264530833,3.92665541626859,8.61352432896261e-05,0.000347656840328393,0.335693313640093,0.088403711814761,"EPB41"
"ENSG00000151532",182.268107669346,0.370669225965755,0.0944257219056592,3.92551116883269,8.65457540499766e-05,0.000349206680300947,0.355005076249599,0.0939456276449861,"VTI1A"
"ENSG00000089006",1156.59527523519,-0.360045720361757,0.0917520193859422,-3.92411766816024,8.70481835398599e-05,0.000351126343286089,-0.345280069021179,0.0905803307608197,"SNX5"
"ENSG00000171766",39412.7778411686,-0.707938497335696,0.1805869367217,-3.92020879354464,8.84722840437171e-05,0.000356761436973838,-0.647323920167074,0.178843878102147,"GATM"
"ENSG00000003509",232.500788645652,-0.298320765328357,0.0761097739997282,-3.91961176142006,8.86917257824061e-05,0.000357536822305927,-0.28892789712392,0.0752818125690435,"NDUFAF7"
"ENSG00000152240",97.3668845262937,-0.431366210403057,0.1100592460824,-3.91940001188178,8.87696786910051e-05,0.000357741533408562,-0.408930208135041,0.10888977311199,"HAUS1"
"ENSG00000079308",1745.4228262893,0.568048673573139,0.144984010326154,3.91800911214459,8.92833319636841e-05,0.000359591418976404,0.533498337781593,0.146544457126828,"TNS1"
"ENSG00000184719",187.434018890054,-0.494303465691684,0.126160574290455,-3.91805021871307,8.92681113050838e-05,0.000359591418976404,-0.456981905018857,0.124407440619723,"RNLS"
"ENSG00000085998",960.7398807411,0.31870265375283,0.0813495715194444,3.91769308430411,8.94004304898729e-05,0.000359842882246917,0.307138952554636,0.0809021016195345,"POMGNT1"
"ENSG00000105583",734.021659561101,-0.56207732957555,0.143470624950084,-3.91771716176122,8.93915039109331e-05,0.000359842882246917,-0.521619819291066,0.141672774008449,"WDR83OS"
"ENSG00000110107",1021.92311474385,0.264909876079976,0.0676293559057385,3.91708412023332,8.96264805966998e-05,0.000360642494968261,0.256934528471207,0.0672122516567217,"PRPF19"
"ENSG00000042493",105.030965371257,1.01381690166635,0.258833842751126,3.91686377210399,8.97084077280076e-05,0.000360861868666957,0.900509715013056,0.275904211588522,"CAPG"
"ENSG00000181751",13.8648986078127,-0.892174506644089,0.227818397739308,-3.91616531192095,8.99685683747909e-05,0.00036179785315287,-0.802747311823173,0.228925558834611,"MACIR"
"ENSG00000101574",77.7318652139498,-0.520973932543999,0.13303793639322,-3.91598025847421,9.00376159388976e-05,0.000361964962275275,-0.489118263579094,0.131603915456504,"METTL4"
"ENSG00000158006",568.550391883606,0.289958290546696,0.0740819795958439,3.91401920046644,9.07724128780023e-05,0.00036480359128762,0.281420674796085,0.0736206245463323,"PAFAH2"
"ENSG00000233822",10.2160728389225,-0.972460779577567,0.248460310696851,-3.91394817486193,9.07991317522049e-05,0.00036480359128762,-0.869874180903705,0.250390482880942,"H2BC15"
"ENSG00000136868",3568.07911425361,0.456291928511607,0.116585087741722,3.91381039676753,9.08509831962627e-05,0.00036490056277059,0.431046360191694,0.116818979070678,"SLC31A1"
"ENSG00000136052",2093.91828253405,-0.673618569979759,0.172143638317832,-3.91311916352112,9.11115445182276e-05,0.000365835497141502,-0.620519304714114,0.170173525539911,"SLC41A2"
"ENSG00000126261",560.639441681658,-0.447870251975135,0.114465774407249,-3.91270014372762,9.12698380666986e-05,0.00036635935609334,-0.422742823251953,0.112910431456055,"UBA2"
"ENSG00000099800",630.43696235754,0.642285953782063,0.164192277193018,3.91179149691076,9.16139913735457e-05,0.000367628713936026,0.589883228356837,0.167663640119847,"TIMM13"
"ENSG00000049656",2073.32343591761,0.701554823830314,0.179432597265322,3.90985157949279,9.23528483007996e-05,0.00037048068273258,0.640502470769572,0.184603034247088,"CLPTM1L"
"ENSG00000101365",932.913626808492,0.285716746081038,0.0730844762243311,3.9094040327256,9.25241027220554e-05,0.000371054625780866,0.2775515900662,0.0726463282960497,"IDH3B"
"ENSG00000135940",1563.8059303759,-0.629319624686994,0.160980382769818,-3.90929387704864,9.2566299924176e-05,0.00037111081144997,-0.581523669863703,0.159075049317508,"COX5B"
"ENSG00000131183",28.9542779919124,1.01602547289974,0.259924768332789,3.90892133680346,9.27091431834863e-05,0.000371570343730223,0.901904621785732,0.274426464306408,"SLC34A1"
"ENSG00000081189",146.917150660436,-0.772638020763604,0.197677214096086,-3.90858412435965,9.28386201717294e-05,0.000371976041747106,-0.702438185222837,0.196232181134752,"MEF2C"
"ENSG00000115942",256.275628679393,-0.634639515172519,0.162385036205489,-3.9082388993615,9.29713505841965e-05,0.000372394524426995,-0.586218215521586,0.160663676280999,"ORC2"
"ENSG00000116213",136.239422872848,0.468327286618201,0.119853434584034,3.90749992475049,9.32560705567236e-05,0.000373421357953109,0.441427669357461,0.119936083061728,"WRAP73"
"ENSG00000054392",100.320934978842,0.462510027191313,0.118382778301357,3.90690296196581,9.34866758017997e-05,0.000374230943632257,0.437705181098237,0.118044823818178,"HHAT"
"ENSG00000171720",819.001254074073,0.306094443806769,0.0783582959377778,3.9063438037222,9.37031656164624e-05,0.000374983549697977,0.29693480680508,0.0779055948373503,"HDAC3"
"ENSG00000154832",383.824065982198,0.721133193720105,0.184671579855983,3.90494950160973,9.4245062908014e-05,0.000377037526054972,0.657585282848415,0.190235801852197,"CXXC1"
"ENSG00000173480",119.658686820214,0.624082246967227,0.159846363356623,3.90426303021281,9.45129468191922e-05,0.000377994367503488,0.573715714379558,0.16227819503253,"ZNF417"
"ENSG00000167513",11.4986895099148,1.56683432399098,0.40136516225754,3.90376263644328,9.47086699966608e-05,0.000378662116360776,1.35706581252988,0.432941660545463,"CDT1"
"ENSG00000141741",332.039440784351,-0.478620588980154,0.122622071466689,-3.90321728588784,9.4922413341736e-05,0.000379401485749027,-0.449300358894265,0.12101407085824,"MIEN1"
"ENSG00000211450",206.211608816762,0.832645161360833,0.213458286833077,3.90073945459872,9.58993178826407e-05,0.000383189808571425,0.750155881691025,0.22303092521991,"SELENOH"
"ENSG00000075568",542.63068577019,0.482987695302169,0.123835681320032,3.9002304517869,9.61011681527494e-05,0.000383879848270357,0.454158134832774,0.12426210948658,"TMEM131"
"ENSG00000197405",66.0165662044678,-0.930987845045968,0.238746137405851,-3.89948861649375,9.63960690330145e-05,0.000384941050921647,-0.835216522975188,0.237908442564725,"C5AR1"
"ENSG00000171703",701.142909659097,0.804262252022141,0.206275551548824,3.89897031414204,9.66026159600757e-05,0.000385648890761176,0.727854940571398,0.214938907802994,"TCEA2"
"ENSG00000151065",160.583996710705,0.27828554873803,0.071382245079052,3.89852614511974,9.67799526865725e-05,0.000386239726302338,0.269339205935354,0.0708084808503149,"DCP1B"
"ENSG00000186300",69.2941169925379,0.441843143597792,0.11335169112108,3.89798457550868,9.69965929667879e-05,0.000386987013030524,0.418183015271494,0.112725903551755,"ZNF555"
"ENSG00000124786",428.007750307133,-0.522015304478689,0.133927280732749,-3.89775183683725,9.70898343756682e-05,0.000387236409305028,-0.475430803122668,0.131547801759783,"SLC35B3"
"ENSG00000227500",223.875133760234,0.735186894799507,0.188621580876925,3.89768175720686,9.71179267450405e-05,0.000387236409305028,0.668835516595125,0.194520291386331,"SCAMP4"
"ENSG00000119523",687.872794495307,-0.43894029006302,0.112620117188598,-3.89753004188367,9.71787701819584e-05,0.000387361697915732,-0.4162826268372,0.111079624283951,"ALG2"
"ENSG00000137414",1908.76164473931,-0.698653596410604,0.179263928028677,-3.8973462430146,9.72525285140322e-05,0.000387538374823168,-0.635349135085099,0.177273957062985,"FAM8A1"
"ENSG00000198815",413.608990856782,-0.298269154146734,0.0765488106298642,-3.89645706696806,9.76101011012992e-05,0.00038884556462926,-0.288480945642098,0.0756822248227853,"FOXJ3"
"ENSG00000154328",259.290381384804,0.504027742958738,0.129428114249871,3.89426784033703,9.84957725514426e-05,0.000392255094196096,0.472319826747564,0.130055161382989,"NEIL2"
"ENSG00000196557",1186.88993084253,1.18881031827114,0.305374526342594,3.89295836987213,9.90291511781989e-05,0.000394259995286413,1.04442549836464,0.334663205469425,"CACNA1H"
"ENSG00000132661",71.5452298895228,-0.54367874123726,0.139674430222548,-3.8924715165904,9.92281526179482e-05,0.000394932846846405,-0.505991338742241,0.138194435224514,"NXT1"
"ENSG00000141084",916.430815760202,0.491908810106262,0.126431791762239,3.89070504538384,9.99533727636199e-05,0.00039769903469502,0.463847974828131,0.127060734501049,"RANBP10"
"ENSG00000105472",43.91267768773,1.05712778995437,0.271751240121205,3.89005691191281,0.000100220714765103,0.000398642275104938,0.937914028942441,0.289018106092725,"CLEC11A"
"ENSG00000082516",250.482236085135,0.369272949616173,0.0949494790675583,3.88915192840003,0.000100595131657232,0.000400010722862917,0.353448804292517,0.0945430984418785,"GEMIN5"
"ENSG00000135272",266.527069712464,-0.75738638915127,0.194770010421933,-3.88861913346174,0.000100816180873777,0.000400768670707773,-0.687749809434172,0.193166021227571,"MDFIC"
"ENSG00000147854",390.349136158183,-0.448286198077017,0.115299224556576,-3.8880243973978,0.0001010634701415,0.000401509248003314,-0.420845540924822,0.113655318048962,"UHRF2"
"ENSG00000198586",692.95571971798,-0.647346285137919,0.16649719001029,-3.88803129408918,0.000101060599241849,0.000401509248003314,-0.595123747534544,0.164705203067254,"TLK1"
"ENSG00000121542",189.287524815011,-0.392087031106095,0.100851435427563,-3.88776847294073,0.000101170058780591,0.000401811461208224,-0.373786978157997,0.099590316248834,"SEC22A"
"ENSG00000164008",154.226770463804,-0.441799823522026,0.113641357912745,-3.88766758543351,0.00010121210604385,0.000401857234069158,-0.417690237205811,0.112217087555079,"C1orf50"
"ENSG00000136942",3450.30145342301,-0.630029767305307,0.16207428564556,-3.88729010771715,0.000101369575208057,0.000402361117633187,-0.580411715793549,0.160235255420357,"RPL35"
"ENSG00000162341",397.810073866978,0.518231787048167,0.13332085858107,3.88710208262752,0.000101448098289708,0.000402551435226733,0.485397603974778,0.134220585875438,"TPCN2"
"ENSG00000162704",1222.29309115771,-0.605627930666136,0.155814357197715,-3.88685575294994,0.000101551057428612,0.000402838572493252,-0.559326443077587,0.153968017339122,"ARPC5"
"ENSG00000099341",1520.35005031423,0.312537283908759,0.0804105551463842,3.88676938419089,0.000101587180580433,0.000402860487807824,0.305242037075227,0.0798928181098235,"PSMD8"
"ENSG00000196267",30.8817276492703,0.600329723269926,0.154462462461154,3.88657356424642,0.000101669125881211,0.00040306405039206,0.555207740422601,0.154762698579181,"ZNF836"
"ENSG00000106351",1305.78731860408,0.481470420310229,0.12389603207189,3.88608426160782,0.000101874158492957,0.000403755319301105,0.466283670336238,0.123975702527756,"AGFG2"
"ENSG00000080603",613.675554540564,0.674366783642951,0.173590659045408,3.88481031958379,0.000102409811128864,0.000405756115956251,0.618185512996216,0.177917624582872,"SRCAP"
"ENSG00000152359",59.3838567982869,-0.560188544725191,0.144290682521457,-3.88236118185861,0.00010344707288901,0.000409742527574219,-0.520694448046889,0.142893446386678,"POC5"
"ENSG00000215251",281.743096265817,0.409857390164187,0.105583048742428,3.8818484126561,0.000103665493169366,0.000410484175358759,0.389907841018826,0.105296025049145,"FASTKD5"
"ENSG00000130427",25.6508713997291,-1.692947656921,0.436255165050018,-3.88063636272798,0.00010418351216454,0.000412411341298357,-1.47589430200183,0.432385353103377,"EPO"
"ENSG00000131791",2885.04272418097,0.651582376651998,0.16799007801866,3.87869560117487,0.000105018066451319,0.000415589979831098,0.595228750261453,0.171884242727267,"PRKAB2"
"ENSG00000175470",402.185181741484,0.305620262428297,0.078813465558341,3.87776708286054,0.000105419569595666,0.000417053501591506,0.295613160963227,0.0782864751271323,"PPP2R2D"
"ENSG00000179364",267.016461567412,0.777664597516382,0.200618959346724,3.87632654485246,0.000106045344720252,0.000419403126640684,0.703103523958355,0.208169219619431,"PACS2"
"ENSG00000164161",197.003247700802,-0.72755660041949,0.18777614052534,-3.87459556035186,0.000106801927606443,0.00042226852218211,-0.66413101742509,0.186142503116603,"HHIP"
"ENSG00000228300",323.211455826831,0.971995025855736,0.250899382513327,3.87404311688214,0.000107044461155299,0.000423100382939257,0.865377938467689,0.267420338687637,NA
"ENSG00000091490",293.165873541787,0.797514527932791,0.205910086968799,3.87312025201386,0.000107450776556867,0.000424451522396553,0.720729669435263,0.21430540231168,"SEL1L3"
"ENSG00000143436",342.318334139213,-0.396287184657123,0.102317074297888,-3.87312857972623,0.000107447103565747,0.000424451522396553,-0.377070652498492,0.100987344631478,"MRPL9"
"ENSG00000116717",1208.30577023209,-0.599212332432939,0.154716349242049,-3.87297357627983,0.000107515488255492,0.000424579759559629,-0.553555092466983,0.152842530280011,"GADD45A"
"ENSG00000148400",246.952827790944,0.93187809625269,0.240728941460522,3.87106797628449,0.000108359567003565,0.000427784725387985,0.830126582109992,0.255175120898305,"NOTCH1"
"ENSG00000124171",86.2994513474555,-0.9146668100424,0.236318824059027,-3.87047800226839,0.000108622158835633,0.00042867844427213,-0.819941941470749,0.235303176079807,"PARD6B"
"ENSG00000165113",118.181278295354,-0.591965911526356,0.152946440425238,-3.87041313207754,0.000108651068550516,0.00042867844427213,-0.546485079397441,0.151314595981843,"GKAP1"
"ENSG00000078070",1438.06140746078,0.325711198637819,0.0841709125818891,3.86964081351664,0.000108995814234452,0.000429909793352545,0.315223577293308,0.0837215871704081,"MCCC1"
"ENSG00000119408",1383.63823465638,0.33193313326299,0.0857888706545239,3.86918641929326,0.000109199127574053,0.000430582723462109,0.319756455594013,0.0853462244850135,"NEK6"
"ENSG00000132122",37.1722069089729,-0.763691302500931,0.19739448722494,-3.86885831127932,0.000109346158040847,0.000431033388253231,-0.693125794134487,0.196572327613152,"SPATA6"
"ENSG00000105355",300.753632144416,0.417584606925813,0.107941830298872,3.86860780264329,0.000109458540697461,0.000431264847940612,0.401333747123855,0.107657922511664,"PLIN3"
"ENSG00000116815",82.743369726987,-0.721033482652851,0.18638539697486,-3.86850844731202,0.00010950314345021,0.000431264847940612,-0.65590994827376,0.184884346670151,"CD58"
"ENSG00000184203",275.137166661948,-0.751107164765008,0.194157244815209,-3.86855080004809,0.000109484128296446,0.000431264847940612,-0.68214670071058,0.192539358768705,"PPP1R2"
"ENSG00000204334",18.2750932106252,-0.82433003259957,0.213104256891489,-3.86820068554198,0.000109641413197183,0.000431680276959963,-0.740085306921812,0.213784641738104,"ERICH2"
"ENSG00000141570",62.8767154482695,0.604536113189172,0.156305714598533,3.86765202246065,0.000109888322609936,0.000432523065914026,0.557878332026701,0.158114452186323,"CBX8"
"ENSG00000106366",709.875489331975,-1.22442007000517,0.31660231661209,-3.86737558684818,0.000110012922831397,0.000432884083083734,-1.07662020825149,0.31465792901859,"SERPINE1"
"ENSG00000185551",535.854252452418,-0.392888110760784,0.10161047995113,-3.86661012672851,0.000110358641209119,0.000434114690815435,-0.368090448000736,0.100023637172326,"NR2F2"
"ENSG00000167770",513.23892080059,0.404050773778498,0.104504265629418,3.86635675917096,0.000110473299702492,0.000434435921112011,0.384425749338296,0.104295782212931,"OTUB1"
"ENSG00000174080",1819.88667423294,0.470418120566417,0.121701761769594,3.86533533883438,0.000110936672134597,0.0004361278666241,0.455088162990101,0.121696731145421,"CTSF"
"ENSG00000169372",376.368978705464,0.441215941592306,0.114154517982576,3.86507647169647,0.000111054399391776,0.000436330117097023,0.417155378024465,0.114167692346287,"CRADD"
"ENSG00000185842",69.2241614400479,-0.584449922115662,0.151212220186737,-3.86509715546735,0.000111044988523079,0.000436330117097023,-0.541179480644753,0.149751123943469,"DNAH14"
"ENSG00000166197",648.277106685594,0.265583745858417,0.0687154332963826,3.86497957035218,0.000111098498365997,0.000436373159154748,0.258712134966679,0.0682555613265859,"NOLC1"
"ENSG00000166856",61.2633556989175,1.0944273595378,0.283273889199003,3.86349537061974,0.000111776012623106,0.000438903364806386,0.963138869703199,0.304271019513681,"ACKR5"
"ENSG00000106682",2809.23393282052,0.301321479215012,0.0780181816117642,3.86219561889374,0.000112372528461443,0.000441114105463134,0.291725492005663,0.0775188927173905,"EIF4H"
"ENSG00000152382",599.881520816805,-0.507374416185226,0.131379817370653,-3.86189010107851,0.00011251317986953,0.000441534583058789,-0.46371998617391,0.12903432125105,"TADA1"
"ENSG00000114019",234.701632086979,0.488448725365862,0.126485311818683,3.86170313645629,0.000112599334765938,0.000441741013566252,0.458506860267881,0.126891510549868,"AMOTL2"
"ENSG00000136111",441.764870391327,-0.424233769530789,0.109911773007012,-3.85976641013445,0.000113495463400844,0.000445124000934024,-0.39914958527394,0.108301132662568,"TBC1D4"
"ENSG00000104522",680.536208266647,0.480676750383506,0.124643375840427,3.85641633293763,0.000115061455094048,0.000451131363242475,0.448428643960295,0.125191304404301,"GFUS"
"ENSG00000125966",23.9741769078581,1.24765540141376,0.323550689337137,3.85613581590525,0.000115193503139275,0.00045151463600229,1.0871701262819,0.350072217195922,"MMP24"
"ENSG00000141499",78.9743433158069,0.549673906910636,0.142564224359928,3.85562303150395,0.000115435256128608,0.000452302540996867,0.510997926125454,0.143414645102018,"WRAP53"
"ENSG00000198929",35.1202396279968,1.10892731461673,0.287617422809083,3.85556376865537,0.000115463226514543,0.000452302540996867,0.972631545713306,0.307577257298336,"NOS1AP"
"ENSG00000121486",392.197505908715,-0.631920458424612,0.163908263446436,-3.85533007999392,0.000115573583252151,0.00045260017760197,-0.580825463212041,0.162072755985392,"TRMT1L"
"ENSG00000110104",108.596184596984,0.565676317116122,0.146773998730118,3.85406353993438,0.000116173424601986,0.000454813948352585,0.524523107053756,0.147919935032379,"CCDC86"
"ENSG00000168758",256.267614021845,0.498033870924312,0.129230349844841,3.85384603169665,0.000116276732820489,0.000455083075004327,0.466517858527834,0.129691511159904,"SEMA4C"
"ENSG00000101310",669.108298389529,0.536250502321429,0.139160501463005,3.85346773462144,0.00011645661608726,0.000455651651531906,0.498577671292711,0.14045246551399,"SEC23B"
"ENSG00000186716",473.763447176057,0.517123017386091,0.134279907226883,3.85108262334695,0.000117596812978115,0.00045997612586746,0.48288158711561,0.135232168693038,"BCR"
"ENSG00000157538",858.302302766573,0.328401236108411,0.0852990591344472,3.84999834043644,0.000118118625170175,0.000461879958120142,0.31626924420098,0.084810156975858,"VPS26C"
"ENSG00000051596",95.9547452771249,-0.648161199469661,0.168365424846076,-3.84972864863571,0.000118248753267999,0.000462251509954415,-0.593509771888668,0.166795941888419,"THOC3"
"ENSG00000071655",514.019481852476,1.05869274367925,0.275036283370317,3.84928392249176,0.000118463631908246,0.000462954045029376,0.93374011919134,0.297032095163828,"MBD3"
"ENSG00000119574",40.6251988722963,0.831344918397745,0.215994849228598,3.84891084841514,0.000118644174309802,0.000463522017496397,0.745141892261462,0.223580594780898,"ZBTB45"
"ENSG00000126247",1715.68960381092,0.415217556812848,0.107906453805755,3.84793997178603,0.000119115229283842,0.000465224298057274,0.403560027349962,0.107549091049921,"CAPNS1"
"ENSG00000167701",2036.50671023466,0.872809979616053,0.226831908040701,3.84782717367718,0.000119170071458713,0.000465300462878239,0.783590446145876,0.238929672418661,"GPT"
"ENSG00000164089",4064.2845105757,0.836091562190254,0.217312840523476,3.84740984553065,0.00011937318248626,0.000465955327783606,0.751011889868122,0.227859927711586,"ETNPPL"
"ENSG00000067369",246.072041385958,0.384081629517603,0.0998497973839772,3.84659397996171,0.000119771202403827,0.000467370376659392,0.368999103111852,0.099285901884759,"TP53BP1"
"ENSG00000157764",280.922933507931,-0.375664099666221,0.0976697271668822,-3.84626957157715,0.000119929812418638,0.00046785064009001,-0.357482423736642,0.0963940595985191,"BRAF"
"ENSG00000121350",261.39782788739,-0.71637873720598,0.186303247921022,-3.84522945896075,0.000120439681582882,0.000469700488068788,-0.652446324954619,0.184585600990499,"PYROXD1"
"ENSG00000138036",128.167001380486,-0.489591819204784,0.127337512702988,-3.84483573467269,0.000120633220200715,0.000470315954149426,-0.45829397448064,0.125828313829457,"DYNC2LI1"
"ENSG00000109458",286.443014552731,-0.520706537286041,0.135433029334235,-3.84475293689984,0.000120673957468793,0.000470335501490268,-0.487444400171809,0.133777185716685,"GAB1"
"ENSG00000130703",483.258087429247,0.251281740863393,0.065364066360475,3.84434070361541,0.000120876973167744,0.000470987342032116,0.245131687061827,0.0648907052741757,"OSBPL2"
"ENSG00000072310",2363.01026825157,1.14815910909655,0.298682464863583,3.8440793958927,0.000121005828103074,0.000471349920948246,1.00898375478746,0.326241784481501,"SREBF1"
"ENSG00000125912",616.937200944274,0.719358673321812,0.18714791526844,3.84379741708574,0.000121145021547342,0.00047175254471822,0.654296573736955,0.193041361227881,"NCLN"
"ENSG00000157985",174.222228015775,0.437710426706978,0.113891967522556,3.84320717455593,0.000121436872342791,0.000472749219770902,0.41484253177106,0.113659992731975,"AGAP1"
"ENSG00000101213",109.705115659976,1.06986967334183,0.27841777026826,3.84267739918683,0.000121699388980575,0.000473631142571164,0.941406012611588,0.300146382870124,"PTK6"
"ENSG00000163106",13.5135387848886,-1.37056469521601,0.356748462224071,-3.84182369468818,0.000122123546470659,0.000475141434052215,-1.19928305898116,0.357562011966268,"HPGDS"
"ENSG00000079102",26.6932136160338,-0.834670806491257,0.217303565250497,-3.84103595138483,0.000122516167568429,0.000476435697648746,-0.751290433352793,0.217269811768392,"RUNX1T1"
"ENSG00000169020",1591.00190395346,-0.68822290946725,0.179177537809611,-3.8410110881116,0.000122528579085421,0.000476435697648746,-0.630602446991491,0.177327318743919,"ATP5ME"
"ENSG00000125798",304.906193728236,-0.564342212045917,0.14695622430815,-3.84020625667789,0.000122930984335889,0.000477859267719609,-0.512547582828733,0.144535054138703,"FOXA2"
"ENSG00000174437",2262.29767236349,0.474126054836162,0.123526635241777,3.83824957190941,0.000123914503875134,0.000481540247349474,0.448831224521742,0.123843291425966,"ATP2A2"
"ENSG00000125910",10.0176575760768,1.39189488547717,0.362673479407139,3.83787336132902,0.000124104452784401,0.00048213609482426,1.20911141117788,0.384127963638443,"S1PR4"
"ENSG00000125875",477.590998240389,0.249544143118956,0.0650450936576818,3.83647911143387,0.00012481080651261,0.000484737191311216,0.243402691434845,0.0645781719475639,"TBC1D20"
"ENSG00000162302",175.874298018729,0.554504046757065,0.144551200803,3.83603902061502,0.000125034550690965,0.00048546295912629,0.514753738964933,0.145832322671866,"RPS6KA4"
"ENSG00000204852",251.009227217429,-0.314321744655567,0.0819420189808985,-3.83590432069825,0.000125103108277618,0.000485585944452572,-0.303103148284585,0.0811871727525154,"TCTN1"
"ENSG00000169217",409.996863920817,0.406963991914332,0.106133292055318,3.83446121413267,0.000125839826208024,0.00048830154784994,0.386690229146127,0.105886879061633,"CD2BP2"
"ENSG00000164144",331.674507604674,-0.508356926587381,0.132603493089086,-3.83366165358748,0.000126249767110982,0.000489747918026869,-0.476529936725475,0.130922187184567,"ARFIP1"
"ENSG00000204389",681.759409146169,-0.811116341996747,0.211584214281989,-3.83353902250823,0.000126312752240024,0.000489847922236277,-0.725428221523295,0.209530543740247,"HSPA1A"
"ENSG00000092203",736.919942052704,0.173526298156736,0.0452671971968688,3.83337844846155,0.000126395270218369,0.000490023594727636,0.171903183183357,0.0450388687677145,"TOX4"
"ENSG00000161277",60.8454050359569,0.567133677703218,0.147959530180381,3.8330324313129,0.000126573258970654,0.000490569186814137,0.525301292426427,0.148778827922218,"THAP8"
"ENSG00000140285",10.0459012225049,-1.48463363158873,0.387350123259428,-3.83279504107552,0.000126695507422221,0.000490898484614762,-1.29278966428601,0.389229512342082,"FGF7"
"ENSG00000055070",1120.90826653552,0.336193225239382,0.0877174405155501,3.83268393677975,0.000126752760837723,0.000490975830888336,0.323326315193028,0.0872663201717345,"SZRD1"
"ENSG00000167850",15.5536484006135,1.27847033835465,0.333594474507802,3.83240861600287,0.000126894742139103,0.000491381227942186,1.11192266106025,0.357721719566975,"CD300C"
"ENSG00000090376",79.8812644224636,-0.742091353950517,0.193653239679115,-3.83206268679092,0.000127073348291371,0.000491928169245571,-0.673320683815401,0.192146929220427,"IRAK3"
"ENSG00000149782",139.843534052721,0.595498681439971,0.155416475298167,3.83163162269319,0.000127296241889978,0.000492646184809951,0.549926219096544,0.157326537093202,"PLCB3"
"ENSG00000184545",29.3286655566049,1.78622114983926,0.466396260270289,3.82983591850436,0.000128228731195399,0.000496109161010469,1.51085920650985,0.540265594624552,"DUSP8"
"ENSG00000111671",55.8074507763519,0.788959819109801,0.206021537878368,3.82950164936441,0.000128403022657847,0.000496637542982729,0.711269327038399,0.212453821089024,"SPSB2"
"ENSG00000215644",1338.09297322077,0.846384727592193,0.221053865214486,3.82886192363547,0.000128737205113502,0.000497783859772208,0.763266907935566,0.231828309092699,"GCGR"
"ENSG00000108828",990.695317121323,0.359596304926738,0.0939261842932673,3.82849902433984,0.000128927142085085,0.000498371917995369,0.346133920314939,0.0934842567282431,"VAT1"
"ENSG00000247077",445.985403214483,0.442674926021805,0.115672205447205,3.82697748616758,0.000129726374851424,0.000501314191750467,0.4173006497501,0.115700596027498,"PGAM5"
"ENSG00000141644",627.143635293062,0.352806851126123,0.0921939805158859,3.82678835594186,0.000129826046702783,0.000501552151082407,0.339887702007917,0.0917544132505584,"MBD1"
"ENSG00000099958",65.9245638840969,1.40017933138815,0.36598013108663,3.82583428021319,0.000130329946957275,0.000502857159104268,1.20295208954093,0.411287585395235,"DERL3"
"ENSG00000122779",724.049906274177,-0.382649274233398,0.100017178937044,-3.82583550446125,0.000130329299184665,0.000502857159104268,-0.363532660910399,0.0986325667422978,"TRIM24"
"ENSG00000143153",1663.73168685043,-0.600950154966295,0.157076100383967,-3.82585354167371,0.000130319755708931,0.000502857159104268,-0.554824131405473,0.154985261534891,"ATP1B1"
"ENSG00000184436",232.75425885451,0.646693116494603,0.169025438081988,3.82601059244653,0.000130236688087155,0.000502857159104268,0.592330030607626,0.172630374556639,"THAP7"
"ENSG00000204482",150.928796127581,-0.823593045953877,0.215274134226927,-3.8257872870398,0.000130354814220178,0.000502857159104268,-0.741661816938028,0.213872163374692,"LST1"
"ENSG00000183580",41.9348230378453,-0.706442838251619,0.184667821306441,-3.82547881517124,0.000130518158563936,0.000503339799546803,-0.64335301810925,0.183638742666879,"FBXL7"
"ENSG00000163072",142.835253245656,-0.63372638632506,0.165662898889157,-3.82539718050617,0.000130561418631455,0.000503359191127887,-0.580605569526936,0.16382109353212,"NOSTRIN"
"ENSG00000197779",57.2990446457878,0.775837538824095,0.202905570389968,3.82363844094076,0.000131496702527916,0.000506816623384821,0.70001077559217,0.209169487557064,"ZNF81"
"ENSG00000006576",130.510409067775,-0.977190115926541,0.255634056800665,-3.822613184473,0.000132044835060529,0.000508780303894331,-0.870151801305766,0.254494139974536,"PHTF2"
"ENSG00000136205",1832.40030498134,0.376679766847879,0.0985469431562363,3.82233841846003,0.000132192098518877,0.000509198703656972,0.357522279530799,0.0981745146526895,"TNS3"
"ENSG00000198301",339.777549872047,0.346931005804789,0.0908270341736245,3.81968880698666,0.000133620146417405,0.000514548946397062,0.332817220560552,0.0903206823046405,"SDAD1"
"ENSG00000145908",22.7896806749688,-0.96187439686067,0.251828405029256,-3.81956275642903,0.000133688444142381,0.00051466141975982,-0.856911072841364,0.251950235854365,"ZNF300"
"ENSG00000123106",166.977273183873,-0.549614232861314,0.143900869232545,-3.81939480833247,0.000133779494236543,0.000514861391732922,-0.506964332468991,0.142130485914853,"CCDC91"
"ENSG00000100784",42.7348227723439,-0.801831834138752,0.210008357192781,-3.81809488373215,0.000134486204185149,0.000517278809319799,-0.722079302300766,0.208873299251474,"RPS6KA5"
"ENSG00000129566",271.01154205615,0.478810477401247,0.125404743601521,3.81812093905067,0.000134472004613076,0.000517278809319799,0.449255714150171,0.12570909868824,"TEP1"
"ENSG00000184012",373.802586247394,-0.598646982143047,0.156816696420369,-3.81749517626804,0.000134813422199969,0.000518385956975697,-0.552623779929207,0.154892646083086,"TMPRSS2"
"ENSG00000182287",144.493505153662,-0.988724395621401,0.25903169034693,-3.81700167379971,0.000135083254095346,0.00051927186085236,-0.879355046432492,0.257873786234206,"AP1S2"
"ENSG00000164404",15.0547079922905,-0.772290992966396,0.202338031038087,-3.81683556474376,0.000135174191790657,0.00051946976331459,-0.6978824434208,0.203489939137334,"GDF9"
"ENSG00000162980",442.971580426744,-0.857966700733132,0.224832539655599,-3.81602548299892,0.000135618504443463,0.000521025161804094,-0.771240841347598,0.223299030866332,"ARL5A"
"ENSG00000152601",1273.64145574559,-0.717797458545217,0.188107304606165,-3.81589359354253,0.000135690973122658,0.000521151502955926,-0.65170847335315,0.185575615499259,"MBNL1"
"ENSG00000136522",346.721327466799,-0.353436360427855,0.092627788050106,-3.81566231762619,0.000135818139297462,0.000521487787107139,-0.338214888300658,0.0914603990505844,"MRPL47"
"ENSG00000139988",26.2531473591925,-1.26425142894794,0.331538071859407,-3.81329185471062,0.000137128018128422,0.000526363698740176,-1.10767840613586,0.331424999034263,"RDH12"
"ENSG00000145365",122.984259405413,-0.488135473722629,0.128014166998675,-3.81313635175769,0.000137214361130742,0.000526541614295352,-0.457326521991913,0.126369596095608,"TIFA"
"ENSG00000172081",155.24083980962,0.596217349018998,0.156388830864858,3.81240364623106,0.000137621885437956,0.00052795155701519,0.549930733808197,0.158500537999437,"MOB3A"
"ENSG00000132382",235.903332353846,0.714477995055043,0.18742161297511,3.81214302722881,0.000137767114109742,0.000528354740567685,0.648474197916784,0.193032528989097,"MYBBP1A"
"ENSG00000100647",449.976934020426,0.347568373629,0.0912246387073255,3.81002740656609,0.000138951387495947,0.000532741400049982,0.333556925674478,0.0907024835309742,"SUSD6"
"ENSG00000106305",434.485454411212,0.457421624443859,0.120075249391872,3.80945804202362,0.000139271737832088,0.000533814177670238,0.446015618945354,0.119802015724546,"AIMP2"
"ENSG00000101955",156.15276991314,-0.791094241490301,0.207685674692815,-3.80909392359583,0.000139476971959041,0.000534445230737117,-0.713506031444927,0.206146822958563,"SRPX"
"ENSG00000151773",34.237873223027,-0.766898963310137,0.201353353957817,-3.80872207110491,0.000139686859356404,0.000534938629444041,-0.693683331558255,0.2003897254748,"CCDC122"
"ENSG00000198039",17.0755229467541,-0.728776727545291,0.191344172851181,-3.8087218266746,0.000139686997419764,0.000534938629444041,-0.659864352276704,0.191584843806822,"ZNF273"
"ENSG00000172757",3055.30162135824,0.359873608709996,0.0945024475287405,3.8080877069406,0.000140045604932152,0.000536155985616956,0.348940805348567,0.0939970370873456,"CFL1"
"ENSG00000143933",3476.50847947741,-0.605107270849146,0.158913884917946,-3.80776840967415,0.000140226502052483,0.000536692478495054,-0.548791514729317,0.156663183649799,"CALM2"
"ENSG00000219481",164.00036842892,0.627613644485944,0.164905777924402,3.8058923852484,0.000141293812557991,0.000540620266241939,0.576042913182596,0.167673501370894,"NBPF1"
"ENSG00000141646",854.124815137955,-0.431471396047792,0.113382004772133,-3.80546628113459,0.000141537296294511,0.000541394550555935,-0.404994283625783,0.111642749308714,"SMAD4"
"ENSG00000137497",1396.75680759779,0.567783679102836,0.149223489823459,3.80492159628865,0.000141849114704919,0.000542429696254709,0.526830554442598,0.151100791014491,"NUMA1"
"ENSG00000173218",163.141280998601,0.450964490448776,0.118553881554664,3.8038779037432,0.000142448410947203,0.000544563234184343,0.426853785977707,0.118452477664305,"VANGL1"
"ENSG00000152795",2104.5632989916,-0.466449415309756,0.12263313116497,-3.80361661549907,0.000142598817433673,0.000544979979776994,-0.437004672774978,0.120799626581762,"HNRNPDL"
"ENSG00000175305",13.2828899262963,-1.10485822601316,0.29048915012009,-3.80344059513549,0.000142700225101557,0.000545209275591147,-0.973824233953428,0.292282591471965,"CCNE2"
"ENSG00000134333",9158.96513524871,-0.389594078296603,0.102445121488547,-3.8029539390039,0.000142980947734776,0.000546123341420381,-0.357450192132415,0.100499784057511,"LDHA"
"ENSG00000066379",198.326290996314,-0.501256553161776,0.131815016453511,-3.80272723584996,0.000143111896633146,0.000546464974208818,-0.468317100748542,0.130111704752615,"POLR1H"
"ENSG00000126756",547.146856669842,-0.44427328117732,0.116864539562359,-3.80160896402842,0.00014375949017772,0.000548778616317735,-0.418616626229922,0.115218865229291,"UXT"
"ENSG00000197928",19.8572389365573,-0.786179072407071,0.206818458100866,-3.8013003269933,0.00014393870786762,0.000549303486314518,-0.70933747122698,0.206542817916814,"ZNF677"
"ENSG00000184178",143.523907493329,0.446880415533606,0.117580912433339,3.80062040926037,0.000144334261401367,0.00055065340064051,0.4212822720458,0.117420752775736,"SCFD2"
"ENSG00000058272",294.317182443224,-0.586601518778099,0.154352933468995,-3.80039112697479,0.000144467880852337,0.00055100351080587,-0.541193443157591,0.152449140683113,"PPP1R12A"
"ENSG00000032444",401.994686930006,0.683042265953437,0.179764784595908,3.79964444921092,0.000144903832074816,0.000552506183926159,0.622263629343309,0.184605098511839,"PNPLA6"
"ENSG00000133943",674.733010705228,0.383322060979327,0.100908490303254,3.79870970051533,0.00014545133560567,0.000554433203411768,0.363457349987327,0.100573525116468,"DGLUCY"
"ENSG00000117632",238.760532214295,-0.592319056738023,0.155982002990963,-3.79735511392517,0.000146248205528394,0.000557309370184322,-0.542112924217645,0.153858386245603,"STMN1"
"ENSG00000168036",3440.99023238877,0.378870599247013,0.0997853249350347,3.79685689748143,0.000146542326651078,0.000558268597421325,0.363468636463614,0.0994022500986551,"CTNNB1"
"ENSG00000015532",230.597695432215,0.481999175223627,0.126970552538811,3.796149308528,0.00014696100780097,0.00055970165713265,0.452175943284251,0.127284805868306,"XYLT2"
"ENSG00000127838",1676.53724544123,0.488803578127483,0.128769371234175,3.79596151975118,0.00014707231160057,0.000559963578523164,0.457661679724385,0.129400664065563,"PNKD"
"ENSG00000125257",97.0329728826425,1.07324147813064,0.282771327933547,3.79543953757171,0.000147382111398357,0.00056098088426446,0.939836888988507,0.305385112407154,"ABCC4"
"ENSG00000165487",428.615826326927,-0.596332122227748,0.157126163007488,-3.79524396710004,0.000147498341890699,0.000561261031599116,-0.549484788673535,0.155200036910933,"MICU2"
"ENSG00000182156",166.271604652969,1.05503280630415,0.278047360814256,3.7944356069934,0.000147979678781825,0.000562929919341668,0.925315861342254,0.300714653199257,"ENPP7"
"ENSG00000232653",45.0819383299052,-1.1927699806618,0.314383630338218,-3.79399518791294,0.0001482425477065,0.000563767008406636,-1.04714284381046,0.313656250838413,"GOLGA8N"
"ENSG00000145332",265.123812986086,-0.615759348076242,0.162333849109124,-3.79316668369217,0.000148738241350379,0.000565419217212112,-0.566512843581178,0.160389780429477,"KLHL8"
"ENSG00000183665",115.226955835612,0.355345116645443,0.0936813483027843,3.79312555896339,0.000148762886861823,0.000565419217212112,0.340180467509478,0.0931095041554418,"TYW2"
"ENSG00000185359",395.12892608023,0.597304976241242,0.157480772541213,3.79287557841339,0.000148912779668874,0.000565825586470532,0.550913006564151,0.159928592901413,"HGS"
"ENSG00000181467",186.899043612835,-0.411973863312002,0.108641832730279,-3.7920371274921,0.00014941656879089,0.000567576037132388,-0.390496129361007,0.107150420431884,"RAP2B"
"ENSG00000107854",624.258530373625,-0.59022216908919,0.15566953869929,-3.79150715047299,0.000149735836431993,0.000568624754099689,-0.543318318512789,0.153663852153183,"TNKS2"
"ENSG00000102078",65.3478322317886,-0.529141138463037,0.139596680731389,-3.79049942800007,0.000150344678929128,0.000570772215334747,-0.492116804123095,0.138034411927965,"SLC25A14"
"ENSG00000012504",1852.89911674591,-0.280677611382171,0.0740870964984124,-3.78848172823436,0.000151570737860708,0.000575109861479127,-0.268377215039042,0.0731309630515818,"NR1H4"
"ENSG00000100591",857.685220129022,0.350303521953134,0.0924660996097361,3.78845353520512,0.000151587935896612,0.000575109861479127,0.33583014447076,0.0920285918622589,"AHSA1"
"ENSG00000126883",625.091195343326,0.340121536579493,0.0897796420976373,3.78840379213812,0.000151618284155708,0.000575109861479127,0.327281756301349,0.089308596053207,"NUP214"
"ENSG00000167962",267.562077528468,0.818707712312955,0.216147246514784,3.78773139845183,0.000152029073334631,0.000576501952627808,0.73315108897263,0.226115964256669,"ZNF598"
"ENSG00000164867",99.5986177475896,0.871600993699905,0.230143927507849,3.78719961520678,0.000152354700340669,0.000577570395820686,0.776554442347097,0.241490752394589,"NOS3"
"ENSG00000149646",40.6062115663268,-0.653506787895303,0.172580673139019,-3.78667423187581,0.000152677053140929,0.000578625815098869,-0.596826168376546,0.171383387255356,"CNBD2"
"ENSG00000006468",101.396319596167,-0.926973269964724,0.24482820945932,-3.78621921065329,0.000152956753452922,0.000579519026175877,-0.825743201163478,0.243802663143914,"ETV1"
"ENSG00000130702",452.327602044043,1.36370419958966,0.3602765504549,3.78515947781723,0.000153610039287356,0.00058182674834791,1.17227136353547,0.406625611415585,"LAMA5"
"ENSG00000126106",515.0716955317,0.405972002336438,0.107260001597086,3.78493377113159,0.000153749517901388,0.000582187561889465,0.385693981080743,0.107018780462789,"TMEM53"
"ENSG00000147576",1054.07521336341,-0.504286232324478,0.13331521768914,-3.78266068244629,0.000155160866397532,0.000587362842722804,-0.470551828352978,0.131433679604342,"ADHFE1"
"ENSG00000162928",611.444605412725,-0.482877825110075,0.127687934107718,-3.78170285614238,0.000155759219718563,0.000589458432542284,-0.45216986510888,0.125875209286106,"PEX13"
"ENSG00000087088",310.942086038742,0.566586812917712,0.149842181757162,3.78122372668023,0.000156059345776097,0.00059021447739175,0.52479026223286,0.151622938092774,"BAX"
"ENSG00000088766",2106.05367610464,-0.605185166155258,0.160052386166967,-3.78116928243686,0.000156093483994993,0.00059021447739175,-0.556154725649489,0.157995943528612,"CRLS1"
"ENSG00000186073",60.6757187571619,-0.449888348057479,0.118980619128264,-3.78119017495183,0.00015608038291308,0.00059021447739175,-0.423630821072519,0.117699015826835,"CDIN1"
"ENSG00000167671",1227.77671387001,0.658623104364838,0.174208211601868,3.78066624017726,0.000156409239655841,0.000591238601581626,0.602536269620386,0.178455419456105,"UBXN6"
"ENSG00000156136",76.8617765724655,-0.931811602597252,0.24654368545276,-3.77949895932661,0.000157144250103794,0.000593846497378458,-0.829417888889628,0.245501720828404,"DCK"
"ENSG00000165458",605.557256906998,0.563177893385799,0.149058282459616,3.77823951874917,0.000157940936687443,0.0005966859031354,0.521351899947986,0.150873517217611,"INPPL1"
"ENSG00000074966",24.6230708801127,-0.670150916374386,0.177400791896772,-3.77760949773179,0.000158340895083015,0.000598025308279682,-0.611401398008308,0.176531916800833,"TXK"
"ENSG00000088682",917.494351700782,0.309943333133177,0.0820522073228273,3.77739177586938,0.00015847933366968,0.000598376514796389,0.29887918466553,0.081552685310596,"COQ9"
"ENSG00000105974",258.803802861402,-0.66393974792069,0.175772377242561,-3.77727011681972,0.000158556740254547,0.000598497145123673,-0.608042221373334,0.173921734258463,"CAV1"
"ENSG00000166340",2707.92485797648,0.43075552883337,0.11410683735739,3.77501943625179,0.000159995188152063,0.000603753696534843,0.408406270852568,0.114035134660865,"TPP1"
"ENSG00000169564",2764.68617991605,-0.359238304317839,0.0952062245316422,-3.77326488982288,0.000161125056896007,0.000607843122949236,-0.343581962936378,0.0939185987838038,"PCBP1"
"ENSG00000143333",32.8030156551627,-1.47857433750549,0.391911390696151,-3.77272611260189,0.00016147351525152,0.000608983185849759,-1.28330415503354,0.390104402239694,"RGS16"
"ENSG00000125651",373.657433370525,0.43352929157196,0.114914132178853,3.7726368667799,0.000161531304094356,0.000609026675173624,0.409445815426173,0.114897254792014,"GTF2F1"
"ENSG00000078269",194.603307005529,-0.499303769943103,0.132365346755891,-3.77216380405002,0.000161837948842505,0.000610008140412373,-0.463513709994957,0.130484044971671,"SYNJ2"
"ENSG00000087152",488.985950833195,0.410339717328622,0.108802183294801,3.77142907341116,0.000162315295986092,0.000611632280181134,0.38907907360485,0.108566822815054,"ATXN7L3"
"ENSG00000160868",56279.0798330563,-0.840847808281729,0.222967475845615,-3.77116799251896,0.00016248523641248,0.000612097459973307,-0.612463494124129,0.209093529831431,"CYP3A4"
"ENSG00000157107",332.893472584088,-0.765286688662455,0.202953251288675,-3.77075352970785,0.000162755358691226,0.00061293966033429,-0.693227253045088,0.20100874786716,"FCHO2"
"ENSG00000133818",335.03225003511,-0.539099255854669,0.142978149530398,-3.77050100050464,0.000162920149340094,0.00061338481161329,-0.498089646863217,0.141200769770638,"RRAS2"
"ENSG00000073169",1062.05142759161,0.878743791005043,0.233075421330912,3.77021217418474,0.000163108818520404,0.00061391958394501,0.78646709966529,0.246110341380478,"SELENOO"
"ENSG00000168724",532.825370355572,-0.329183994969765,0.0873292572850252,-3.76945831447272,0.000163602229100382,0.000615600728303981,-0.317341053319817,0.0862401758146703,"DNAJC21"
"ENSG00000174004",40.8170229075576,0.854894935321302,0.226889703941707,3.7678877466425,0.000164634699427895,0.00061930870076219,0.762139716722309,0.236152625028389,"NRROS"
"ENSG00000109436",432.061672416029,-0.442017984312354,0.117319176477512,-3.7676533162256,0.000164789335646545,0.000619713337081521,-0.416510603090377,0.115647826679789,"TBC1D9"
"ENSG00000011451",275.466032915727,0.624654082719606,0.165867569629882,3.7659808009092,0.000165896540575913,0.000623698987213725,0.573256174031577,0.169000358729045,"WIZ"
"ENSG00000025039",160.258379512753,-0.627443780914689,0.166650449809319,-3.76502902711998,0.000166529735419926,0.000625722173669735,-0.575019486718059,0.164785984058602,"RRAGD"
"ENSG00000112237",1034.10358542329,-0.574736230309819,0.152650728412986,-3.76504086344685,0.000166521847020861,0.000625722173669735,-0.527127444280471,0.150433455230952,"CCNC"
"ENSG00000072694",396.389483352213,-0.59827305376764,0.158962223004737,-3.76361781094249,0.000167472773596983,0.000628911323432615,-0.550307679570596,0.156976264299138,"FCGR2B"
"ENSG00000163714",863.932217289938,-0.547791267867664,0.145549194593923,-3.76361593340302,0.0001674740315931,0.000628911323432615,-0.506734729947079,0.143525203673572,"U2SURP"
"ENSG00000057663",537.662483747933,-0.459921841725648,0.122206624783752,-3.76347716451126,0.000167567034665019,0.000629081145822538,-0.430754443505155,0.120428759251173,"ATG5"
"ENSG00000048471",164.017956442455,0.482780029860716,0.128320547653538,3.76229714327755,0.00016835985175187,0.000631877368348095,0.454972499014153,0.12855641237493,"SNX29"
"ENSG00000101844",395.231362063405,0.342581239648575,0.0910878525760841,3.76099809096303,0.000169236721745971,0.000634987369195628,0.328522969685542,0.0905539940584226,"ATG4A"
"ENSG00000110871",791.222146367487,-0.303058099353401,0.080581359387141,-3.76089584065472,0.000169305923534115,0.000635066036823407,-0.292358016024288,0.0795800638600629,"COQ5"
"ENSG00000166592",16.5331167069911,1.68757235900011,0.448739540797025,3.76069458020736,0.00016944221196678,0.000635396229779158,1.42779478724514,0.507762176650428,"RRAD"
"ENSG00000143036",139.742181949527,0.900776870462817,0.239579763053716,3.7598203578691,0.000170035411582788,0.000637439131235475,0.798462625919325,0.253302603167045,"SLC44A3"
"ENSG00000140612",1372.67923415693,-0.285319039489018,0.075891896722651,-3.75954550894576,0.000170222312321112,0.000637958145180688,-0.262858394910289,0.0746760370131036,"SEC11A"
"ENSG00000205268",101.922270272777,-0.606808020231778,0.161418986961478,-3.75921093084664,0.000170450090446291,0.000638630020152495,-0.557446931452241,0.159580573377923,"PDE7A"
"ENSG00000123454",266.022421908502,1.24720604714382,0.33179035919544,3.75901834570533,0.000170581330860374,0.000638939915251118,1.07496923874563,0.369528314350637,"DBH"
"ENSG00000175073",307.947198270434,-0.618690109285035,0.164620980052045,-3.7582701128947,0.000171092129359078,0.000640670925808196,-0.567063307592739,0.162615900297147,"VCPIP1"
"ENSG00000076924",367.266586997064,0.662410089272661,0.176274925727182,3.75782367537549,0.000171397585212442,0.000641632245353146,0.604681951680801,0.180594401591149,"XAB2"
"ENSG00000121989",223.537097920858,-0.476994922603065,0.126959651187994,-3.75705917698814,0.000171921852227975,0.000643411912004978,-0.444625581152109,0.125089986151721,"ACVR2A"
"ENSG00000188611",81.9190708665197,0.918801878061863,0.24456798805164,3.75683622939181,0.000172075025944747,0.000643802157314164,0.815687151132054,0.257828696992956,"ASAH2"
"ENSG00000144909",410.786773954089,-0.779710153016292,0.207653063238053,-3.75486949654306,0.000173431819706295,0.000648694130185534,-0.701724440635551,0.205874123523789,"OSBPL11"
"ENSG00000181222",651.399228878009,0.945006743872121,0.251714814061047,3.75427543824629,0.000173843618295934,0.000650049724079597,0.83536171061157,0.268600316364884,"POLR2A"
"ENSG00000066185",102.990456838719,-0.510538089732951,0.136024274518446,-3.75328662137962,0.000174531101634231,0.000652435117579867,-0.471242622336774,0.134358878888977,"ZMYND12"
"ENSG00000168496",159.279798843052,0.537114141815071,0.143224527354525,3.75015475167565,0.000176725472515532,0.000660450630468206,0.49836419409737,0.144219958298817,"FEN1"
"ENSG00000104343",249.44596691992,-0.803348122530954,0.214294243128258,-3.74880869781527,0.000177676545528592,0.000663816514877821,-0.723036563191249,0.212550880025632,"UBE2W"
"ENSG00000228716",693.200165623634,0.465127092585289,0.124080549144601,3.74858989416011,0.000177831598300425,0.000664207325737134,0.432387120588151,0.124549512896076,"DHFR"
"ENSG00000159256",452.39622054344,-0.641883630677916,0.171278851464768,-3.74759420201946,0.00017853879269066,0.000666659598572103,-0.586424469093513,0.169258650642166,"MORC3"
"ENSG00000111906",200.204136215029,-0.498775243563641,0.133135674913796,-3.74636808568846,0.000179413280098922,0.000669734971869127,-0.463360552920541,0.131238981126945,"HDDC2"
"ENSG00000105738",116.081868566892,0.749551764481605,0.200167366414957,3.74462519993267,0.000180663269715474,0.000674209923206895,0.67462485169108,0.207135471646849,"SIPA1L3"
"ENSG00000219545",191.778210126305,-0.628039097322091,0.167778883516738,-3.74325471810305,0.00018165191874458,0.000677707328475811,-0.575597952886702,0.165837273157125,"UMAD1"
"ENSG00000146872",231.395847159847,-0.196909825813778,0.0526257637683784,-3.74170010492269,0.000182779554742702,0.000681721138170654,-0.193463618302544,0.0522442427724974,"TLK2"
"ENSG00000119720",330.718784864883,0.408363915448115,0.109143044719395,3.74154776878371,0.00018289040481811,0.000681941396158379,0.387095120042514,0.108713148211768,"NRDE2"
"ENSG00000033800",380.313280895496,-0.427475644994135,0.114266476660894,-3.74104162030607,0.000183259166700178,0.000682988354680528,-0.402121984809302,0.112590875672546,"PIAS1"
"ENSG00000119403",67.7415372463146,0.598190207645152,0.159900296951415,3.74101999214491,0.000183274939775657,0.000682988354680528,0.549488013347816,0.161585235060491,"PHF19"
"ENSG00000006327",89.4290661122147,1.35216759661449,0.361505784899464,3.74037609658316,0.000183745107627718,0.00068445320995781,1.15696404375471,0.406856225689304,"TNFRSF12A"
"ENSG00000255423",12.7019058481271,-0.935910726116093,0.250220807806603,-3.74033931997958,0.000183771995837829,0.00068445320995781,-0.829973586656842,0.251758116395084,"EBLN2"
"ENSG00000163702",1275.03303212908,0.588700558876393,0.15740785269207,3.73996944121996,0.000184042628356305,0.000685267320401333,0.542664590280824,0.159880852531909,"IL17RC"
"ENSG00000170959",96.2262641435899,-0.977927432173249,0.261489821225028,-3.73982982431918,0.00018414488047895,0.000685454197451471,-0.865345143366702,0.260293622400102,"DCDC1"
"ENSG00000160867",1316.078702949,0.71097902063845,0.19033670425595,3.73537528359417,0.000187435455037516,0.000697505709729772,0.642997297702081,0.196554987422322,"FGFR4"
"ENSG00000112308",2028.640278642,-0.49204425242113,0.13172896518631,-3.73527759612481,0.000187508232434049,0.000697579369377419,-0.457774041781928,0.129724644680187,"C6orf62"
"ENSG00000146918",113.276700685623,0.555486960338422,0.148728877753606,3.73489646885307,0.000187792427200509,0.000698439292802797,0.51325731059532,0.150087651188603,"NCAPG2"
"ENSG00000167264",128.897574045887,0.355228626612395,0.0951153628610468,3.73471346717507,0.000187929029692787,0.000698749959032826,0.340736346352601,0.0943584617447137,"DUS2"
"ENSG00000104312",95.0672307803361,-0.434500278769846,0.116386383789751,-3.73325697235132,0.000189019571892131,0.000702606347693902,-0.409464820352863,0.114807024622823,"RIPK2"
"ENSG00000125538",21.7637252831592,-1.09341856053012,0.292945354132927,-3.73250008953536,0.000189588629465577,0.000704522691375611,-0.9597111537387,0.293480306787012,"IL1B"
"ENSG00000176402",31.0031097675345,-0.675977437348064,0.181111188991808,-3.73238915337605,0.000189672171290298,0.000704634257112886,-0.614058583301805,0.180226884686181,"GJC3"
"ENSG00000073792",33.1086430969439,-0.726273943336662,0.194613279372415,-3.73188276606168,0.000190053952033624,0.00070585340831444,-0.656660394661091,0.193630915970637,"IGF2BP2"
"ENSG00000141179",1564.85744086897,-0.418511694544266,0.112152866657869,-3.73161834392488,0.000190253594817861,0.000706395608959943,-0.395398227848651,0.110481342276911,"PCTP"
"ENSG00000087263",357.144443671916,0.279208240999914,0.0748353846770589,3.73096553461702,0.000190747320196868,0.000708029100003372,0.270634316829474,0.0742409921632328,"OGFOD1"
"ENSG00000156973",155.532058608936,-0.291363421431357,0.0781028072219113,-3.73051151162229,0.000191091411459074,0.000708906599963416,-0.282432105752268,0.077278666533357,"PDE6D"
"ENSG00000162999",35.9255375755352,-0.750004422549014,0.20104495793499,-3.73053087355483,0.000191076725694317,0.000708906599963416,-0.676337164118817,0.200114630569011,"DUSP19"
"ENSG00000240230",157.484177740772,0.352042679393501,0.0943785825172905,3.73011195976594,0.000191394703068318,0.00070983173537957,0.336888284454286,0.0935962124779266,"COX19"
"ENSG00000164168",542.235403432595,0.643865915552326,0.17265302892824,3.72924772620084,0.00019205227326725,0.000711967198670366,0.587560547594441,0.176588271785312,"TMEM184C"
"ENSG00000215845",355.691700606118,-0.484381041422547,0.129888270238056,-3.72921311935854,0.000192078648767822,0.000711967198670366,-0.446681486813341,0.127794001489926,"TSTD1"
"ENSG00000100226",318.827258218747,0.354238916864808,0.0949995879680754,3.7288468765133,0.000192357988371945,0.000712801934957791,0.338687536031448,0.0944183105163667,"GTPBP1"
"ENSG00000173442",207.522903942016,0.756485925321935,0.202907488442498,3.72823068842191,0.000192828827115183,0.000714345621215109,0.679672683752438,0.210496238636385,"EHBP1L1"
"ENSG00000100242",2592.67222636588,0.46248207742481,0.1240885007567,3.72703412971035,0.000193746231152176,0.000717542300801562,0.43468754803879,0.124407265593808,"SUN2"
"ENSG00000105726",348.696045904965,0.711037769516523,0.190805046197764,3.72651449050018,0.000194145915632352,0.000718820338924507,0.643159915095026,0.196786395872945,"ATP13A1"
"ENSG00000185088",1668.12218189285,-0.539186784258266,0.144774376237938,-3.72432469245875,0.000195838743210997,0.00072488414200618,-0.49890284632412,0.142685460624546,"RPS27L"
"ENSG00000112182",57.4328875465966,-1.13585729498823,0.305009550629411,-3.72400566685306,0.000196086520968779,0.000725327993621584,-0.993271695869468,0.304119078372152,"BACH2"
"ENSG00000143248",573.545742296056,-1.02264380734452,0.274606047239791,-3.7240396474282,0.000196060115250363,0.000725327993621584,-0.900764240439523,0.273144147035298,"RGS5"
"ENSG00000213171",55.0805206268219,1.51035884542843,0.4055789657886,3.72395753436501,0.000196123929613614,0.000725327993621584,1.27630732020911,0.465233159733571,"LINGO4"
"ENSG00000161653",774.450525348354,0.709195858605045,0.190475456928465,3.72329259654377,0.000196641407029663,0.000727037563873223,0.641607029894726,0.196605788937396,"NAGS"
"ENSG00000198690",647.768238905403,0.275309133016168,0.073957670589996,3.72252304351793,0.000197241901111347,0.00072905302359124,0.266391194179149,0.0734442250080114,"FAN1"
"ENSG00000115694",723.922518050295,0.455687925102198,0.122529207877033,3.71901469859751,0.000200001414653044,0.000739045362144816,0.434546040320588,0.122570906422185,"STK25"
"ENSG00000133816",577.685342104363,0.570586760258516,0.153463547132104,3.71806054872007,0.00020075815799299,0.00074163353202461,0.525690715216377,0.15554503443488,"MICAL2"
"ENSG00000136842",249.020356364404,-0.623154688845302,0.167609248262499,-3.71790157944838,0.000200884498824515,0.000741892092993987,-0.570645881078513,0.165561041071037,"TMOD1"
"ENSG00000155868",114.12148794219,-0.437144053945456,0.117615042855318,-3.71673591517711,0.000201813195065286,0.000745112878920236,-0.411133671011244,0.116001797929773,"MED7"
"ENSG00000177595",120.084189227929,1.23318658336806,0.331820154995499,3.71643061701536,0.000202057094812253,0.000745804236136282,1.06116435603675,0.368770595727234,"PIDD1"
"ENSG00000243660",35.9831587509379,-0.494688096681792,0.133123337298861,-3.71601333559735,0.000202390904818718,0.000746826976693732,-0.461165559601459,0.132092977780519,"ZNF487"
"ENSG00000117262",104.676518272186,-0.429725363420576,0.115653901450943,-3.71561493412181,0.000202710094934018,0.000747795211516188,-0.397635295116402,0.113798904196977,"GPHRB"
"ENSG00000149781",137.303587610421,0.685747064317905,0.184602989292212,3.71471267581925,0.000203434712599112,0.000750258102543391,0.621261061652908,0.189320749346175,"FERMT3"
"ENSG00000122547",194.735816369938,0.937181835247524,0.252397615537114,3.71311683453568,0.000204722318917051,0.00075479530967849,0.824564590892678,0.269258407516971,"EEPD1"
"ENSG00000133477",68.3378884990257,1.59924437814527,0.430722504283679,3.71293434227432,0.000204870049791514,0.000755128520592127,1.34510013436707,0.50202638712561,"SACK1F"
"ENSG00000120053",4257.42782930838,-0.481898033185476,0.129852513042416,-3.71111826713793,0.000206345663081271,0.000760354604010079,-0.443685130300353,0.127494298824204,"GOT1"
"ENSG00000057593",3312.52719923424,0.356659762057615,0.0961143712839149,3.71078494603131,0.000206617578044375,0.000761143545756084,0.334470797940151,0.0957512260267602,"F7"
"ENSG00000162391",716.566612121561,1.55206380051771,0.418294514186928,3.71045698157092,0.000206885451654455,0.000761917162652462,1.3078476824918,0.489137061143242,"FAM151A"
"ENSG00000167397",513.19665232692,-0.853534701155559,0.230145122303846,-3.70868038658101,0.000208342210936721,0.00076706754731344,-0.764537202883794,0.228369932612532,"VKORC1"
"ENSG00000162889",809.300813494721,0.391573288662933,0.105589263194592,3.70845743985632,0.000208525700006569,0.000767528478134329,0.374515549297947,0.105196238428552,"MAPKAPK2"
"ENSG00000183826",163.08353467419,0.465889050589189,0.125660890098585,3.70751034966952,0.000209306865044569,0.000770188425147232,0.437899873556937,0.125725465602757,"BTBD9"
"ENSG00000106823",736.297354971809,-0.54665897786744,0.147547012709908,-3.70498167212795,0.000211406018250599,0.000777695344031122,-0.505183349703823,0.145449218188428,"ECM2"
"ENSG00000171840",88.3207607902016,0.827862777862886,0.223469905595813,3.70458284150453,0.000211738902573025,0.000778702343931969,0.736662250338282,0.233947353412387,"NINJ2"
"ENSG00000141577",29.5848503313657,1.11922504938822,0.302146806456223,3.7042425253976,0.000212023336855843,0.000779530648713775,0.971579742401415,0.326111849672666,"CEP131"
"ENSG00000144744",468.717719349024,-0.540697349092142,0.145971006058211,-3.70414210118222,0.000212107339388743,0.000779621784029087,-0.500243369354104,0.143906015139499,"UBA3"
"ENSG00000072401",87.3921280206157,-1.02003138703236,0.275416412949876,-3.7035969501861,0.000212563891188703,0.000781081828465102,-0.895661239065325,0.274109955983614,"UBE2D1"
"ENSG00000011422",30.6839120808826,-0.975162323007093,0.263347414678524,-3.70295005249056,0.000213106850832254,0.000782858481600852,-0.860820198462617,0.262811626324717,"PLAUR"
"ENSG00000137819",38.4354321220755,1.21847364416522,0.329061920723167,3.70287039438482,0.000213173800135591,0.000782885983984711,1.04958253612707,0.361397780278402,"PAQR5"
"ENSG00000162413",458.665262441919,0.416167955528597,0.112439711359816,3.70125421433024,0.000214536404756022,0.00078767046988784,0.393247236853868,0.112188923653645,"KLHL21"
"ENSG00000005882",1050.58108884283,0.446596333136383,0.120663828364511,3.70116164213909,0.000214614699670515,0.000787738259231114,0.4202085062336,0.120762069302871,"PDK2"
"ENSG00000106688",934.545497998404,-0.616819267966185,0.166687462844153,-3.70045387602359,0.000215214195399579,0.000789718533063228,-0.565469040878247,0.164506073906823,"SLC1A1"
"ENSG00000213512",1204.82065280732,-0.431028333842683,0.116486961714689,-3.70022814139832,0.000215405728807583,0.000790201121616227,-0.407935240197704,0.114716629896324,"GBP7"
"ENSG00000117697",295.626259198434,-0.398996461733371,0.107835504277582,-3.70004725629421,0.000215559323381529,0.000790544304078333,-0.377016792960672,0.106245138625367,"NSL1"
"ENSG00000008710",413.314329035387,0.87465140449034,0.236421890991307,3.69953645503369,0.00021599361436079,0.000791916437391859,0.775988229192053,0.249968683293998,"PKD1"
"ENSG00000146426",24.2368307346388,-0.666207588169505,0.180103138308029,-3.69903375603647,0.000216421818691469,0.000793265496907538,-0.604345823022418,0.179201311105267,"TIAM2"
"ENSG00000186496",33.6222911631381,-0.522866456160091,0.141377624862277,-3.69836780515616,0.000216990310180979,0.000795127866363142,-0.483716607053913,0.140103473758743,"ZNF396"
"ENSG00000130940",43.13318614955,0.74737931698965,0.202105527013777,3.69796575102423,0.000217334203671385,0.000796166423354886,0.671646361436554,0.207187769553012,"CASZ1"
"ENSG00000142669",558.964794000396,-0.609628037078077,0.164862571592933,-3.69779526782664,0.000217480179427616,0.000796479566715992,-0.557917026402347,0.162445626177555,"SH3BGRL3"
"ENSG00000109536",285.039632863797,-0.310807856371444,0.0840746739677112,-3.69680715610993,0.000218328061941052,0.000799362420332563,-0.298237876556334,0.0830069322113298,"FRG1"
"ENSG00000163785",433.866947776487,-0.351223939586784,0.0950192861187922,-3.69634369961154,0.000218726814718208,0.000800599733828168,-0.333764799137979,0.0936229609501403,"RYK"
"ENSG00000163257",128.782310591124,-0.424345424619059,0.114861768043243,-3.69440094687818,0.000220405789763203,0.000806521019461458,-0.400063084815994,0.113227563827331,"DCAF16"
"ENSG00000171943",52.5211370111223,-0.643931197622209,0.174342646838342,-3.69348067899468,0.000221205324367047,0.000809221811785647,-0.586871118143114,0.172762094874548,"SRGAP2C"
"ENSG00000165915",221.369039653009,0.544211192312542,0.147406709689392,3.6919024477195,0.000222582844008353,0.000814034923392772,0.516396334862077,0.148382435873394,"SLC39A13"
"ENSG00000130517",1187.09721529249,0.446723001399441,0.121013648722854,3.69150923151261,0.000222927303883146,0.00081506828184546,0.406877145474798,0.12106497471627,"PGPEP1"
"ENSG00000198960",68.6236252226831,0.575543498826859,0.155913560969235,3.69142680886126,0.000222999570056319,0.000815106146407968,0.528260562367771,0.157117360140474,"ARMCX6"
"ENSG00000051523",209.351594518271,0.951830309427912,0.25790203066833,3.69066620747936,0.000223667485430558,0.000817320597607195,0.836064803785285,0.275700620342059,"CYBA"
"ENSG00000204604",102.034708343821,0.814125204404361,0.220613257845114,3.6902823173752,0.000224005307787976,0.000818327936275385,0.72512248795609,0.230446780187343,"ZNF468"
"ENSG00000088256",456.21410765474,0.535179682727336,0.145031781886193,3.69008555067808,0.000224178647610793,0.000818734001232648,0.49777123075579,0.146302796543473,"GNA11"
"ENSG00000022267",449.569349448113,-0.644486877438827,0.174671953454377,-3.68969868770124,0.000224519818210545,0.000819752614132011,-0.586636620466002,0.172505307314595,"FHL1"
"ENSG00000204304",449.618655916862,0.263239351349255,0.0713594468690365,3.6889208492937,0.000225207261790396,0.000822034601811023,0.263574905503256,0.0707301764359937,"PBX2"
"ENSG00000107130",48.6262380694073,0.633737587074151,0.171808081662282,3.688636651679,0.000225458924429363,0.000822507086840843,0.577479408528514,0.174092659787377,"NCS1"
"ENSG00000127337",119.001448821965,-0.751583002549329,0.203756482464312,-3.68863357601871,0.000225461649431004,0.000822507086840843,-0.676094268442544,0.201954788726908,"YEATS4"
"ENSG00000167881",855.525197462135,0.29661803668211,0.080423797200753,3.68818741474859,0.000225857271157469,0.000823722114143832,0.287281825884036,0.0798874938794907,"SRP68"
"ENSG00000114491",434.42198421128,0.2959362343025,0.080249955007111,3.68768099965012,0.000226307110898531,0.000825134151783456,0.285879197544744,0.0796643986200054,"UMPS"
"ENSG00000112357",140.098926303269,-0.441251394935829,0.119735302121633,-3.68522388232324,0.000228501689699969,0.00083290510702929,-0.414484229399706,0.118032764872615,"PEX7"
"ENSG00000135390",2401.06325283574,-0.414618983708182,0.112553442415606,-3.68375213418345,0.000229825732819745,0.000837499473652025,-0.390709269337293,0.110816566532038,"ATP5MC2"
"ENSG00000164188",180.56375973638,-0.931989888709083,0.253050760231836,-3.68301556515865,0.000230491079926791,0.00083969163207419,-0.823249330396353,0.251480369265791,"RANBP3L"
"ENSG00000144674",1487.22715498616,0.370776272821964,0.100677068936561,3.68282744758489,0.000230661297199113,0.000840079291541775,0.353089621036194,0.100229608074611,"GOLGA4"
"ENSG00000168067",114.106589673317,0.519539937405937,0.14108636908965,3.6824247498765,0.000231026072918366,0.000841175131649118,0.482184473453248,0.141697093829702,"MAP4K2"
"ENSG00000175893",143.044553410469,-0.726372740955457,0.197283920947241,-3.68186488522655,0.000231534114815898,0.000842791859459806,-0.655115395799772,0.19532475715859,"ZDHHC21"
"ENSG00000173581",160.236621560105,0.761357202137508,0.206794593152473,3.68170748824244,0.000231677131365073,0.000843079356426907,0.681401668286879,0.214868803062043,"CCDC106"
"ENSG00000132465",633.64854770871,-1.24817469333187,0.339077771029122,-3.68108675936964,0.000232241956464749,0.000844901243109942,-1.08265765342348,0.337297653303806,"JCHAIN"
"ENSG00000113068",280.002938405157,-0.26898489672441,0.0730848751345169,-3.68044545782322,0.000232826858484611,0.000846795143317234,-0.260851754535577,0.0722812012857328,"PFDN1"
"ENSG00000239857",103.734255670431,1.25049441516262,0.339815066745581,3.67992634093198,0.000233301333528436,0.000848286483633083,1.07003822176706,0.379408825309178,"GET4"
"ENSG00000078237",62.5952744104666,0.942377406227847,0.25612854964621,3.67931418629259,0.000233862011328593,0.00085009034819223,0.828224468910111,0.271555256455828,"TIGAR"
"ENSG00000131759",380.336245906682,0.679710812585739,0.184749391560142,3.67909635233884,0.000234061832202904,0.000850581861105005,0.61560834644756,0.189907226830229,"RARA"
"ENSG00000083535",143.245363576355,-0.512416438372499,0.139287801901383,-3.67883211148163,0.000234304437559952,0.000851228538883643,-0.4737577934305,0.137362270107182,"PIBF1"
"ENSG00000006712",584.871510787711,0.426384371899702,0.115904398517625,3.6787591959667,0.000234371424430583,0.000851237013531876,0.403982942906313,0.115756895939972,"PAF1"
"ENSG00000141349",154.95751010421,0.341538064132885,0.0928504184716892,3.67836860355156,0.000234730564480449,0.000852306291216102,0.322733845315041,0.0922583909780957,"G6PC3"
"ENSG00000073417",1039.06191816592,-0.266456450361276,0.0724604013666413,-3.67726986513692,0.000235743598717126,0.000855748613374603,-0.258281385164651,0.0716175703529132,"PDE8A"
"ENSG00000089902",278.441199336069,-0.259824087436438,0.0706613875106983,-3.67703064700081,0.000235964700420604,0.000856315117347758,-0.252052553708229,0.0698670450983856,"RCOR1"
"ENSG00000163719",482.671260314284,0.277656744149577,0.0755381200187652,3.67571689738376,0.000237182429996641,0.000860497071737605,0.27268736618376,0.0749297828965723,"MTMR14"
"ENSG00000121940",559.798630742917,0.266777391327595,0.0726757566824058,3.67078931827868,0.000241802593902772,0.000877017341962504,0.259154834732762,0.0721443865477295,"CLCC1"
"ENSG00000158825",374.934833441177,-0.540492413210117,0.147259715672908,-3.67033448856206,0.000242233277966343,0.000878337465630646,-0.498813639384908,0.145127881961302,"CDA"
"ENSG00000116691",130.345189220557,0.879679867904049,0.239716686698361,3.66966471971542,0.000242868800952426,0.000880399403452542,0.776731674584926,0.253407224947933,"MIIP"
"ENSG00000108387",1256.64459597462,0.634315869659745,0.172870356350604,3.6693154514778,0.000243200830997386,0.000881360347071728,0.578283766591281,0.176744548188057,"SEPTIN4"
"ENSG00000064655",35.9727221313553,1.68332434013157,0.458822892109226,3.66878891415654,0.000243702185943153,0.000882934226782487,1.39808234079805,0.541131535884015,"EYA2"
"ENSG00000179091",1454.09143612983,0.392760175297538,0.107064195331405,3.66845493100464,0.000244020698254085,0.000883844983002279,0.372270807951015,0.106767762476864,"CYC1"
"ENSG00000167186",219.722898512396,-0.26249535913943,0.0715582776554081,-3.668273856499,0.000244193548201244,0.000884227793074141,-0.254682217564889,0.0707468586289481,"COQ7"
"ENSG00000197498",355.923438696363,-0.312808628521132,0.085279124607852,-3.66805627941835,0.000244401394664461,0.000884737080602775,-0.298326951762109,0.0841142741659572,"RPF2"
"ENSG00000131873",135.524483750909,-0.507883692526459,0.138464195823765,-3.66797849440362,0.000244475741191002,0.000884762949016146,-0.471614110942433,0.136495114148568,"CHSY1"
"ENSG00000136731",944.425726878617,0.455412832461033,0.124169615731232,3.66766724515589,0.000244773444000526,0.000885596912259115,0.448164084369942,0.123831815772493,"UGGT1"
"ENSG00000170946",175.681848623979,-0.484586800041293,0.13213158938909,-3.66745607376538,0.000244975618213769,0.000886084887198483,-0.448168316628272,0.130052277772549,"DNAJC24"
"ENSG00000113240",568.036605824246,-0.60705451262539,0.165528798853532,-3.66736493486273,0.000245062922431316,0.000886157219645897,-0.553092559275489,0.163178820386581,"CLK4"
"ENSG00000182405",48.882229475567,-0.496530863068102,0.135431193548257,-3.66629614684137,0.000246088921385272,0.000889622937660213,-0.46207638429692,0.13370047367516,"PGBD4"
"ENSG00000086712",248.821703501405,-0.472802525118573,0.128986282589975,-3.66552563284212,0.000246831085747854,0.000892060959362132,-0.441569389430788,0.127049500241984,"TXLNG"
"ENSG00000106025",577.259036453366,-0.617670263948719,0.16854320056788,-3.66475931314687,0.000247571292096089,0.000894490568533784,-0.563979523549757,0.166321288857665,"TSPAN12"
"ENSG00000164022",515.686273878952,-0.304300172935483,0.0830422884726514,-3.66440013314059,0.000247918948759227,0.000895500927123177,-0.292912121448669,0.0819438498064378,"AIMP1"
"ENSG00000163697",646.875116883833,-0.399269941246129,0.109020737324968,-3.66233022306563,0.00024993139112915,0.000902274937100737,-0.378136160396397,0.107404859706875,"APBB2"
"ENSG00000171222",194.94876066605,1.20142922414828,0.328048860768815,3.6623484115525,0.0002499136410834,0.000902274937100737,1.02849004310163,0.365210145452468,"SCAND1"
"ENSG00000198855",105.057023740957,0.937621410829619,0.256029732416856,3.66215830473558,0.000250099223712711,0.00090263332768683,0.821749643009814,0.272650551247067,"FICD"
"ENSG00000089723",27.952859536913,0.67029285287273,0.183048292431895,3.66183614153145,0.000250414015180054,0.000903274225715231,0.606166030496475,0.186001009976932,"OTUB2"
"ENSG00000124784",136.61551849098,-0.28912237205537,0.0789541629966265,-3.66190155252135,0.000250350070873926,0.000903274225715231,-0.279230144275857,0.0780222546030657,"RIOK1"
"ENSG00000167987",97.0430305231583,0.512645681343284,0.140038041245744,3.66076015333343,0.000251468077900968,0.000906827913898698,0.475764229400538,0.140472791119664,"VPS37C"
"ENSG00000146477",994.73264734637,-0.466152981421832,0.12736669434715,-3.65992839659706,0.000252285735930173,0.000909527382052755,-0.435763650306554,0.12538638212045,"SLC22A3"
"ENSG00000063244",863.209712954352,0.325269310236861,0.0888806108569916,3.65962055279095,0.000252588993316206,0.000910371389543162,0.31243213773275,0.0883294100051597,"U2AF2"
"ENSG00000137364",1597.4449467778,-0.420029944414651,0.114778180529813,-3.65949296700648,0.000252714778436042,0.000910575471507642,-0.394843122505637,0.113005418755116,"TPMT"
"ENSG00000196843",328.972902891112,0.630316978868247,0.172276090858417,3.65876063084264,0.000253437915938051,0.000912931217849625,0.573921274292898,0.175912075764559,"ARID5A"
"ENSG00000114738",430.445161336761,0.35345647206395,0.096627850126489,3.65791510005929,0.000254275239779036,0.000915696883733803,0.337656166351157,0.0960900239683243,"MAPKAPK3"
"ENSG00000178980",959.328897430743,-0.58473159548902,0.159858158413923,-3.65781516120663,0.000254374379859091,0.000915803414062015,-0.536126959748144,0.157607636380816,"SELENOW"
"ENSG00000106028",806.278285952961,-0.280621597314979,0.0767247689060741,-3.65750984090306,0.000254677484437674,0.000916644002216078,-0.275545451502938,0.0758744217508806,"SSBP1"
"ENSG00000183020",978.670863736741,0.446015812916652,0.121958220549298,3.6571197161438,0.000255065270923442,0.000917788837654561,0.415475759105093,0.122180047234506,"AP2A2"
"ENSG00000138378",197.639691438365,-0.857098548238013,0.23437482337757,-3.65695656165788,0.000255227611667338,0.000917871274299966,-0.762375707447877,0.232596760167875,"STAT4"
"ENSG00000182108",614.303658407573,0.47177673369204,0.129007452407516,3.65697271659754,0.000255211532980368,0.000917871274299966,0.439181348577969,0.129467513399681,"DEXI"
"ENSG00000129559",364.495427227495,-0.497034351469611,0.135918596281966,-3.65685318319874,0.000255330524662466,0.000917990630176413,-0.450670055209393,0.133224523394695,"NEDD8"
"ENSG00000116984",376.20888028359,-0.371752980941998,0.101700015808423,-3.65538764165274,0.000256793660005189,0.000922998997441527,-0.354565786197479,0.100205724055387,"MTR"
"ENSG00000090989",286.749752846661,-0.422207162962269,0.115512366776438,-3.65508191672159,0.000257099872445012,0.00092384741283052,-0.397935219994529,0.113752470751114,"EXOC1"
"ENSG00000176102",326.515939705152,-0.366654388582067,0.100324136054897,-3.65469769290048,0.000257485194507273,0.000924979555493248,-0.347303015694146,0.0987922264420497,"CSTF3"
"ENSG00000070404",107.980776407632,1.02409050218989,0.280257947804601,3.65409976848864,0.000258085905182667,0.000926685005535379,0.89040825464333,0.302605272459148,"FSTL3"
"ENSG00000197555",550.790938940434,0.379020768743809,0.103725218057196,3.65408505128241,0.000258100707526829,0.000926685005535379,0.358520020475931,0.103257871030396,"SIPA1L1"
"ENSG00000130158",319.526781835395,0.782210303502372,0.214084330607616,3.65374850780669,0.000258439415198255,0.000927648129907367,0.696387990357014,0.223475173674831,"DOCK6"
"ENSG00000150776",290.593469731532,-0.299563657612349,0.0820055376141456,-3.65296864489644,0.000259225895709955,0.000929987767876368,-0.288251893057874,0.0809736297155842,"NKAPD1"
"ENSG00000178913",1027.04388001907,-0.274060365354746,0.0750241468452406,-3.65296210458849,0.000259232500995463,0.000929987767876368,-0.254220248012529,0.0738421603583478,"TAF7"
"ENSG00000106803",1756.58703002722,-0.417483715888942,0.114290101862283,-3.65284227668289,0.000259353547320028,0.000930168565517705,-0.388852954597509,0.112285787297673,"SEC61B"
"ENSG00000173898",664.506145291548,0.733232011278976,0.200760432234982,3.65227352380254,0.000259928806403908,0.00093197784997654,0.658859846406346,0.208141593649362,"SPTBN2"
"ENSG00000100726",193.684780434012,1.03354902669011,0.283039630718829,3.65160533903054,0.000260606163153404,0.000934152121992299,0.896873434872298,0.307000055545911,"TELO2"
"ENSG00000142867",123.459354352686,-0.38426631138995,0.105241113136935,-3.65129463130974,0.000260921699268441,0.000935028604400732,-0.365006445633872,0.103769974112472,"BCL10"
"ENSG00000173614",121.243800577861,0.644083259499614,0.176411968713631,3.65101792240157,0.000261203009747552,0.00093578199356089,0.59100766564003,0.179984446133326,"NMNAT1"
"ENSG00000184047",26.6198045162602,0.610653880197262,0.167288065311153,3.65031348208527,0.000261920448625446,0.000938097014853814,0.557600114973514,0.167372273904066,"DIABLO"
"ENSG00000178031",26.0820691738927,-0.73272552549534,0.200736586177567,-3.65018425115184,0.000262052264561586,0.000938313874141378,-0.655798335438263,0.200114741893963,"ADAMTSL1"
"ENSG00000132141",71.487049907857,-0.629287017643643,0.17240240061952,-3.6501058882146,0.000262132225279728,0.000938344991308565,-0.57323190437302,0.170511932283751,"CCT6B"
"ENSG00000229833",28.7058087581945,-0.939615990631799,0.257520512655672,-3.6487034797424,0.000263567101743994,0.000943224914803323,-0.827873709036563,0.257371943978789,"PET100"
"ENSG00000133321",717.282235331541,-0.564209506090968,0.154672083921711,-3.64777852464023,0.000264517497381334,0.0009463688506855,-0.517499423917213,0.152370110952574,"PLAAT4"
"ENSG00000115137",64.6101843338542,-0.49977600096961,0.137044853339996,-3.64680605501988,0.000265520178413578,0.00094969808991936,-0.464214218599351,0.135141282703689,"DNAJC27"
"ENSG00000185262",107.045001041571,-0.700052268696287,0.191973502108825,-3.64660883406422,0.000265723960466726,0.000950168838540173,-0.63141759728066,0.190024976482966,"UBALD2"
"ENSG00000159214",73.3531632545553,0.907086362409816,0.248777788662603,3.64617101585393,0.000266176868035102,0.000951529906204221,0.796814491922095,0.263413994079079,"CCDC24"
"ENSG00000139343",395.688853042328,-0.460948203267563,0.126456440258875,-3.64511449416047,0.000267272784580153,0.000955188241526139,-0.429667172905985,0.124436367739568,"SNRPF"
"ENSG00000127804",176.298463475563,0.400975518503091,0.110063210307122,3.64313849636226,0.00026933382404978,0.000962292843267137,0.379415406402184,0.10965601888803,"METTL16"
"ENSG00000243646",365.265486887089,-0.34769121250053,0.0954401973827642,-3.64302696384951,0.000269450599654641,0.00096244888634102,-0.331290297998736,0.0941022213448807,"IL10RB"
"ENSG00000066739",797.457122724244,-0.489279153459341,0.134324056386662,-3.64252812653986,0.000269973468124878,0.000964054971882871,-0.455697847817527,0.132238021217219,"ATG2B"
"ENSG00000175556",94.1320033554401,0.740248863218108,0.203248995411087,3.64207882907809,0.000270445224116047,0.000965477717112763,0.662882939359319,0.209983191991494,"LONRF3"
"ENSG00000227124",109.548957501485,-0.391064804146105,0.10738661925067,-3.64165299992591,0.00027089305181773,0.000966814291198764,-0.370141082541513,0.106014001376822,"ZNF717"
"ENSG00000069509",106.466769732355,-0.497109155165865,0.136509297365172,-3.64157727540026,0.000270972761065927,0.000966816056076009,-0.461706288086533,0.134566702621546,"FUNDC1"
"ENSG00000107537",9520.45687844795,-0.410441655142082,0.112714004255537,-3.64144329582649,0.000271113844678158,0.000966816056076009,-0.387171870316136,0.110932384631833,"PHYH"
"ENSG00000168813",260.058728766007,-0.471353956932413,0.129439148007937,-3.64151003916923,0.000271043553779449,0.000966816056076009,-0.441615170765354,0.127505488560933,"ZNF507"
"ENSG00000150510",16.9313773343303,-0.70742536210974,0.194305009211276,-3.64079837664158,0.000271793923483026,0.000968978823876933,-0.636811552341466,0.194391056318919,"FAM124A"
"ENSG00000154124",519.055119737093,0.329445056464976,0.0905057020818049,3.64004752062143,0.000272587729013626,0.000971545760745371,0.316430038482107,0.089887078335813,"OTULIN"
"ENSG00000124496",31.2000057511979,-0.665947785446662,0.182954736606087,-3.63995924784658,0.000272681193668888,0.000971615858144676,-0.607393878622151,0.182021438706361,"TRERF1"
"ENSG00000132676",1242.70888748418,0.229611553700825,0.0630861208778177,3.63965243869609,0.000273006281885311,0.000972343351520549,0.225441506525791,0.0626475354674786,"DAP3"
"ENSG00000163171",84.0572222819021,-0.668125653691844,0.183569805839465,-3.63962717417772,0.000273033067793671,0.000972343351520549,-0.60536873801052,0.181540377543374,"CDC42EP3"
"ENSG00000064687",78.768104027177,0.991396811998774,0.272456815245304,3.63873009051427,0.000273985770506115,0.000975472324089647,0.868569881258877,0.291815019120665,"ABCA7"
"ENSG00000087460",6003.86087479507,-0.334729152179227,0.0920530355612405,-3.63626413988858,0.000276620687753641,0.000984587178957673,-0.318596006775424,0.0906625542033461,"GNAS"
"ENSG00000128165",47.2487880940566,1.04226566467283,0.286668545259023,3.6357866320181,0.000277133651093959,0.000986146391973802,0.897324903975504,0.308509450709436,"ADM2"
"ENSG00000121440",18.7431074449707,-0.900906017578413,0.247842876064796,-3.63498855356601,0.000277992978226631,0.000988936922813247,-0.798797695838763,0.248647092468528,"PDZRN3"
"ENSG00000005059",27.2451955054464,-0.86843858639371,0.238991885323124,-3.63375762829586,0.000279323268213619,0.000993400904727313,-0.769685122264607,0.238444237893957,"MCUB"
"ENSG00000204120",491.241406920483,0.329412691918399,0.0906700009407307,3.63309461233744,0.000280042274804087,0.00099568906024051,0.315375745659466,0.0900712039468529,"GIGYF2"
"ENSG00000085415",364.647631462329,-0.357134257995095,0.098302300270191,-3.63302035673108,0.000280122909083944,0.000995706863120736,-0.340241289291619,0.096859901779324,"SEH1L"
"ENSG00000187513",129.526412059571,0.857290008895048,0.236113104723139,3.63084467463289,0.000282495165686935,0.00100386811104836,0.756606013447817,0.248661184489514,"GJA4"
"ENSG00000100603",524.24785425027,0.216884750473918,0.0597446472442695,3.63019551504207,0.000283206615337492,0.00100612474299337,0.212510051854856,0.0593346638142188,"SNW1"
"ENSG00000166145",53.5086216565684,1.45975633500151,0.402355471155198,3.62802655773618,0.000285595888975479,0.00101433921614544,1.2200448055484,0.465008462033869,"SPINT1"
"ENSG00000173890",19.6132071212814,-1.20226190900923,0.331426619094794,-3.62753574921924,0.000286139166381158,0.00101599467760904,-1.04026833779646,0.331836899430311,"GPR160"
"ENSG00000104973",107.588506913206,0.781604018844111,0.215472025689132,3.6274036796394,0.000286285519829375,0.00101624026801659,0.695439307726418,0.224532122611522,"MED25"
"ENSG00000090006",235.211793672407,1.1696367986378,0.322467271019123,3.62714887294234,0.000286568083123048,0.00101696910576767,0.999843187391051,0.358270306983468,"LTBP4"
"ENSG00000148429",302.400703820275,-0.432116164958634,0.119139636958124,-3.62697231577528,0.000286764026236812,0.00101739023698029,-0.408671431267372,0.117365359967088,"USP6NL"
"ENSG00000150630",34.2475132473146,-0.773148177612571,0.213213056200279,-3.6261765174752,0.000287648761983588,0.00102025420266054,-0.693408416611745,0.212271268260692,"VEGFC"
"ENSG00000065413",146.56602471089,-0.742775061520374,0.204997103236006,-3.62334418289435,0.000290818425694854,0.00103121879684849,-0.666128393006616,0.202979810590843,"ANKRD44"
"ENSG00000134955",136.984081625472,0.912870250674066,0.252021208063714,3.6221961543938,0.000292112478326171,0.00103552851094302,0.800491924594719,0.267981842161996,"SLC37A2"
"ENSG00000107736",371.055583716092,0.698829979242932,0.192982284741072,3.62121310865692,0.000293224847980069,0.00103919201844027,0.629101447411956,0.199170760583216,"CDH23"
"ENSG00000010704",322.83565844982,0.467831329601921,0.129203134936601,3.62089766499461,0.00029358262967832,0.00104018000601312,0.439250156351101,0.129452157483449,"HFE"
"ENSG00000156049",80.1026504824697,-0.429617662998238,0.118685054166994,-3.61981267155805,0.000294816372737158,0.00104427020808647,-0.403465246412452,0.117145165013601,"GNA14"
"ENSG00000125505",330.626335055264,0.5680292048806,0.156935710216091,3.61950255998751,0.000295169891119446,0.00104524120131216,0.522791453546772,0.158911853537054,"MBOAT7"
"ENSG00000185158",36.9994084702933,-0.619341499977739,0.171133829055409,-3.61904775576084,0.000295689073252171,0.00104679815499814,-0.566101767370165,0.169847596729067,"LRRC37B"
"ENSG00000158195",754.17896628462,0.329440605804704,0.0910418895896585,3.61856072286668,0.000296245994392124,0.00104848783929213,0.317896472733714,0.0904175573495033,"WASF2"
"ENSG00000116903",184.426566263371,-0.567043004533121,0.15673329560251,-3.61788477906567,0.000297020562935971,0.0010509467163706,-0.515864221843575,0.154286007138621,"EXOC8"
"ENSG00000011009",691.293856792282,0.443154498956089,0.12251010285728,3.6172894203864,0.000297704359148977,0.00105308317908529,0.416063018462776,0.122559566841769,"LYPLA2"
"ENSG00000102096",97.127962497037,-0.526956729397619,0.145705671449763,-3.61658351493412,0.000298517033746101,0.00105567425901186,-0.486364437771783,0.143721305606923,"PIM2"
"ENSG00000256537",444.015978748369,-0.386337038694179,0.106851284740974,-3.61565178772278,0.000299592867267837,0.00105919433148452,-0.364625114891089,0.105174735955008,"SMIM10L1"
"ENSG00000127080",109.81162288051,-0.446809649424686,0.123589171545948,-3.61528153183364,0.000300021396420605,0.00106042461886542,-0.418433149004164,0.121781619432486,"IPPK"
"ENSG00000160883",117.082349990479,0.876015693327259,0.242351456566486,3.61465000350405,0.000300753643632233,0.00106253470991328,0.77054049781628,0.256016589369954,"HK3"
"ENSG00000250317",364.429581079945,-0.383522130388659,0.10610280963327,-3.61462747041525,0.000300779801294758,0.00106253470991328,-0.363756838763659,0.10454683799379,"SMIM20"
"ENSG00000166321",87.0417148569083,-0.616694302443476,0.170643073384645,-3.61394277664814,0.000301575648622287,0.00106506035133075,-0.5606363773321,0.168571631204034,"NUDT13"
"ENSG00000169047",907.622118193322,-0.51352300925481,0.142102056887356,-3.61376197152361,0.000301786134643452,0.00106551789989694,-0.472386188581628,0.139737293827755,"IRS1"
"ENSG00000047230",265.478232569526,-0.270674723485566,0.0749051991061611,-3.61356390097764,0.000302016878280437,0.00106579657816788,-0.265068993260393,0.0740354385820269,"CTPS2"
"ENSG00000197142",3663.16179431063,-0.423912136296796,0.117311652253107,-3.61355524498264,0.000302026965907972,0.00106579657816788,-0.392336411055004,0.115088277091727,"ACSL5"
"ENSG00000100983",768.89198730021,0.285180351492264,0.0789472280559372,3.61229087473728,0.000303503846830957,0.00107030900887231,0.275798933656963,0.0783608198768482,"GSS"
"ENSG00000160446",265.383835969612,0.663541526408323,0.183688229826155,3.61232468207847,0.000303464269434529,0.00107030900887231,0.599205807687346,0.1885979356457,"ZDHHC12"
"ENSG00000164284",149.025432744154,-0.491060212558107,0.135942962567405,-3.61225180975898,0.000303549585229318,0.00107030900887231,-0.456187651757601,0.133894034074073,"GRPEL2"
"ENSG00000131023",225.166293170116,-0.53541031283367,0.148233906558354,-3.61192877705681,0.000303928048639674,0.00107135654307629,-0.483773801496972,0.145579637878629,"LATS1"
"ENSG00000079999",817.177276322619,0.352400143520506,0.0975906081136837,3.61100468920117,0.000305013146571397,0.0010748937601068,0.336205758205972,0.0970659052559625,"KEAP1"
"ENSG00000122490",1939.9669886027,0.642409432832197,0.177966168189353,3.60972784528733,0.00030651843389524,0.00107990947301706,0.582488320219569,0.182337871652814,"SLC66A2"
"ENSG00000153187",2019.10976698871,-0.234976593748206,0.0651075960198084,-3.60905037373391,0.000307319935399398,0.00108244362479092,-0.22401566132911,0.0643038126424201,"HNRNPU"
"ENSG00000143742",2212.1749680011,-0.941824547295189,0.260988086619787,-3.60868788875892,0.000307749588789479,0.00108366704626967,-0.821278933627498,0.257778759484934,"SRP9"
"ENSG00000204977",243.156082947963,-0.445768364261906,0.12353626312546,-3.60840090985428,0.000308090143686309,0.00108457615822833,-0.415962209496763,0.121540400608675,"TRIM13"
"ENSG00000131584",299.510070762207,0.930396267494288,0.257913586179352,3.6073953345261,0.000309286236009866,0.00108849574533705,0.811957202380425,0.276037284989313,"ACAP3"
"ENSG00000184857",193.70956837046,0.370750712763485,0.102788979811877,3.60691110508178,0.000309863757538675,0.00109023683371304,0.35222228073986,0.102194404549877,"TMEM186"
"ENSG00000185658",1008.93514798551,-0.571407715959045,0.158443815584925,-3.60637437219993,0.000310505077628511,0.00109220140316777,-0.523541834970028,0.156080219645283,"BRWD1"
"ENSG00000125356",1340.85108689631,-0.54660282557265,0.151585612786397,-3.60590174440157,0.00031107082994179,0.0010938991845656,-0.502668996775858,0.149252943617244,"NDUFA1"
"ENSG00000239789",98.1686396924767,-0.417404030230375,0.115770618172977,-3.60544010922285,0.000311624355285594,0.00109555307388255,-0.392587783702953,0.114245839840667,"MRPS17"
"ENSG00000138303",403.304661310455,0.441820789540075,0.122547840000795,3.60529234572562,0.000311801726381369,0.00109588401749522,0.4141810963476,0.122518535658776,"ASCC1"
"ENSG00000163348",363.987311622708,0.37095249874438,0.102928678606826,3.60397611011185,0.000313385874325732,0.00110115783863693,0.353021093935963,0.102381932676019,"PYGO2"
"ENSG00000204116",54.9531901502626,-1.10952612143009,0.307874557652668,-3.6038253043365,0.000313567856099304,0.00110150330667114,-0.962318826724038,0.306965391943216,"CHIC1"
"ENSG00000197256",997.440411286531,0.434974556645798,0.120704604567852,3.60362852935973,0.000313805459030958,0.00110204392467367,0.413261336494997,0.120557005848452,"KANK2"
"ENSG00000038274",887.698610156676,-0.608211650689597,0.168824809471463,-3.60262009235323,0.000315025779676255,0.00110603451072469,-0.55484741087756,0.166386700225657,"MAT2B"
"ENSG00000176222",24.8740875858207,-1.04551539087815,0.290354850808335,-3.60081943858518,0.000317215826036635,0.00111342670370524,-0.910779255720531,0.290374029509724,"ZNF404"
"ENSG00000123908",50.275432722739,0.698083396098386,0.1939307839732,3.5996523181944,0.000318642941039395,0.00111813778297566,0.626977725819868,0.198542684134205,"AGO2"
"ENSG00000135698",105.61782376081,-0.556232209347875,0.15452693436234,-3.59958095100497,0.000318730401096834,0.0011181466722198,-0.510929138650233,0.152499390253007,"MPHOSPH6"
"ENSG00000057704",66.2741982216966,-0.754044055472464,0.209504019306766,-3.59918658347245,0.000319214101421012,0.00111924709968284,-0.674049892519372,0.207756644728647,"TMCC3"
"ENSG00000135404",4379.28450082471,-0.376446437444717,0.104591628665374,-3.59920236684622,0.000319194729578703,0.00111924709968284,-0.354004022365181,0.102833863018987,"CD63"
"ENSG00000204099",535.059165764921,1.04093853985838,0.289256536353481,3.59866903262065,0.000319849931375628,0.00112117790108933,0.901483579657355,0.315268365749485,"NEU4"
"ENSG00000188343",219.747645602632,-0.455989889326425,0.126755092129035,-3.59740884304856,0.000321403080839227,0.00112632232162078,-0.426113178825055,0.12479407031766,"CIBAR1"
"ENSG00000048052",48.0787530155594,-0.952278676208306,0.264722549870153,-3.59727071484994,0.000321573748715293,0.00112662053634528,-0.835112202234957,0.263837525694399,"HDAC9"
"ENSG00000069667",965.22333196425,-1.00604519137084,0.279704651899654,-3.59681251111893,0.000322140501816192,0.00112830589170311,-0.877618879294622,0.277922395879775,"RORA"
"ENSG00000121297",23.4626460948022,-0.694929853077536,0.193228567334034,-3.59641362902729,0.000322634640928354,0.00112973608576136,-0.625663815138663,0.192181093997692,"TSHZ3"
"ENSG00000254858",152.397261958783,0.756657648613127,0.210412747018475,3.59606373347091,0.000323068679046709,0.00113095512585189,0.673812233299561,0.218625135819008,"MPV17L2"
"ENSG00000115685",703.7182901851,0.269022338997713,0.0748374935338104,3.59475346239613,0.000324698902885156,0.00113635984991652,0.261151233421451,0.0743099964686108,"PPP1R7"
"ENSG00000021461",383.418766984554,-0.956685743914865,0.266193956241975,-3.59394239231044,0.000325711881315162,0.00113899671431485,-0.839703024704197,0.264217302242263,"CYP3A43"
"ENSG00000070061",883.607468653852,0.385775074753945,0.107339419932282,3.59397391002597,0.000325672462386798,0.00113899671431485,0.365614705117053,0.10690381262272,"ELP1"
"ENSG00000151229",185.131033487456,-0.973337143003196,0.270820329125951,-3.59403278972652,0.000325598834026831,0.00113899671431485,-0.851977658161118,0.269234913289648,"SLC2A13"
"ENSG00000146281",93.6498477583876,-0.584279686502075,0.162598457808185,-3.59339008732382,0.000326403369428897,0.00114090242704645,-0.534132999962617,0.160493535751409,"PM20D2"
"ENSG00000168118",776.338897358108,-0.33520847573487,0.0932852992348151,-3.5933687138752,0.000326430156667475,0.00114090242704645,-0.320506422588475,0.0919139528574912,"RAB4A"
"ENSG00000167065",16.8957712105055,0.890320034437213,0.247773421649303,3.59328304267181,0.00032653754861995,0.00114097488458871,0.78201697457121,0.255283331788884,"DUSP18"
"ENSG00000198730",737.645983521894,0.476567283523171,0.132630296414875,3.59320077241207,0.00032664070848832,0.00114103252002049,0.455853695085792,0.132790987228788,"CTR9"
"ENSG00000087077",600.404125600719,0.555815583036391,0.1546982548775,3.59290144207847,0.000327016300545227,0.0011420415419041,0.510406794663792,0.156584060863616,"TRIP6"
"ENSG00000188033",10.9586262991767,1.12065628902112,0.311931741076626,3.5926330714316,0.000327353388778949,0.00114291559709988,0.963769971752304,0.327877600207147,"ZNF490"
"ENSG00000103994",727.973143067597,0.493898298048631,0.137480616022493,3.592494071803,0.000327528107730018,0.00114291944510295,0.457987143318839,0.138242435072337,"ZNF106"
"ENSG00000185532",32.2803688355008,-0.926291115389027,0.257840291447872,-3.59249948946128,0.000327521296239019,0.00114291944510295,-0.813597391835275,0.257363015987634,"PRKG1"
"ENSG00000100941",1793.44332561177,0.617059765492053,0.171776312960999,3.59222849096867,0.000327862178690984,0.00114378204680591,0.564805327467796,0.175208213312793,"PNN"
"ENSG00000129116",238.914456496881,-0.803940233833178,0.22380597296807,-3.59213037601939,0.000327985676959162,0.00114390978088591,-0.714526864032363,0.221503304932117,"PALLD"
"ENSG00000112659",272.227447549661,0.508633562123858,0.141645801402885,3.59088343661627,0.000329559009236176,0.0011490926683272,0.472655151267174,0.142510744878871,"CUL9"
"ENSG00000172007",332.640257280815,-0.67874719703522,0.189056714526145,-3.59017768153035,0.000330452626528468,0.00115190343682124,-0.611789009152077,0.186749082257554,"RAB33B"
"ENSG00000143921",1893.8258796383,0.479062217308375,0.133451000906636,3.58979860813132,0.000330933539542049,0.0011532744789864,0.445801725467797,0.133995685686133,"ABCG8"
"ENSG00000086619",499.532817696113,-0.645079834627077,0.179831500010739,-3.58713481558322,0.000334331487284262,0.00116480771674639,-0.583302141153846,0.177425181312137,"ERO1B"
"ENSG00000196284",48.6135253629865,-0.51570225933955,0.143779736503546,-3.58675201304761,0.000334822466478903,0.00116620968086276,-0.476606915386988,0.141981306107991,"SUPT3H"
"ENSG00000079459",2897.45038695211,1.02072191657566,0.284622491323503,3.5862307009867,0.000335492181822238,0.001168233289043,0.886006234583764,0.309342904449791,"FDFT1"
"ENSG00000151929",204.571547117395,0.580844660028191,0.161986062603792,3.58576935997823,0.000336085899197211,0.00116999126092821,0.53120727239242,0.164242216588777,"BAG3"
"ENSG00000188342",194.714643498897,-0.315207963812351,0.0879226977430884,-3.58505791909837,0.000337003406936321,0.00117287519315982,-0.301888387548615,0.0867328412181481,"GTF2F2"
"ENSG00000138172",51.2253117008285,0.732309160795934,0.204277935885374,3.58486665543191,0.000337250468999401,0.00117342486121726,0.654146650847106,0.21019293301618,"CALHM2"
"ENSG00000177565",702.374869334941,-0.82594896309668,0.230430929246676,-3.58436675925783,0.000337897003140174,0.00117536378952273,-0.730362343102444,0.22821471630666,"TBL1XR1"
"ENSG00000112294",3448.53056625424,-0.419831377868223,0.117132751947346,-3.58423558644766,0.000338066845736042,0.00117564397542544,-0.392011909332857,0.115085449958532,"ALDH5A1"
"ENSG00000130382",397.355159739445,0.747347945707686,0.208532417559217,3.58384540137728,0.00033857252977053,0.00117709160997064,0.666117839458975,0.216874767146698,"MLLT1"
"ENSG00000108239",151.796543749366,-0.441678367767518,0.123244515302375,-3.58375678369036,0.000338687477817307,0.00117718039412425,-0.413570602286403,0.121343196639924,"TBC1D12"
"ENSG00000094804",48.5176616709646,1.21004266235161,0.3377094536049,3.58308791606196,0.000339556260011228,0.0011798885508862,1.02738773509068,0.374821908915092,"CDC6"
"ENSG00000124659",176.40026269067,-0.275583779788022,0.0769147401721879,-3.58297745232027,0.000339699940163156,0.00118007636205491,-0.267781319475749,0.0760574483582054,"TBCC"
"ENSG00000149474",258.148366400505,0.29798708510002,0.0831717523322304,3.58279195452931,0.000339941345041668,0.00118060346843012,0.287033626238665,0.0825509855954754,"KAT14"
"ENSG00000101126",730.412148975545,-0.22152699932889,0.0618475209447609,-3.58182504237716,0.000341202275194102,0.00118467013586644,-0.214720584438499,0.0612294775461694,"ADNP"
"ENSG00000151498",744.635260127662,0.253292134319016,0.0707204586360995,3.58159631885818,0.00034150118808188,0.00118539537102189,0.246483283263259,0.0701710229143727,"ACAD8"
"ENSG00000132275",270.905904916622,0.260685377109014,0.0728122916670997,3.58023859901123,0.00034328060657234,0.00119125789829505,0.251982226596007,0.0721856502680537,"RRP8"
"ENSG00000102996",923.053281994288,0.585684554460732,0.163870669107462,3.57406580232278,0.000351480537477011,0.00121939203067782,0.536396990428508,0.166510593267343,"MMP15"
"ENSG00000175445",42.9404227165917,1.89858313632661,0.531431989947848,3.5725796945587,0.000353481859032879,0.00122601215912194,1.53920223281549,0.657939842848917,"LPL"
"ENSG00000108423",76.3185360238732,-0.373385307668179,0.104523927396163,-3.57224720664184,0.000353931072664417,0.00122724690616269,-0.354042977681159,0.103094243770637,"TUBD1"
"ENSG00000125834",442.473204202439,0.361580954667265,0.101231314052527,3.57182911287357,0.000354496703390567,0.00122888456999479,0.343921188049861,0.100654640688052,"STK35"
"ENSG00000039650",170.354215106975,0.643547156737934,0.180182506046735,3.57164061516057,0.000354751994589069,0.00122944584384303,0.581570793110888,0.184248819328581,"PNKP"
"ENSG00000061918",138.035550382737,-0.529319098958873,0.148213000751222,-3.5713405455392,0.000355158747542302,0.00123053159740578,-0.475898803374683,0.14537569825726,"GUCY1B1"
"ENSG00000126215",53.5054629224304,0.736242283956895,0.20627262661917,3.56926799267543,0.000357980084459582,0.0012399804767153,0.656854478962809,0.212881899338156,"XRCC3"
"ENSG00000149177",1053.11935270539,0.312451109775222,0.0875456085817752,3.56900951214892,0.000358333416627641,0.00124064732382616,0.311473088996693,0.0866979118299854,"PTPRJ"
"ENSG00000170142",481.543162133604,-0.538534805009717,0.150892804731642,-3.56898929652399,0.000358361064295222,0.00124064732382616,-0.494941365079824,0.148466369605196,"UBE2E1"
"ENSG00000159055",59.6664488785952,-0.426641774869753,0.119544757970171,-3.56888735327239,0.000358500516210652,0.00124080383712656,-0.400294217469603,0.118110276839637,"MIS18A"
"ENSG00000111596",673.044504426492,-0.329400018165814,0.0923255898333926,-3.56780843491211,0.000359979522106082,0.00124559537136627,-0.31470307108506,0.0909620199904329,"CNOT2"
"ENSG00000099364",42.0264930079673,0.752459032560006,0.210921330151662,3.56748666443054,0.000360421715778422,0.00124679776929551,0.669569187070542,0.217172984313946,"FBXL19"
"ENSG00000156795",58.3164447437824,-0.427652915948206,0.119888409884617,-3.56709140074329,0.000360965602822915,0.00124835122846506,-0.401993284500604,0.118236854381568,"NTAQ1"
"ENSG00000198331",88.6914555788949,-0.360060405333633,0.100942941174322,-3.56696962803799,0.000361133317942629,0.00124860327311782,-0.34326098934472,0.0994839845944147,"HYLS1"
"ENSG00000177138",27.5910085337792,-1.39209426315223,0.390322028286035,-3.56652753949126,0.000361742810346444,0.00125038221082207,-1.1886599834856,0.389139887164391,"FAM9B"
"ENSG00000150093",3258.90835942882,0.814096607414914,0.228312778970011,3.56570758363835,0.00036287580271345,0.00125396924370742,0.726469112933372,0.239413936946807,"ITGB1"
"ENSG00000157368",24.1108440180401,1.06076267887566,0.297609425491726,3.56427783536431,0.000364859330184962,0.00126049276862115,0.911545151720207,0.319301457911378,"IL34"
"ENSG00000167107",1269.52987390939,0.457796760700708,0.128484432817408,3.56305235320837,0.000366567537675503,0.00126606196249624,0.427148010413676,0.128729743700134,"ACSF2"
"ENSG00000106546",937.343999490675,-0.66315845354809,0.18616279282177,-3.56225024075025,0.000367689653070059,0.00126960450362455,-0.598189473360468,0.183677760885114,"AHR"
"ENSG00000092871",467.549844197931,-0.348470146368396,0.0978864881916554,-3.55994124220816,0.0003709377815569,0.00128048422443056,-0.330251246814725,0.0963356202346817,"RFFL"
"ENSG00000266964",121.819020656588,0.76647790182494,0.21533115693833,3.55953087664159,0.000371517853415542,0.00128215047393684,0.679476784903545,0.224452170199723,"FXYD1"
"ENSG00000142546",304.989094394689,0.603040461494603,0.169443604818591,3.55894494891223,0.000372347560963305,0.00128467714560872,0.54808793276242,0.172537181421333,"NOSIP"
"ENSG00000127054",554.603582945569,0.6044801189097,0.169860659673825,3.55868227563965,0.000372720083578054,0.0012856255227636,0.550437072621976,0.173061782248217,"INTS11"
"ENSG00000150625",130.982220909042,-0.957485343639286,0.269074616608725,-3.55843801138482,0.000373066811178544,0.00128648445153921,-0.837148967646057,0.267441637446182,"GPM6A"
"ENSG00000090487",1422.20396945529,-0.353181915771079,0.0992601396904102,-3.55814445630083,0.000373483904928745,0.00128758551775121,-0.334722433914471,0.0976765219227278,"SPG21"
"ENSG00000138246",616.190564942825,0.504432652350944,0.1417834395682,3.55776848048818,0.000374018741749685,0.00128909182038648,0.467219270738803,0.142655230478298,"DNAJC13"
"ENSG00000123144",1104.51340664644,-0.569339895722903,0.160056433099139,-3.55711972770413,0.000374943295861225,0.00129194018144697,-0.520456127269884,0.157578120906673,"TRIR"
"ENSG00000153107",201.447110514762,0.484747079145445,0.136281319997324,3.55695908401067,0.00037517256305304,0.00129239193227533,0.449826278600204,0.136658560004924,"ANAPC1"
"ENSG00000152952",963.539902260297,-0.690541962795906,0.194233610701711,-3.55521354054622,0.00037767222730278,0.00130034969596949,-0.624343168851756,0.191751202450251,"PLOD2"
"ENSG00000163815",80.3345073800084,0.7602133851085,0.213830916232952,3.55520800500292,0.000377680179051141,0.00130034969596949,0.675399478887363,0.221868445810942,"CLEC3B"
"ENSG00000134255",839.508154754398,-0.497793898534778,0.140043945137761,-3.55455495091272,0.000378619383260763,0.00130324256209443,-0.459175067134817,0.137643719679663,"CEPT1"
"ENSG00000065154",1964.57213973828,-1.03497892132512,0.291202498600834,-3.55415536026638,0.000379195139489235,0.00130488322177608,-0.898315151797644,0.289375154780541,"OAT"
"ENSG00000102393",171.612797104327,0.36898499235012,0.10384641990982,3.55317971164097,0.000380604357766215,0.0013093903774105,0.350495260484771,0.103140171788971,"GLA"
"ENSG00000149806",2208.02498556632,-0.590679764232441,0.166292273240785,-3.55205778789949,0.000382230904799547,0.00131464265741662,-0.537825879878352,0.163748110855197,"FAU"
"ENSG00000163110",2034.21239190944,-0.490026370424593,0.137969200423367,-3.55170841695766,0.000382738742255147,0.00131604551593922,-0.449977210299723,0.135443628281049,"PDLIM5"
"ENSG00000144468",428.713633178782,0.348457293181288,0.0981417701119439,3.5505503190316,0.00038442663967053,0.00132150421355149,0.333958264675706,0.0975151893321831,"RHBDD1"
"ENSG00000106069",818.178120829474,-0.442429868369573,0.124621938949929,-3.55017641434172,0.000384973079883208,0.00132290606897634,-0.413637871780792,0.122556339306567,"CHN2"
"ENSG00000177051",86.4473844457425,-0.617194862834435,0.173851155169302,-3.55013380401983,0.000385035398474658,0.00132290606897634,-0.558694051742084,0.171669606459571,"FBXO46"
"ENSG00000038532",232.891921179614,0.526447258646214,0.148316599053827,3.54948307879657,0.000385988271458741,0.00132583396348181,0.485549505206943,0.149448506157062,"CLEC16A"
"ENSG00000016864",1045.6001852927,-0.421672092250373,0.118806335179694,-3.5492391177002,0.000386346077345528,0.00132646490940721,-0.394096673553265,0.11684980059821,"GLT8D1"
"ENSG00000021488",356.611892269491,0.356495379181863,0.100443289825672,3.54922045863482,0.000386373456446654,0.00132646490940721,0.339462925184884,0.099874460471743,"SLC7A9"
"ENSG00000101199",524.76535931293,0.795787638282026,0.224225740512616,3.5490467618157,0.000386628414901544,0.00132665388777898,0.702395029057377,0.235305090857979,"ARFGAP1"
"ENSG00000164850",406.623261791957,0.64417191726635,0.181505671826991,3.54904566222244,0.000386630029424877,0.00132665388777898,0.581866370502064,0.18605957737838,"GPER1"
"ENSG00000163320",1135.30211088952,-0.62444591934173,0.175981692002172,-3.54835728783664,0.000387642001171528,0.00132977972574892,-0.565817032984212,0.173436112676198,"CGGBP1"
"ENSG00000099810",320.053333683526,-0.402097462044843,0.113326671500838,-3.5481273447784,0.000387980589124346,0.00133059453931001,-0.376982217726817,0.111452949214194,"MTAP"
"ENSG00000198160",415.951301262405,-0.618573351804583,0.174366348957551,-3.54755006056342,0.000388831850376696,0.00133316670366135,-0.561124706899131,0.171912388860696,"MIER1"
"ENSG00000143942",32.8105241002518,-0.691674151494817,0.195001513866129,-3.54701939375537,0.00038961590911485,0.00133550717506017,-0.618282433723031,0.193289308144403,"CHAC2"
"ENSG00000170989",341.54537355647,-0.416180975223827,0.11733953475698,-3.54680948825791,0.000389926451481623,0.00133622375330741,-0.389766789056917,0.115416406790702,"S1PR1"
"ENSG00000244694",12.5236072910944,2.14462535843382,0.604783697677042,3.54610312194471,0.000390973176946397,0.00133946209931727,1.72738451134036,0.738728541656705,"PTCHD4"
"ENSG00000076984",240.664961118434,0.535839914862507,0.151131893523587,3.54551181997121,0.000391851413187503,0.00134212167170309,0.49231439270512,0.152578566992682,"MAP2K7"
"ENSG00000077458",297.689263930857,-0.731922369380804,0.206448427977248,-3.54530367003553,0.000392161008057775,0.0013428327261609,-0.656188062730926,0.204049332222056,"FAM76B"
"ENSG00000130313",399.36961182005,0.520277543962162,0.146759208912389,3.54511003307979,0.000392449222034204,0.00134347021770731,0.478049154550976,0.148004931326896,"PGLS"
"ENSG00000144591",671.239667191241,0.511591835794283,0.144314179029954,3.54498663425231,0.000392632995107519,0.00134374993854577,0.471331423222401,0.145331509907695,"GMPPA"
"ENSG00000082512",54.5283781800517,-0.708841365611611,0.199964451359777,-3.54483689871586,0.000392856098402137,0.0013441640830464,-0.634888270627786,0.198020803174719,"TRAF5"
"ENSG00000102226",237.90862274347,0.371857194521797,0.104948860783553,3.54322278246274,0.000395268635715969,0.00135206725327006,0.352730771317006,0.104366582158221,"USP11"
"ENSG00000197951",26.7505911753397,0.736998660261558,0.208033718987727,3.54268848265429,0.000396070271104788,0.00135445745178328,0.656157572043607,0.212919761332706,"ZNF71"
"ENSG00000135424",93.9513624571499,1.37092060516613,0.387118632332801,3.54134492805183,0.000398092787374836,0.00136102042030047,0.0957499191581396,0.277168291766957,"ITGA7"
"ENSG00000138152",59.8080097774433,-0.533439079385646,0.150654986831412,-3.54079934959328,0.000398916823810448,0.00136312974365127,-0.491454982532528,0.148746555944981,"BTBD16"
"ENSG00000152782",1707.9241017047,-0.655602228050398,0.185154413628941,-3.5408404001876,0.000398854765989422,0.00136312974365127,-0.590917301613736,0.182568348554603,"PANK1"
"ENSG00000196569",176.547184110424,0.929647334388426,0.26256643282373,3.54061760443129,0.000399191683618733,0.00136371502504521,0.807047507501029,0.281336896931316,"LAMA2"
"ENSG00000120306",657.140848281629,-0.333385022616326,0.0942021301185171,-3.53903910874297,0.000401586352635851,0.00137118410757355,-0.317808528816503,0.0927825206590724,"CYSTM1"
"ENSG00000197728",2156.37987886228,-0.648276289649465,0.183175870872752,-3.53909216623737,0.00040150564386452,0.00137118410757355,-0.577298277257094,0.179943640015444,"RPS26"
"ENSG00000116704",3512.08133782105,0.549463653058804,0.155262010871496,3.53894458776251,0.000401730171425935,0.00137131953253665,0.507628373423714,0.157060952299789,"SLC35D1"
"ENSG00000008952",3220.0001284863,-0.494810634745306,0.13982873751922,-3.5386905690777,0.000402116913059746,0.00137228389770467,-0.456288283107707,0.13739706736385,"SEC62"
"ENSG00000157483",725.480729196284,0.509637446173421,0.144050085534986,3.53791838637711,0.000403294692488823,0.00137594659790304,0.470922192264242,0.145082054068083,"MYO1E"
"ENSG00000120727",998.606174544325,-0.355073954800193,0.100371313993374,-3.53760392958126,0.000403775243632377,0.00137722923773675,-0.34258859315098,0.0989366461688074,"PAIP2"
"ENSG00000167985",97.8582017308555,-0.554225964979374,0.156676348803411,-3.5373939283892,0.000404096464137257,0.00137796789609716,-0.506605151935258,0.154398819109501,"SDHAF2"
"ENSG00000125485",153.044192108523,0.438960841059985,0.124112072278278,3.53681018294311,0.000404990623146007,0.00138065938486285,0.410706195991043,0.123773351802322,"DDX31"
"ENSG00000214941",285.451728876762,-0.464248612698891,0.131271154150371,-3.53656228364608,0.000405370904659254,0.00138159806646227,-0.426727249555487,0.128860733280054,"ZSWIM7"
"ENSG00000172830",180.832602349248,0.502480227045809,0.14211488211036,3.53573263815964,0.000406646021774451,0.00138558528019732,0.46434866713281,0.142888288655372,"SSH3"
"ENSG00000037241",290.554068772702,-0.332486293110865,0.0940476209485083,-3.53529722238167,0.000407316728849702,0.00138751152704662,-0.317429369071121,0.0926872729530944,"RPL26L1"
"ENSG00000108523",1561.03184719345,0.295371169124196,0.0835589533077508,3.53488354546918,0.000407954906862648,0.00138932599683229,0.284435230068936,0.0829569827245444,"RNF167"
"ENSG00000108474",191.652320454459,-0.583169692235481,0.164984268870359,-3.53469876993984,0.00040824026111864,0.00138993826684459,-0.530820170128255,0.162561983446833,"PIGL"
"ENSG00000105135",1230.81053793751,0.451838921781328,0.127851849873655,3.53408200372417,0.000409194101605023,0.00139246563497848,0.421329370092109,0.12803471546949,"HACL2"
"ENSG00000154429",74.8548941629339,-0.522010384891395,0.147706160158291,-3.53411384015384,0.000409144815061781,0.00139246563497848,-0.478235445626663,0.145507528932669,"CCSAP"
"ENSG00000113048",903.115998461731,0.32252317021776,0.0912941742673811,3.53279026625685,0.000411198547078855,0.00139861204839077,0.30887835292443,0.0906557053529402,"MRPS27"
"ENSG00000196511",86.4154618964109,-0.483286096780825,0.13680046387024,-3.53278112594149,0.000411212763126285,0.00139861204839077,-0.446392762017568,0.134834807115277,"TPK1"
"ENSG00000139263",358.773733547305,0.410226645459257,0.116137171865769,3.53225964494293,0.000412024589715491,0.00140101129860386,0.385841038814509,0.115834269001752,"LRIG3"
"ENSG00000101773",147.02775313187,0.434288422310972,0.122973079329298,3.53157312705842,0.000413095623644204,0.00140429046757025,0.406546464294752,0.122617235201605,"RBBP8"
"ENSG00000099203",402.701644515089,0.433733053874112,0.122824092719699,3.53133529643854,0.000413467268335778,0.00140519103121034,0.406265627315327,0.122730420239254,"TMED1"
"ENSG00000005810",879.031436261147,0.561694974210791,0.159088222756993,3.53071374157457,0.00041444001260233,0.00140813347249607,0.519987836839084,0.160974058931837,"MYCBP2"
"ENSG00000196600",952.142716883748,0.584537896404538,0.16556541694168,3.53055551818796,0.000414687976055044,0.00140861245942743,0.532100249082287,0.16834707429657,"SLC22A25"
"ENSG00000138796",3899.76115383692,0.347407767737551,0.0984102587081137,3.53019870385635,0.000415247674574763,0.00141014982807617,0.329712431783025,0.0978729052029843,"HADH"
"ENSG00000250479",1805.95512686287,-0.687389890605311,0.194784596475859,-3.52897458547501,0.000417173191755204,0.00141632342512868,-0.616667484713533,0.192209804823701,"CHCHD10"
"ENSG00000144848",600.155015036841,-0.288930975819653,0.0818847138058059,-3.52850931988196,0.000417907231045143,0.00141844975610734,-0.278041305994984,0.0807799256808487,"ATG3"
"ENSG00000112941",501.663394938899,-0.466993891015461,0.132359451175986,-3.52822474607078,0.000418356791198134,0.00141960966827697,-0.417100268599219,0.129132993897327,"TENT4A"
"ENSG00000159423",6547.54556674252,0.456720786343974,0.129494326455796,3.52695595895378,0.000420366679731579,0.00142606227914093,0.426353199007661,0.129738581055067,"ALDH4A1"
"ENSG00000138386",509.307694773152,-0.536835863249609,0.152265919767083,-3.52564686878582,0.000422449861205165,0.00143276014235631,-0.492607213420914,0.149821608734589,"NAB1"
"ENSG00000168994",1508.94606880931,-0.412479419405815,0.117005030856291,-3.52531353897454,0.000422981833318482,0.00143419490534925,-0.38681465061536,0.115021989719973,"PXDC1"
"ENSG00000169972",65.9009082789625,0.663538419156308,0.188233645870603,3.52507871845846,0.000423356966660169,0.00143509727678882,0.593132072700088,0.1926720538378,"PUSL1"
"ENSG00000184220",160.436649864665,-0.295217629511167,0.0837693749810924,-3.52417132845746,0.000424809473050127,0.00143965032745894,-0.285041346383763,0.0827529281244687,"CMSS1"
"ENSG00000198951",859.75038015304,0.321845093864088,0.0913394684957614,3.52361469980552,0.000425702798902598,0.00144230649777447,0.308834771137695,0.0907012033456394,"NAGA"
"ENSG00000001629",386.643779373352,-0.433689698042153,0.123104320606542,-3.52294457176921,0.000426780605403394,0.00144558617204556,-0.408310235575328,0.121137601709062,"ANKIB1"
"ENSG00000114473",67.7579016622623,0.421306268695654,0.119592820418822,3.52283914051205,0.000426950408509455,0.00144578937202559,0.395332710138885,0.118584163207806,"DRC9"
"ENSG00000147383",1011.57451633908,0.928839272954864,0.26371994228774,3.52206687479639,0.000428196111494699,0.00144963486858812,0.8108418089656,0.282930071620775,"NSDHL"
"ENSG00000137959",187.032869061683,-0.987524349188583,0.280415913378104,-3.5216416118904,0.000428883529760653,0.00145158883106138,-0.858160402282451,0.278704177174168,"IFI44L"
"ENSG00000148331",144.752723765903,0.492006597173434,0.13972085660091,3.52135399927278,0.000429349026487515,0.00145241759576943,0.455451528713594,0.140043303201513,"ASB6"
"ENSG00000160949",39.3252422380785,0.910607297376102,0.258590912832816,3.52142032912358,0.000429241630783382,0.00145241759576943,0.787613670121953,0.273648457380806,"TONSL"
"ENSG00000058404",155.628196027628,0.686753787087893,0.195038133358431,3.52112571660954,0.00042971883431838,0.00145292197550996,0.614994912245943,0.200686694148727,"CAMK2B"
"ENSG00000146151",10.6850906413956,-0.849357703745057,0.241215902640595,-3.5211513604498,0.000429677277607572,0.00145292197550996,-0.746492437769158,0.242778499217141,"HMGCLL1"
"ENSG00000139725",26.5717084759253,0.847081639548631,0.240728594647621,3.5188243456852,0.000433463601058708,0.00146520713004851,0.742631808844061,0.249351765571426,"RHOF"
"ENSG00000005981",38.2977440891322,-0.764195688074877,0.21718397107551,-3.51865602369515,0.000433738685043024,0.00146540361750619,-0.675573192200271,0.215724487326572,"ASB4"
"ENSG00000169991",173.153339294602,0.493498896611671,0.140252237759428,3.5186525683687,0.000433744333694487,0.00146540361750619,0.456422871142277,0.14073998044448,"IFFO2"
"ENSG00000160145",329.971807245826,-0.466738422699113,0.132651870174517,-3.51852123973127,0.000433959076250814,0.00146575300100519,-0.434821401596684,0.130512861080746,"KALRN"
"ENSG00000143971",147.266372171049,-0.626216214047318,0.177990838834438,-3.51824969278226,0.00043440341217647,0.0014668774877444,-0.565982023061638,0.175545121525459,"ETAA1"
"ENSG00000177854",134.80055662576,0.405067024115445,0.115148820318144,3.5177696392919,0.000435189969470243,0.00146915670206288,0.381167140322754,0.114545811503857,"TMEM187"
"ENSG00000134690",16.1228647990934,0.883178434224025,0.251097094520351,3.51727858863155,0.000435995920831489,0.00147150020345229,0.770529365043411,0.259054865464425,"CDCA8"
"ENSG00000164953",22.1506121715133,-0.706690090630686,0.200934063259626,-3.51702483474679,0.000436412947726004,0.00147253020752449,-0.632459783358669,0.200009258799513,"TMEM67"
"ENSG00000072110",1079.3370959897,0.471780517819377,0.134152923777889,3.51673675484318,0.000436886838370843,0.0014737515024316,0.438327181470254,0.134582215052138,"ACTN1"
"ENSG00000160193",54.6907596959905,0.48721327445549,0.138552121269795,3.51646203602157,0.00043733919750812,0.00147489955798973,0.450813286783838,0.138348080373536,"WDR4"
"ENSG00000109667",491.149431073407,0.74309219626678,0.211357663551252,3.51580436583785,0.000438423911200214,0.00147817905630269,0.659209287100573,0.220002928246807,"SLC2A9"
"ENSG00000180432",11751.8384589088,0.412114909202917,0.117221115019327,3.51570541821725,0.000438587325440061,0.00147835144053862,0.387315040790981,0.117007851422603,"CYP8B1"
"ENSG00000167676",799.241399364702,0.9967610673863,0.283539560557974,3.51542150035355,0.000439056537927327,0.00147955423044566,0.858844503826335,0.308253016005713,"PLIN4"
"ENSG00000100902",46.6148838936588,0.545936184490337,0.155333028872865,3.51461751857789,0.000440387769461122,0.00148366053549773,0.500143488458314,0.155700630485275,"PSMA6"
"ENSG00000062370",51.4043965835878,0.458465193805684,0.130460877437242,3.51419676773389,0.000441085948843922,0.00148563254092583,0.425450830278158,0.129700656026878,"ZNF112"
"ENSG00000186868",11.8943424679439,1.31271474958664,0.373617529715358,3.51352558480523,0.00044220182557079,0.00148901003464579,1.10133023319974,0.409118473885748,"MAPT"
"ENSG00000214753",398.004298345223,-0.427716485165937,0.121788580867982,-3.51195885622132,0.000444816856364147,0.00149743255711848,-0.400382777227917,0.119756757967356,"HNRNPUL2"
"ENSG00000116151",41.522139278402,0.707951628248466,0.201658705224667,3.51064253566311,0.000447025080963817,0.00150448165029898,0.631194749767085,0.206586619690001,"MORN1"
"ENSG00000106404",178.894338440793,0.713188016393398,0.203177882633235,3.51016561030318,0.000447827680320557,0.00150641268244774,0.634842984609127,0.210292511486127,"CLDN15"
"ENSG00000115523",79.9151703587025,-1.02410958970356,0.291754736296816,-3.51017297166235,0.000447815281959555,0.00150641268244774,-0.884177158249716,0.290173299633998,"GNLY"
"ENSG00000168152",84.1636455350159,-0.580293435708226,0.165357859357496,-3.50931874640237,0.000449256150267458,0.00151083179423278,-0.529048284559627,0.16301785908071,"THAP9"
"ENSG00000133019",16.4550109349883,-1.90873976442853,0.543994417719552,-3.5087488074419,0.000450219902579486,0.00151368621995953,-1.60168462872357,0.535030834138596,"CHRM3"
"ENSG00000113448",46.1856326008537,-0.794783429423661,0.226555693292258,-3.50811501522668,0.000451293894811043,0.00151690973170339,-0.702702816663104,0.224967822508609,"PDE4D"
"ENSG00000042429",156.705510290823,-0.327067830878438,0.0932366462047719,-3.50793217250771,0.000451604174929883,0.00151756522897571,-0.311528049763363,0.091904198757838,"MED17"
"ENSG00000123836",126.066182148612,0.417850882860659,0.119128671550857,3.50755932573524,0.000452237504800578,0.00151930568721725,0.388308972949848,0.118559822680134,"PFKFB2"
"ENSG00000088448",970.517950606391,-0.575863673822731,0.164197537670706,-3.50713952226013,0.00045295158887285,0.00152131648446427,-0.524689285383439,0.161591108303224,"ANKRD10"
"ENSG00000114405",24.5589433985732,-0.880399973409626,0.251070600565605,-3.50658329340945,0.000453899352769069,0.00152411091011414,-0.771239118572965,0.250493581950359,"CEP15"
"ENSG00000103550",125.389304549931,0.407766967779818,0.116346269675918,3.50477044872732,0.000457001137201446,0.00153335294913207,0.383324839117594,0.11571027167294,"KNOP1"
"ENSG00000113732",1444.28984247823,-0.323989891770068,0.092439106850868,-3.50490071580593,0.000456777591807397,0.00153335294913207,-0.308164827622692,0.0909600933245303,"ATP6V0E1"
"ENSG00000155744",301.851226386495,-0.795694163860681,0.227027819535642,-3.50483110610928,0.00045689703313628,0.00153335294913207,-0.703346221984,0.22470133915071,"HYCC2"
"ENSG00000108840",440.208637514426,0.522752477291931,0.149194125350185,3.50384089229343,0.000458599272413158,0.00153832306257112,0.48065617399364,0.150449681866469,"HDAC5"
"ENSG00000185236",626.773621208313,0.673610924622154,0.192270989215158,3.50344546190669,0.000459280693875398,0.0015402164074283,0.605628472349448,0.197975990369513,"RAB11B"
"ENSG00000087157",146.97928853989,0.393490472090326,0.112328064807724,3.50304683663765,0.000459968577043716,0.00154173785268777,0.371023995337572,0.111666290177788,"PGS1"
"ENSG00000143409",350.420981156664,0.463568641709222,0.132330828279981,3.5031039080963,0.000459870033399477,0.00154173785268777,0.432036474148667,0.132572882614127,"MINDY1"
"ENSG00000198133",39.603788107912,0.732179157967559,0.209053957718111,3.50234535600053,0.00046118141399583,0.00154540964537264,0.649140630953999,0.214677664687377,"TMEM229B"
"ENSG00000177556",1224.23455021107,-0.569448871192394,0.162624402869923,-3.50162005912407,0.000462438565572046,0.00154922802908946,-0.517882324410895,0.159928260221487,"ATOX1"
"ENSG00000008083",102.95387419277,-0.291180583095298,0.0831739533871936,-3.50086260466406,0.000463754868376748,0.00155324258383319,-0.280231800751067,0.082225471096174,"JARID2"
"ENSG00000135541",170.445167768384,-0.580155646220425,0.165728148179646,-3.50064640553122,0.000464131219591825,0.00155410774088148,-0.52733071560985,0.163175280465092,"AHI1"
"ENSG00000183908",65.6638788291391,1.44716929831111,0.413438038889296,3.50032934124529,0.000464683668439476,0.00155556195745592,1.19210545666246,0.483616067770852,"LRRC55"
"ENSG00000008517",2087.27769151022,0.993336741010508,0.283879890024571,3.4991444477611,0.000466753647109219,0.00156209418348754,0.859730317811094,0.308281001415691,"IL32"
"ENSG00000169129",40.0529144853818,-0.528838485090575,0.151198844416632,-3.49763575992253,0.000469401737107718,0.00157015835131103,-0.486541483906601,0.149372353373625,"AFAP1L2"
"ENSG00000174891",198.563625578934,-0.392133457241843,0.112112205347955,-3.49768748215062,0.000469310721304524,0.00157015835131103,-0.369374006345713,0.110286856832832,"RSRC1"
"ENSG00000180596",54.9515364144638,0.800747987278604,0.228981982532818,3.49699124106343,0.000470537281373067,0.00157355698413965,0.703889867936367,0.238429490288189,"H2BC4"
"ENSG00000113013",7159.30812465108,0.281634759648717,0.0805548759742897,3.49618513146994,0.000471961130965996,0.00157791778829312,0.272418083860487,0.0799363999668273,"HSPA9"
"ENSG00000136518",318.419332934965,-0.248308181658833,0.0710520017885815,-3.49473871823746,0.000474526044400622,0.00158609035302833,-0.240949070370419,0.0702291978854097,"ACTL6A"
"ENSG00000182809",219.619722820564,0.820455738125113,0.234819080366433,3.49399093482864,0.000475857176141981,0.00159013593428562,0.718152675311193,0.247731414049631,"CRIP2"
"ENSG00000118507",224.846820714855,-0.576120144470683,0.164895702700187,-3.49384571602925,0.000476116084163705,0.00159059740271488,-0.525185595107526,0.162370067585956,"AKAP7"
"ENSG00000127586",44.8803791945222,1.26026808419405,0.360756095901428,3.49340759175531,0.000476898004620852,0.00159280546139983,1.05290684080708,0.407081252558527,"CHTF18"
"ENSG00000124214",2631.65794447225,-0.259189108082359,0.0742733438802618,-3.48966526268435,0.000483625919757917,0.0016148665634118,-0.250193662669312,0.073342862823485,"STAU1"
"ENSG00000126821",327.748463618398,-0.958229364270642,0.274653413225205,-3.48886748946001,0.000485071547136184,0.00161928295882226,-0.833081712057123,0.272502336021611,"SGPP1"
"ENSG00000136897",339.753062660992,-0.327728814535897,0.0939484179871506,-3.4883909868575,0.000485936928450968,0.00162176060836133,-0.312631052763731,0.092531800658702,"MRPL50"
"ENSG00000082996",853.582380981367,-0.555816995228086,0.159406644973457,-3.4867868608654,0.00048886079215329,0.00163110521781303,-0.504680166194616,0.156566578766446,"RNF13"
"ENSG00000126814",175.237256694818,-0.354260097293905,0.10160844075455,-3.48652232691644,0.0004893445349844,0.00163230558591452,-0.336389195831183,0.10006127039578,"TRMT5"
"ENSG00000095303",137.784519753317,0.581865722779466,0.166940745355695,3.4854625905719,0.000491286912764844,0.00163836967919502,0.528474631898354,0.169270607963715,"PTGS1"
"ENSG00000115944",1669.2548258901,-0.409950636152418,0.117663661503031,-3.48408872302396,0.000493815760868123,0.00164638599837673,-0.383758869048458,0.115611944475693,"COX7A2L"
"ENSG00000153823",1285.54236266774,0.475124317241868,0.13637291259909,3.48400799093177,0.000493964739609651,0.00164646576245586,0.441788743841959,0.136823839800885,"PID1"
"ENSG00000005022",4903.96094082419,0.368587447968583,0.105821801376956,3.4830955736201,0.000495651382314145,0.00165166947596761,0.358090352772347,0.105134483544893,"SLC25A5"
"ENSG00000077616",18.1343749698943,-0.861725482962597,0.247419976619354,-3.48284522024804,0.0004961151092926,0.00165279643951072,-0.754457448571219,0.247514729813666,"NAALAD2"
"ENSG00000130699",138.819669849052,-0.453179284261111,0.130127688265296,-3.48257384959609,0.000496618223257056,0.001654054016545,-0.42141619933947,0.128053795570835,"TAF4"
"ENSG00000103260",170.19222343316,0.828655907414601,0.237985803307446,3.48195520866465,0.000497766946067155,0.00165734687866218,0.723751683140602,0.251475757092903,"METRN"
"ENSG00000146038",97.7179077629119,1.24916449173798,0.358758833205359,3.4819058825039,0.000497858643863658,0.00165734687866218,1.04225682914219,0.407202354474049,"DCDC2"
"ENSG00000143702",155.517542864735,-0.537392844645214,0.15440127420329,-3.48049488204134,0.000500488386011194,0.00166568000258427,-0.491161937869714,0.151917693379781,"CEP170"
"ENSG00000101745",467.795169570918,-0.612885939779542,0.176098695855701,-3.48035479082568,0.000500750185569238,0.0016661301347497,-0.554380567472004,0.173422706837676,"ANKRD12"
"ENSG00000106258",10735.4487036536,-0.827745539250897,0.237876738222356,-3.47972460626713,0.000501929441185847,0.00166963189051361,-0.710548258526062,0.233896203707988,"CYP3A5"
"ENSG00000020256",116.933054485609,0.334106025096344,0.0960208878273023,3.47951401675486,0.000502324091254257,0.0016705226030446,0.318707191081232,0.0951001097740352,"ZFP64"
"ENSG00000108443",351.230847123777,-0.534213784626992,0.153550195474913,-3.47908241324429,0.000503133831365039,0.00167237061947793,-0.486059702671842,0.150784974717918,"RPS6KB1"
"ENSG00000120860",391.115656037934,-0.282772251264632,0.0812768433514192,-3.47912442959923,0.000503054950193328,0.00167237061947793,-0.27175694757763,0.0801876426155368,"WASHC3"
"ENSG00000205155",140.761029263875,-0.554621629524576,0.159434937678129,-3.47867059505025,0.000503907586232397,0.00167451975778287,-0.506180653281582,0.157028438419942,"PSENEN"
"ENSG00000181577",17.4305480900149,3.75971752880717,1.08097421670195,3.47808252104111,0.000505014427078989,0.00167777439992984,4.35968407455457,1.35173877315805,"LINC03040"
"ENSG00000134809",399.269928217335,-0.511356891390171,0.147026565846029,-3.47798976632347,0.000505189211753713,0.00167793167556745,-0.471005893792975,0.144594398917556,"TIMM10"
"ENSG00000061987",973.389148684466,-0.531609947701285,0.152855526028056,-3.4778588744231,0.000505435957129988,0.00167832782132999,-0.486942489289159,0.150245008378736,"MON2"
"ENSG00000147408",44.0285517591879,-0.774840519201437,0.222823226365383,-3.47737770357415,0.000506343982168552,0.00168091902905476,-0.685053243456409,0.221078620540728,"CSGALNACT1"
"ENSG00000145824",606.590630609331,-0.666812706212776,0.191763694664099,-3.47726250988641,0.000506561591483767,0.00168121752293302,-0.598011150820328,0.189077963073354,"CXCL14"
"ENSG00000128311",5141.17463933706,0.536802747476628,0.15437849930972,3.47718594154536,0.000506706282921621,0.00168127392160939,0.500725969631889,0.155670305647288,"TST"
"ENSG00000145743",288.083064854916,-0.673141773397403,0.193662258127551,-3.47585420053325,0.000509229049029195,0.00168921886105275,-0.603131129676737,0.191048128467193,"FBXL17"
"ENSG00000102048",215.942443362026,-0.744049575235787,0.214116094926663,-3.47498199745625,0.000510887635639932,0.00169429385663359,-0.662390206548214,0.211722900061327,"ASB9"
"ENSG00000068097",115.892175244384,0.406667752719545,0.117034557562133,3.47476643814069,0.000511298319881648,0.00169522882889997,0.382018604201671,0.116338712697949,"HEATR6"
"ENSG00000111271",834.808353945769,0.36266410960995,0.104392921018984,3.47402971456272,0.000512704252206723,0.00169946228211322,0.344022088188545,0.103821106229908,"ACAD10"
"ENSG00000130475",20.0014541549739,1.07494581135575,0.309454528080758,3.47367937390538,0.000513374091132028,0.00170125428740103,0.913640030705654,0.33176709271378,"FCHO1"
"ENSG00000123384",6452.66445776593,0.673069664183997,0.193777551797236,3.47341401489209,0.000513881990999042,0.0017025088811005,0.609356946616674,0.199387638457991,"LRP1"
"ENSG00000197157",2516.5698273324,0.309786077056488,0.0891924263944152,3.47323298153805,0.00051422875941591,0.00170322914376601,0.297868678158193,0.0885385034797434,"SND1"
"ENSG00000151151",110.531270025107,-0.848499489344791,0.244320036805949,-3.47290177439975,0.000514863749539945,0.00170490345232468,-0.743884483439354,0.242275968621723,"IPMK"
"ENSG00000112249",598.446120799855,0.631518479523581,0.18185240630725,3.47269795515708,0.000515254874864102,0.00170576959579099,0.572586511264678,0.186033980271133,"ASCC3"
"ENSG00000099998",452.985063495842,0.744773450514103,0.214489585177957,3.47230589259698,0.00051600801447033,0.00170783346367933,0.658580787733842,0.223531085644255,"GGT5"
"ENSG00000134508",404.2498289579,0.369613829267333,0.106449364720425,3.47220324177673,0.000516205372832928,0.00170805728542808,0.349964358580994,0.105864883181542,"CABLES1"
"ENSG00000184730",57.5271733184044,0.848140160796055,0.24431136787488,3.47155422268527,0.000517454818527622,0.00171176134189313,0.739048443322621,0.256935826634986,"APOBR"
"ENSG00000122026",4663.36174258388,-0.424501813998177,0.122286039563926,-3.47138410493919,0.000517782783130094,0.00171241600670455,-0.395677978028026,0.120071706417013,"RPL21"
"ENSG00000163138",58.2964672483298,-0.394117789910249,0.113572249319717,-3.47019445569639,0.000520081690545475,0.00171958702604765,-0.370894757220501,0.112017781487396,"PACRGL"
"ENSG00000159348",741.752725730598,0.248480964517635,0.0716072544008577,3.47005295199055,0.000520355767954722,0.00172006127062311,0.24155535484964,0.0710380162486172,"CYB5R1"
"ENSG00000188820",64.3213169356903,-0.964987946823478,0.278162770703717,-3.4691484571504,0.000522110859642362,0.00172542961296469,-0.835648328307222,0.276629778228468,"CALHM6"
"ENSG00000180354",127.692409719055,-0.603530292846734,0.174044679612208,-3.46767447411474,0.000524982818029748,0.00173448526528975,-0.54651095490345,0.17154753158318,"MTURN"
"ENSG00000137831",495.581775448342,-0.436256992467293,0.12586542447775,-3.4660590410547,0.00052814728819246,0.00174450255803862,-0.406625069173331,0.123666111833069,"UACA"
"ENSG00000164366",174.417030270188,0.264581516276456,0.0763446158725066,3.46562116074171,0.000529008108539815,0.00174670937112343,0.25597505347507,0.0757329399026275,"CCDC127"
"ENSG00000186212",364.639411840717,0.490876180248364,0.141643124291174,3.46558424706359,0.000529080736141594,0.00174670937112343,0.455078095678105,0.142285714448112,"SOWAHB"
"ENSG00000181826",18.2097528381544,1.03871780828382,0.299734429580388,3.4654604402236,0.000529324393747483,0.00174707570019538,0.885623596341661,0.319152424911802,"RELL1"
"ENSG00000069493",54.973152939325,-0.83824079457059,0.241905268815928,-3.465161377731,0.000529913394037664,0.00174830114705572,-0.734858610256052,0.240092332139586,"CLEC2D"
"ENSG00000136240",4763.33246096385,-0.303166976481231,0.0874936174161565,-3.46501819714736,0.000530195602767678,0.00174830114705572,-0.289181043345753,0.0861441326857189,"KDELR2"
"ENSG00000138468",209.703112712914,-0.695328125042427,0.200671761070327,-3.46500235675285,0.00053022683276572,0.00174830114705572,-0.620433831296312,0.198072115603573,"SENP7"
"ENSG00000162894",46.549247488071,-0.75735627734944,0.218568380753253,-3.46507703785589,0.000530079610866708,0.00174830114705572,-0.670493714131282,0.216590711360627,"FCMR"
"ENSG00000120694",674.857082061018,0.577807134655343,0.166776627930544,3.46455700552943,0.000531105563162524,0.0017507601013014,0.528221368507107,0.16932171498763,"HSPH1"
"ENSG00000185009",714.274313839072,0.524021688559165,0.151265730238145,3.46424591831985,0.000531720179674492,0.00175234740565566,0.484536087786388,0.152481362153245,"AP3M1"
"ENSG00000111912",314.809191514742,-0.550432273416892,0.158907164283689,-3.46386065032432,0.000532482274202485,0.00175441982536284,-0.502124918057787,0.156200906842598,"NCOA7"
"ENSG00000240972",154.138753245833,1.09823553063378,0.317324215668302,3.46092569179077,0.00053832138170112,0.00177321473892343,0.926817379606663,0.352243091306667,"MIF"
"ENSG00000163701",190.413799264275,0.759829290652522,0.219595223345139,3.46013578564181,0.000539903060122955,0.00177797991235088,0.669134871989415,0.229409444759934,"IL17RE"
"ENSG00000168159",966.819926158104,0.481651173909517,0.139209871539526,3.45989238107128,0.000540391316281481,0.00177914280324131,0.444192607357295,0.139795241225043,"RNF187"
"ENSG00000144791",760.175960685378,0.431272680911135,0.124671702268726,3.45926680283501,0.000541648079761642,0.00178283465453545,0.400111695692089,0.124737385698453,"LIMD1"
"ENSG00000123353",332.880321982265,0.37646112135037,0.108841819055939,3.45879115780753,0.000542605454721001,0.00178553946934684,0.355670826184171,0.1081774636063,"ORMDL2"
"ENSG00000081026",230.898120812023,-0.44480807410616,0.128609599991955,-3.45859153697692,0.000543007719588691,0.00178641670067584,-0.413973013340097,0.126433592656432,"MAGI3"
"ENSG00000175582",1176.27489087235,-0.44122165642577,0.127584785235216,-3.45826232816344,0.000543671729975885,0.00178815438342805,-0.421655629391959,0.125620195166081,"RAB6A"
"ENSG00000128833",155.341110598623,0.451783348275483,0.130681813027732,3.45712488836997,0.000545971759396031,0.00179527077527676,0.420128767411301,0.130501122184154,"MYO5C"
"ENSG00000215041",113.161705092551,0.599289191411332,0.173391220707517,3.45628336294048,0.000547679247758113,0.00180043569937162,0.54167045361418,0.176146959293816,"NEURL4"
"ENSG00000124222",619.694747789937,-0.610398549675107,0.176677613863999,-3.45487204816436,0.000550554032876567,0.00180943444754191,-0.550897244196636,0.173883705872287,"STX16"
"ENSG00000146247",327.587897640249,-0.77199408959682,0.223468137717547,-3.4546047480495,0.00055110009203139,0.00181077709300856,-0.681672089230748,0.220940803652683,"PHIP"
"ENSG00000165449",33.4262235535699,-1.24009247270621,0.359097729590044,-3.4533564835454,0.000553656818657636,0.00181872397067027,-1.05273314693262,0.358173638461462,"SLC16A9"
"ENSG00000162994",18.1522328134333,-0.739469480801178,0.214204557987945,-3.45216501342046,0.000556107519699017,0.0018263186840502,-0.655979371629665,0.213513354807002,"CLHC1"
"ENSG00000010292",222.226205558969,0.347382859059183,0.100633256367982,3.45196877848135,0.000556512117555616,0.00182719165579482,0.330155200666528,0.0998738183376623,"NCAPD2"
"ENSG00000198380",788.156079155186,-0.560977335847454,0.162561854005345,-3.45085468715809,0.000558814356565333,0.00183429314847648,-0.510792851334978,0.159829106611521,"GFPT1"
"ENSG00000130589",210.145019461248,0.645223945331102,0.187035501366901,3.44974050709971,0.000561125648152081,0.00184142080846717,0.578313449017707,0.191647187745857,"HELZ2"
"ENSG00000128394",46.8177579400116,0.539903191241751,0.156523904626054,3.44933377768472,0.000561971596995831,0.00184373736507528,0.493189589693448,0.157210419359454,"APOBEC3F"
"ENSG00000176407",599.02283447325,-0.220506823036398,0.0639321742427822,-3.44907436119761,0.000562511772680736,0.00184504982538978,-0.214708658072823,0.0632725931746935,"KCMF1"
"ENSG00000100027",102.660622095977,-0.550514784879888,0.1596293784826,-3.4487059344148,0.000563279768557429,0.0018471087005796,-0.501687470322363,0.157232034258829,"YPEL1"
"ENSG00000145723",116.684164597865,-0.436290910102805,0.12651599418735,-3.4485039848537,0.000563701152261522,0.00184803022178167,-0.406300690105446,0.124475017461669,"GIN1"
"ENSG00000168175",601.529201368912,-0.347867404828413,0.100879769218454,-3.44833664394205,0.000564050544689296,0.00184871532770208,-0.329811741800845,0.0992284003868123,"MAPK1IP1L"
"ENSG00000139405",490.1622374361,0.445600884157335,0.129224665372874,3.44826494904487,0.000564200298743997,0.00184874592664596,0.416381314151553,0.129273990533249,"RITA1"
"ENSG00000160685",724.324644813805,0.536450660227944,0.155594540550124,3.44774732025466,0.000565282604777259,0.00185183149402772,0.491065826494143,0.157250516744499,"ZBTB7B"
"ENSG00000151292",369.025515622272,-0.559494077209486,0.162286910488844,-3.4475613314972,0.0005656719591819,0.00185264602352958,-0.508240040838292,0.159502885860574,"CSNK1G3"
"ENSG00000140859",400.261528953794,0.894188431805363,0.259404636091403,3.44707960998157,0.000566681570796897,0.00185549106220143,0.771899070197729,0.277831597765042,"KIFC3"
"ENSG00000125449",117.963511471918,0.528909469887401,0.153518519718322,3.4452486309655,0.000570534341983925,0.00186764175697672,0.486827419962279,0.154611175983667,"ARMC7"
"ENSG00000249471",35.3363913686829,0.565310624163745,0.164127260692005,3.44434326010343,0.000572448435436071,0.00187344173526008,0.514359608876355,0.164202180885345,"ZNF324B"
"ENSG00000125375",295.96073837208,-0.278311677062105,0.0808111949530165,-3.4439742813346,0.000573230227087254,0.00187553408793012,-0.267801366500849,0.079769309642213,"DMAC2L"
"ENSG00000139974",55.2220777522085,-0.734270598121801,0.213234274840979,-3.44349236851997,0.00057425280045638,0.00187841301138104,-0.650831175822266,0.211126379420579,"SLC38A6"
"ENSG00000130775",144.349917046444,-0.682974637686486,0.198358218226158,-3.44313759114227,0.000575006689685171,0.00188041184212493,-0.609867589374624,0.195703204237758,"THEMIS2"
"ENSG00000185504",320.745062713258,0.7700350312088,0.223684364969307,3.44250717440382,0.000576348576826614,0.00188433209895684,0.676143936727961,0.234280691207119,"FAAP100"
"ENSG00000145247",1295.56849056161,-0.324591191776343,0.0942942759151521,-3.44232127163707,0.000576744840518457,0.0018851595258853,-0.308624220187259,0.0927895186178545,"OCIAD2"
"ENSG00000115946",186.342237778204,0.451131587816641,0.131059794512593,3.44218140654336,0.000577043139159576,0.00188566641106353,0.430024920577917,0.130780377523002,"PNO1"
"ENSG00000140992",674.543404160709,0.340879668721625,0.0990466274364438,3.44160803395714,0.000578267507299068,0.00188919851143909,0.32366748651272,0.0983850037037842,"PDPK1"
"ENSG00000073614",586.807767836958,0.401649498298128,0.116736445137686,3.44065212731464,0.000580314109997539,0.00189541443121498,0.377215830484444,0.11631277332161,"KDM5A"
"ENSG00000131153",68.4701282184003,0.872448899623693,0.253626193010165,3.43990062409968,0.000581927816355513,0.00190021369795057,0.754894212790848,0.268952622102785,"GINS2"
"ENSG00000197903",360.707949694281,0.545406405358849,0.158611124595937,3.43863904091391,0.000584646216657227,0.00190861693243467,0.497473487992345,0.16045429969929,"H2BC12"
"ENSG00000131143",4725.99489885,-0.427279653146132,0.124263850691067,-3.43848714465153,0.000584974311810826,0.00190921462302958,-0.395731836457955,0.121871121426608,"COX4I1"
"ENSG00000103174",143.793524410358,0.519822154295413,0.151256187295331,3.43670010193002,0.000588847207816107,0.00192137852245523,0.479891497326667,0.15204523836992,"NAGPA"
"ENSG00000187024",50.6696045222157,0.705905466304438,0.205425510957096,3.43630867955768,0.000589698682692608,0.00192368009324353,0.625069179617382,0.211171605564599,"PTRH1"
"ENSG00000116205",72.9986432641789,0.399257764646538,0.116193282606175,3.43615186430166,0.000590040129906509,0.00192431715391357,0.374055587210733,0.115409510777003,"TCEANC2"
"ENSG00000174276",41.446455897369,0.988861932367233,0.287807956883288,3.43583945029093,0.000590720924174316,0.00192606034860799,0.841507372995572,0.310531955208389,"ZNHIT2"
"ENSG00000111348",784.916930587922,-0.54626744697137,0.159010291532793,-3.43542195731848,0.000591631841871715,0.00192855281754964,-0.495147251297121,0.156083538019845,"ARHGDIB"
"ENSG00000120899",537.86698407806,0.361355784177156,0.105191615471331,3.43521470373882,0.000592084528898092,0.00192955071967135,0.34844151829,0.104438484362971,"PTK2B"
"ENSG00000156030",169.113413343395,-0.362380575575255,0.105511729592785,-3.43450512065188,0.000593636856001044,0.00193413087010882,-0.341883586840856,0.103810364773172,"MIDEAS"
"ENSG00000013523",453.247950844329,0.354888526124505,0.103373074405139,3.43308475796733,0.000596755515436799,0.00194381076601704,0.336065963931321,0.102708521014634,"ANGEL1"
"ENSG00000066923",94.8143129248934,-0.742522832602168,0.216313480922247,-3.4326239374284,0.000597770601030025,0.00194663560058405,-0.657200726713555,0.214000385283392,"STAG3"
"ENSG00000035928",873.597147957027,0.348727631087125,0.101607834046171,3.43209393607055,0.000598940063723206,0.00194996164168638,0.332042309210367,0.10094605964325,"RFC1"
"ENSG00000116539",604.354638960916,0.502253271299169,0.146347675036341,3.43191834905781,0.000599327970706844,0.0019507421662117,0.464064710171113,0.147209031668066,"ASH1L"
"ENSG00000215186",21.5101155787094,1.34773031092642,0.392726511198362,3.43172735350606,0.00059975018375494,0.00195163393952485,1.10988410312324,0.444959824161112,"GOLGA6B"
"ENSG00000163577",21.112160258921,-0.842334220402528,0.245514640015683,-3.43089202480439,0.000601600008997655,0.00195716968580754,-0.736001209139016,0.245057478042611,"EIF5A2"
"ENSG00000018610",158.085584052914,0.389521799170333,0.113543570837381,3.43059317491621,0.00060226309717196,0.0019583590855436,0.366049074181954,0.112866675212061,"STEEP1"
"ENSG00000183207",515.567004899982,0.413071871747423,0.120407049973634,3.43062862048256,0.000602184415004678,0.0019583590855436,0.393844703310157,0.119958796740577,"RUVBL2"
"ENSG00000161618",150.839563185887,0.761447887727839,0.22198641905333,3.4301552814585,0.000603235923887358,0.00196103806762987,0.669153170732165,0.231696966274719,"ALDH16A1"
"ENSG00000204856",33.2613336461256,-0.543532485150705,0.158462304580389,-3.43004278897742,0.000603486073858087,0.00196136698306975,-0.496466180180436,0.156704537846386,"FAM216A"
"ENSG00000123091",930.526055174086,-0.678136304163473,0.197723797338976,-3.42971515462492,0.000604215185818804,0.00196325200801836,-0.605330331324887,0.194885379714515,"RNF11"
"ENSG00000135048",1830.13232157798,0.55021443949771,0.160452095867486,3.42915084108418,0.000605472922054931,0.00196685331650018,0.501128284395325,0.162535408883194,"CEMIP2"
"ENSG00000100151",239.314138920352,0.42649704788381,0.124388641513675,3.42874592642708,0.00060637689263193,0.00196930393892254,0.39911041023808,0.124133086641514,"PICK1"
"ENSG00000135525",384.439227463289,-0.415807175227174,0.121279627235385,-3.42849977944074,0.000606927028611141,0.00197060450276061,-0.385498951114941,0.118989012289906,"MAP7"
"ENSG00000156052",702.484720110599,-0.680515478727908,0.198517126496262,-3.42799379952098,0.000608059347587697,0.00197379422345651,-0.606515177475569,0.195638372593865,"GNAQ"
"ENSG00000114686",862.981169053056,-0.32927367703669,0.0960787087666336,-3.42712429489935,0.000610009782001236,0.00197963736500574,-0.311549071363181,0.094515608523263,"MRPL3"
"ENSG00000160888",404.54475454579,-0.690113957808862,0.201386823775692,-3.42680789572172,0.000610720958257861,0.00198145690892632,-0.614897178600647,0.198639989120597,"IER2"
"ENSG00000112874",548.488762954629,-0.665387489910071,0.19418095410363,-3.42663621662385,0.000611107167360147,0.00198222147461535,-0.594719545200006,0.191339253350707,"NUDT12"
"ENSG00000165879",172.552972783915,0.570090340354266,0.166423718420356,3.42553540904742,0.00061358894859167,0.0019897813047187,0.518105444325863,0.16858423662952,"FRAT1"
"ENSG00000196151",96.7973004943623,-0.429672612735008,0.125502172460335,-3.42362689276,0.000617913955130361,0.00200331325615522,-0.400266250084021,0.123558352793899,"WDSUB1"
"ENSG00000197557",92.3382385946358,-0.577132358703093,0.16863352952241,-3.42240573590318,0.000620696157687891,0.00201183791534189,-0.522733949313788,0.166106071800929,"IFT70A"
"ENSG00000132698",17.9872137929377,1.86129286378284,0.543901170445037,3.4221159374595,0.000621358124224822,0.00201348783252375,1.47286579651124,0.672642824418012,"RAB25"
"ENSG00000163154",49.0269795195479,-0.677646671680379,0.198027850947874,-3.42197659792183,0.00062167664167988,0.00201402427764697,-0.604644966835829,0.195829539805013,"TNFAIP8L2"
"ENSG00000163660",1500.181909785,-0.622129619381658,0.181823550607004,-3.42161187208547,0.000622511091016695,0.00201606150527071,-0.562721236229946,0.17883916513871,"CCNL1"
"ENSG00000167703",85.9517242329055,0.814668542441085,0.238098019103427,3.42156791353734,0.00062261173328503,0.00201606150527071,0.70947944541838,0.250292545282612,"SLC43A2"
"ENSG00000146576",177.568811912533,0.51333707535062,0.15005377227305,3.42102079524206,0.0006238656177342,0.00201962496264777,0.471409416811484,0.150981070703157,"INTS15"
"ENSG00000156313",51.3078425316378,-0.481037433978687,0.140624115540659,-3.42073215628228,0.000624528066132361,0.0020212724972219,-0.446554580329993,0.1385751836859,"RPGR"
"ENSG00000134697",462.948941683477,0.26058410145028,0.0761826664793906,3.4205169429292,0.000625022423003871,0.00202237533085991,0.252148454404971,0.0755192503231101,"GNL2"
"ENSG00000184702",16.9144712277167,1.14068881516569,0.333545773796098,3.41988687844389,0.00062647180961649,0.00202656703818445,0.958085169105452,0.362064875891611,"SEPTIN5"
"ENSG00000164494",669.97089612315,0.403222340052385,0.117956691721925,3.41839309127926,0.000629920589179895,0.0020372229125872,0.377648207529202,0.117564958564096,"PDSS2"
"ENSG00000135930",1243.57543678503,0.192467974093835,0.0563058242534286,3.41826048452022,0.000630227596923064,0.00203771526058179,0.185834247194366,0.0559607387313467,"EIF4E2"
"ENSG00000095539",1336.23783583515,0.453541586421929,0.132697626042048,3.41785757552447,0.000631161255621018,0.00204023302025689,0.422291425767692,0.132828350988413,"SEMA4G"
"ENSG00000136383",87.6752339950577,0.822869803908648,0.240763206694322,3.41775562473455,0.000631397709505688,0.00204049637784779,0.715560409532856,0.253603450037429,"ALPK3"
"ENSG00000136754",496.961267852001,-0.420122124528457,0.122956577430887,-3.41683326997782,0.000633540669984084,0.00204691937693508,-0.384682474586309,0.120335648455894,"ABI1"
"ENSG00000197006",281.38633566669,-0.326150557854297,0.0954572268361965,-3.4167193900779,0.000633805722524208,0.00204727334218688,-0.310658044517671,0.0939872340921692,"METTL9"
"ENSG00000060138",178.492830525758,-0.718045046394814,0.21017493625774,-3.4164161492323,0.000634512010932675,0.00204905203236193,-0.6367916074992,0.207481430828755,"YBX3"
"ENSG00000186104",146.882724896267,-0.512757372331655,0.150093326285506,-3.416256971721,0.000634883049567112,0.00204974748175591,-0.468381358163386,0.147518136469226,"CYP2R1"
"ENSG00000164754",1180.94791766155,-0.547974501877041,0.160415911296367,-3.41596103184965,0.000635573414195945,0.00205147329524487,-0.499881206011746,0.157627758088424,"RAD21"
"ENSG00000123096",22.0853460865343,-1.13420831876943,0.332139365372787,-3.41485664457875,0.000638155884382304,0.00205930401318074,-0.964704348684816,0.332356214430937,"SSPN"
"ENSG00000178860",16.8034003966231,1.05249170440831,0.30822188540086,3.414720869154,0.000638474050948832,0.00205982586493318,0.891407932806618,0.329210337502605,"MSC"
"ENSG00000109189",126.950039454239,0.497802900794429,0.145793940645773,3.41442791510734,0.000639161041531448,0.00206153705850148,0.45782221604896,0.146298615802116,"USP46"
"ENSG00000120913",293.320751489374,0.49242341792868,0.14425137134065,3.41364808772473,0.000640993124897373,0.00206693986833182,0.454033118068822,0.144935540820203,"PDLIM2"
"ENSG00000141258",512.103715266384,0.653087020616346,0.191379558345573,3.41252235224135,0.000643646482118992,0.00207498765513679,0.582996402900608,0.196730221891588,"SGSM2"
"ENSG00000116127",163.7145954668,0.478995348398992,0.140385584363153,3.41199810914998,0.000644885605674734,0.00207847341109267,0.441519440901465,0.140661392880084,"ALMS1"
"ENSG00000164603",50.054216840761,-0.748791962057012,0.219482252142367,-3.4116287524301,0.00064575996501985,0.00208078210950841,-0.660841585999404,0.217546035715082,"SAMTOR"
"ENSG00000036672",132.644908265451,0.811364417318799,0.237831159618548,3.4115143643084,0.000646030973720324,0.00208114602397891,0.706773471297929,0.250795183376436,"USP2"
"ENSG00000103126",154.647958886252,0.571657313239983,0.167654969636034,3.40972483238049,0.000650284534299874,0.00209433614936207,0.517537932128413,0.170037765139397,"AXIN1"
"ENSG00000140287",20.1146951277572,-1.07332752779008,0.314822987713369,-3.40930481470207,0.000651286646388545,0.00209705062028652,-0.916448557481648,0.314906549575079,"HDC"
"ENSG00000104415",15.2805793958395,1.02063660541384,0.299377711518238,3.40919369126671,0.000651552013796549,0.00209739213047564,0.868796609087209,0.316373518696161,"CCN4"
"ENSG00000131849",34.2887523976551,0.691990802548284,0.20300649921283,3.40871255467938,0.000652702148705496,0.00210058090683367,0.614370404513346,0.206848908842017,"ZNF132"
"ENSG00000164638",155.264311246506,1.52967227536514,0.448941465563489,3.40728667922258,0.000656121736827597,0.00211071652404264,1.22992970216267,0.545290613368465,"SLC29A4"
"ENSG00000184402",954.932756484544,-0.42169760035369,0.123764225348549,-3.40726570352692,0.000656172165646857,0.00211071652404264,-0.387321644136813,0.121406532608845,"SS18L1"
"ENSG00000132274",830.228696313727,0.615519400719858,0.180656618038252,3.40712345555771,0.00065651424689638,0.00211130106854855,0.555820013391646,0.184549507855458,"TRIM22"
"ENSG00000100605",1082.30470964113,0.406002874867658,0.119185864691787,3.40646834184219,0.000658091821365494,0.00211544279144487,0.378094782051982,0.119009131580837,"ITPK1"
"ENSG00000125952",436.332541530288,-0.220192052937245,0.0646396442139968,-3.40645521204099,0.000658123475144932,0.00211544279144487,-0.214365241966552,0.0639598672476762,"MAX"
"ENSG00000084092",190.341367003354,0.275426889003621,0.0808758750157092,3.40555065339476,0.00066030762825539,0.00212194538286807,0.265495759665353,0.0800818941194471,"NOA1"
"ENSG00000112320",50.321395288273,-0.711090883337142,0.208831067036245,-3.40510103898346,0.000661395776103401,0.0021244051691089,-0.630576057080634,0.20665718550572,"SOBP"
"ENSG00000165806",449.274554408294,-0.301556894669701,0.0885602296703746,-3.40510515602895,0.000661385804552119,0.0021244051691089,-0.285898018475779,0.0871565071944449,"CASP7"
"ENSG00000132792",723.820101262945,0.355999920431703,0.104560496172063,3.40472677028882,0.000662302845186232,0.00212679981944437,0.334356648835076,0.103975123374506,"CTNNBL1"
"ENSG00000101425",15.429222349661,-1.12036952519674,0.329088086088497,-3.40446698789169,0.000662933127822663,0.0021277858510271,-0.951960505992682,0.330626587247327,"BPI"
"ENSG00000159388",158.006932059043,-0.628707453003032,0.18467053652587,-3.40448165056887,0.000662897538469338,0.0021277858510271,-0.564560288813886,0.182075719055023,"BTG2"
"ENSG00000143575",1088.91182429022,-0.290434053662818,0.0853284845606105,-3.4037174708818,0.000664754729131675,0.0021331125429558,-0.278846663981788,0.0840815293979945,"HAX1"
"ENSG00000112855",378.96944143767,0.319603798958284,0.0939032891419892,3.40354211102252,0.000665181589205796,0.00213396218408468,0.305482176646093,0.0930885804964302,"HARS2"
"ENSG00000139173",55.2711290176604,-0.45731418762819,0.134410391263997,-3.40237226696241,0.000668035745191122,0.00214259649724393,-0.421623468558949,0.132225043594159,"TMEM117"
"ENSG00000141985",400.316472578206,0.524814676250869,0.154280779652948,3.40168540392024,0.000669716837342992,0.00214694226453806,0.479514916340422,0.155677504233058,"SH3GL1"
"ENSG00000180739",15.2039591469548,-0.762823112937162,0.22424454202211,-3.40174662026757,0.000669566851294217,0.00214694226453806,-0.669967081960176,0.223709378309589,"S1PR5"
"ENSG00000133065",116.695566029955,0.700109250874461,0.20581971781072,3.40156549781255,0.000670010709572482,0.0021473614903192,0.619493999943531,0.212512901328901,"SLC41A1"
"ENSG00000140525",63.9439900087753,0.623747414757998,0.183392255749637,3.4011655083709,0.000670991892099917,0.00214998278203638,0.557264409896168,0.186360558806108,"FANCI"
"ENSG00000133250",35.2491491287942,0.965403968302157,0.283964178250534,3.39973856649767,0.000674503104521831,0.00216070751195485,0.823158831295036,0.303970051646865,"ZNF414"
"ENSG00000181754",125.942217421104,0.580177945599793,0.170667313697642,3.3994672619483,0.000675172621122081,0.0021623261322533,0.524699961847168,0.173001650331033,"AMIGO1"
"ENSG00000164574",179.891217390691,0.418436078447243,0.123102077991791,3.39909841712944,0.000676083835403363,0.00216438767454499,0.39053508617554,0.12264642453143,"GALNT10"
"ENSG00000175390",1397.90604688092,-0.345996832760467,0.101791508601124,-3.39907363114417,0.00067614510902351,0.00216438767454499,-0.33473475019503,0.100265376626538,"EIF3F"
"ENSG00000100216",696.106201575881,-0.288706758845867,0.0849394640554392,-3.39897080887432,0.000676399351861999,0.00216467522280386,-0.280032053301573,0.0838654961269998,"TOMM22"
"ENSG00000134030",742.554736008123,0.516514613984798,0.151978367251736,3.39860615247463,0.000677301733882184,0.00216703636167505,0.472876944142188,0.153223852413828,"CTIF"
"ENSG00000177613",375.252216904154,0.355427758801945,0.104590775804061,3.39827060340197,0.000678133075235357,0.00216916911286412,0.340045434230872,0.103793328561977,"CSTF2T"
"ENSG00000188747",102.097580941835,1.15553218605182,0.340085692329755,3.39776771594199,0.00067938078297705,0.00217263235090499,0.962065115729929,0.382793613145509,"NOXA1"
"ENSG00000160226",124.024152718284,0.824371189443532,0.242689210525206,3.39681845624493,0.000681741797245055,0.0021791241812402,0.715495322019749,0.256289737246726,"CFAP410"
"ENSG00000177427",130.531106767821,0.368952462020585,0.108615044683829,3.39688174041248,0.000681584158843412,0.0021791241812402,0.34825266228789,0.107854627139608,"MIEF2"
"ENSG00000076003",236.319532058593,0.776887969970017,0.228723773490122,3.39662099009383,0.000682233895640571,0.00217963879398296,0.678599325076989,0.23992409209933,"MCM6"
"ENSG00000139218",982.454842379646,-0.404254394681145,0.119014581318129,-3.39667955139515,0.000682087922667551,0.00217963879398296,-0.371567427233214,0.11647070178186,"SCAF11"
"ENSG00000132670",608.485850772121,0.246924043060889,0.0726990847052582,3.39652203410794,0.000682480624519247,0.00217989808404183,0.238988830382682,0.0720990211537668,"PTPRA"
"ENSG00000165905",72.6866066784672,0.842118447648423,0.24796311530875,3.39614400553027,0.000683423934355766,0.0021823816443677,0.728450539493488,0.262177102550989,"LARGE2"
"ENSG00000084110",1590.44254583873,-0.785671005535899,0.231375199404896,-3.39565782139429,0.000684638910785027,0.00218573130441214,-0.688625430062672,0.228563170188952,"HAL"
"ENSG00000227051",276.710750269752,0.604303414000404,0.1780017341152,3.39492992584729,0.00068646167872908,0.00219101926355081,0.545894513395207,0.181417198076056,"C14orf132"
"ENSG00000114120",96.0554856016262,-0.789698733074834,0.232619724588077,-3.39480555431501,0.00068677357596476,0.00219113467265013,-0.691864940499289,0.230156281842648,"SLC25A36"
"ENSG00000141503",462.449693973223,0.571652744937176,0.168391552781945,3.39478278745623,0.000686830684644318,0.00219113467265013,0.517082751665429,0.170948887838673,"MINK1"
"ENSG00000259330",47.4044666914306,-0.569450092622263,0.167754024240871,-3.3945539917696,0.000687404843792059,0.00219243511951702,-0.516350390416973,0.165338620117171,"INAFM2"
"ENSG00000073350",723.954030726184,0.724172408376699,0.213362768415414,3.39408985810845,0.00068857095055867,0.00219562245944671,0.643641196143576,0.221780050788596,"LLGL2"
"ENSG00000137177",589.993744504024,0.298099860638204,0.0878401075886931,3.39366456646481,0.000689641083210558,0.00219850230061748,0.28749665698539,0.0871053933165188,"KIF13A"
"ENSG00000162729",696.091592918526,0.529654005197763,0.156121270344968,3.39258067800391,0.000692375392552205,0.00220668468127387,0.484081327900101,0.157691106294988,"IGSF8"
"ENSG00000076641",165.612540093491,-0.60234317338646,0.177572488886466,-3.3920973747886,0.000693597859549928,0.00221004584192506,-0.543080584895858,0.174701052850696,"PAG1"
"ENSG00000105825",93.9757653128279,-1.21210559839526,0.357381720714697,-3.39162729411922,0.000694788805625916,0.00221330496367549,-1.02377105157015,0.355684194084722,"TFPI2"
"ENSG00000242372",848.852310037232,0.345654718029446,0.101941075695693,3.39073053399268,0.000697066013770004,0.00222002204579,0.327794342531505,0.101256055446909,"EIF6"
"ENSG00000182628",210.479574410242,-0.461398139072973,0.136114258813751,-3.38978548679693,0.000699473346101871,0.00222715019946245,-0.424475699690265,0.133562079369201,"SKA2"
"ENSG00000103522",15.3327644572833,1.17579978537422,0.346879729887242,3.38964685470792,0.000699827134736683,0.00222773792455106,0.982661151288747,0.376651101410414,"IL21R"
"ENSG00000168887",310.321254372234,-0.209120082269365,0.0616960669399205,-3.38952047742372,0.000700149794037622,0.00222822629642237,-0.202655032244819,0.0611446583850773,"C2orf68"
"ENSG00000143786",20.8954358893753,-0.546173120849001,0.161162991171245,-3.3889487709288,0.000701611170625961,0.00223233752355278,-0.496854625147129,0.159817341603493,"CNIH3"
"ENSG00000130741",1663.69181096896,-0.279581292680669,0.082501240558809,-3.38881319586191,0.00070195813852327,0.00223290187286721,-0.25908248691193,0.0809958685313192,"EIF2S3"
"ENSG00000136859",189.428297308716,0.63744052610502,0.188155243874566,3.3878435327052,0.000704444382816652,0.00223972826470998,0.569753137467498,0.192630875968777,"ANGPTL2"
"ENSG00000164576",620.930330504203,0.33841179515103,0.0998893194353774,3.3878676625679,0.000704382413997551,0.00223972826470998,0.322135800523008,0.0991656737360324,"SAP30L"
"ENSG00000114541",467.125735963837,-0.494905556470793,0.146112180081612,-3.38716153707625,0.000706197938221963,0.00224476148107928,-0.453887989661303,0.143393389411861,"FRMD4B"
"ENSG00000116809",148.388465821957,0.60436760769475,0.17848845972639,3.38603183993633,0.00070911155589817,0.00225347881847823,0.543192419553985,0.181813907399302,"ZBTB17"
"ENSG00000184207",140.617659743757,0.614317255471354,0.181440653196251,3.38577515374624,0.000709775134291941,0.00225504329587058,0.551658156582178,0.184902018354936,"PGP"
"ENSG00000136874",484.69961058744,0.639693018875243,0.188986254929886,3.38486531262589,0.000712131881717203,0.00226198512778979,0.571259766937236,0.193899912120788,"STX17"
"ENSG00000163281",45.0126066358575,-0.617787934547484,0.182552159147139,-3.38417215898028,0.000713932224363078,0.00226715669704879,-0.55496582019785,0.180345930927139,"GNPDA2"
"ENSG00000241224",245.149613054308,-0.534059537696457,0.157859713234348,-3.3831275045054,0.000716653518340654,0.00227524963165494,-0.486597720162843,0.155133812170794,"C3orf85"
"ENSG00000179889",3724.89260163538,0.223032130901374,0.0659586164205434,3.38139492616628,0.000721188089134942,0.00228909411319929,0.217143717347266,0.0654723572214203,"PDXDC1"
"ENSG00000127528",63.6061197776884,-0.827597347223136,0.244870918094046,-3.37972901667844,0.000725573295665915,0.00230245794426065,-0.721428917957836,0.242884160498161,"KLF2"
"ENSG00000172115",1115.26926672671,-0.70299203900942,0.208018033907106,-3.37947641271984,0.000726240388742078,0.00230401950799475,-0.622671307616045,0.20501044370889,"CYCS"
"ENSG00000109323",406.182396494984,0.235926520333572,0.0698209593103443,3.3790214666761,0.000727443277383989,0.00230672403420944,0.231813789449997,0.0691537149241234,"MANBA"
"ENSG00000145675",3269.08278110504,0.62616143244613,0.185306834175778,3.37905202056481,0.000727362434203322,0.00230672403420944,0.564930361033747,0.189628096353643,"PIK3R1"
"ENSG00000071243",138.30554811404,-0.424210514719374,0.125547380077279,-3.37888783069991,0.000727796965742717,0.00230728987502254,-0.388126322788094,0.12312840700813,"ING3"
"ENSG00000065923",361.053318694556,-0.354761674368074,0.104996487210902,-3.37879565109145,0.000728041026479302,0.00230750798137373,-0.338603821758349,0.103332485213518,"SLC9A7"
"ENSG00000182944",2427.30235202539,0.418591084067304,0.123897438671651,3.37852895552297,0.000728747575293157,0.00230919147444277,0.394791030014131,0.12355659259131,"EWSR1"
"ENSG00000188917",183.646916763018,0.326096258213305,0.0965248538229379,3.37836572963359,0.000729180319055718,0.00231000675666207,0.310539992351247,0.0956874302392625,"TRMT2B"
"ENSG00000165646",19.8150625320178,-1.07501010111881,0.318284510824825,-3.37751308831508,0.000731444720819939,0.00231662285165151,-0.914722362004707,0.318215010527169,"SLC18A2"
"ENSG00000177683",329.15120922517,-0.723790079982136,0.214339888755151,-3.37683332853155,0.000733254670210893,0.00232179677440996,-0.639305455572812,0.211461223025499,"THAP5"
"ENSG00000173559",237.597789713973,-0.594156330779607,0.175991777585171,-3.37604596607968,0.000735356325487515,0.00232789165216846,-0.533542413590328,0.172911944868376,"NABP1"
"ENSG00000176101",282.440015162633,0.50677204606997,0.150124073962762,3.37568807382401,0.000736313472399692,0.0023298088164878,0.464390784724988,0.151125469658399,"SSNA1"
"ENSG00000178057",465.351721648119,-0.397312959260895,0.117698393678397,-3.37568718521788,0.000736315850327034,0.0023298088164878,-0.36898448095934,0.115454690478493,"NDUFAF3"
"ENSG00000167394",33.6750441396939,0.88026994488147,0.260802423243601,3.37523683228687,0.000737521921865619,0.00233306430160566,0.756511374623921,0.275379332975576,"ZNF668"
"ENSG00000198931",817.249409125142,0.519930524491231,0.154047399873688,3.37513339996359,0.000737799178668906,0.00233338073176911,0.475782396195135,0.155418983155316,"APRT"
"ENSG00000122008",270.946995389828,-0.546666958530788,0.161981201761943,-3.37487901425871,0.000738481487334077,0.00233497772868407,-0.496322606791121,0.159125285341582,"POLK"
"ENSG00000253649",24.1418593994631,1.61707446450242,0.479200488939971,3.37452590684855,0.000739429556937055,0.00233741405681471,1.28960710724593,0.577969988878573,"PRSS51"
"ENSG00000134490",58.8997319869256,0.463166100230234,0.137265420928194,3.3742372776646,0.000740205346390903,0.00233930475049991,0.426808260782197,0.136747860807452,"SLC35D4"
"ENSG00000144935",14.7945151145316,-0.831012384645541,0.246414057165809,-3.37242280007737,0.000745099714458731,0.00235420754513167,-0.720285505197187,0.245928692195851,"TRPC1"
"ENSG00000173226",133.927837386737,-0.476742296975817,0.141370236892654,-3.37229608901215,0.000745442624876091,0.00235472591149679,-0.439219152626422,0.13890054427696,"IQCB1"
"ENSG00000006652",396.756870933036,-0.704850686232933,0.209023402483774,-3.37211373395211,0.00074593637848438,0.00235572040276454,-0.624027170785468,0.206054457555674,"IFRD1"
"ENSG00000118197",196.012351224645,-0.318606728535619,0.094494248251347,-3.37170499190756,0.000747044212312869,0.00235865326122572,-0.303655011500126,0.0930097284405131,"DDX59"
"ENSG00000136485",808.674924834727,0.297380959778978,0.0882057167333328,3.37144768834012,0.00074774237840611,0.00235972582792302,0.28509123232014,0.0874804093698138,"DCAF7"
"ENSG00000186318",1170.3479722674,0.249504796246781,0.0740045917149837,3.37147723492222,0.000747662176086762,0.00235972582792302,0.247385596281838,0.0733376505641002,"BACE1"
"ENSG00000169955",177.103629860181,-0.385273918411457,0.114282954604549,-3.37122819185601,0.000748338437855056,0.00236104094723213,-0.361887708064906,0.112301539603382,"ZNF747"
"ENSG00000171497",507.346961951504,0.263669480356586,0.078221329509594,3.37081307630097,0.000749466922365537,0.00236403485861635,0.255146408705385,0.0775560480342987,"PPID"
"ENSG00000055917",1606.89496634604,-0.484906214132977,0.143888824870542,-3.3700060763527,0.000751665261588295,0.00237040115786143,-0.444129622741583,0.141077440978884,"PUM2"
"ENSG00000102977",72.2414449329798,0.59272032623268,0.175898460713082,3.3696731843464,0.000752573832137114,0.00237269805409896,0.533609233311887,0.178230158032149,"ACD"
"ENSG00000116128",124.342383126873,0.405772868330414,0.12045471197448,3.36867575937074,0.000755302238527839,0.00238073001495272,0.380134399974506,0.119766196364741,"BCL9"
"ENSG00000257103",935.718754662899,-0.297591362455114,0.0883543337974253,-3.36815807063202,0.000756721968477741,0.00238463414001387,-0.284885095202191,0.0869981931156167,"LSM14A"
"ENSG00000165275",74.5852296690215,-0.534629636564474,0.158751398727416,-3.36771606959168,0.000757936090151615,0.00238788862477535,-0.487115941960954,0.156141304047337,"TRMT10B"
"ENSG00000064932",184.900822306895,0.705987995680654,0.209641274830828,3.36760018393495,0.000758254712738739,0.00238832094447805,0.62216103868946,0.217326465503426,"SBNO2"
"ENSG00000146856",40.5925534069292,-0.540143131467223,0.160413340569143,-3.36719583016478,0.000759367440243005,0.00239125369965066,-0.49168947616213,0.158497823603126,"AGBL3"
"ENSG00000105793",328.068259760181,-0.403777190097244,0.119938590445538,-3.36653272810133,0.000761195490964933,0.00239643707174661,-0.375714545413325,0.117662305669332,"GTPBP10"
"ENSG00000196678",360.837138471889,-0.498061951913206,0.147991228323569,-3.36548292459767,0.000764097963768247,0.00240499971096647,-0.455345878735626,0.14520785988567,"ERI2"
"ENSG00000248487",126.33664369038,-0.53835522626282,0.159974195574795,-3.36526290586106,0.000764707567561564,0.00240634317268536,-0.490972096108925,0.157372006106483,"ABHD14A"
"ENSG00000254087",281.091453212614,-0.428604615503105,0.127389786903463,-3.36451316798186,0.000766788251777637,0.00241231400786245,-0.395227285935485,0.124888947152487,"LYN"
"ENSG00000164329",522.375022734806,-0.552236898764634,0.164157727661393,-3.36406276227051,0.000768040750752875,0.00241567714391122,-0.501360517646719,0.161262040190677,"TENT2"
"ENSG00000139547",14315.2924552222,0.466473317993603,0.138675647852637,3.36377240861566,0.000768849179771473,0.00241764229779585,0.430718866637646,0.139078089071356,"RDH16"
"ENSG00000067066",823.552704335043,-0.248494054496369,0.0738956383054066,-3.36277025538852,0.000771645538855185,0.00242543372928775,-0.240577190367686,0.0729637789808734,"SP100"
"ENSG00000143862",402.213981326753,0.398259090380187,0.118432474899012,3.36275240992627,0.000771695419412607,0.00242543372928775,0.374001965562078,0.117944439795082,"ARL8A"
"ENSG00000119673",925.56752019752,0.56906194631424,0.169256036651998,3.36213678147428,0.000773418020829207,0.00243026769981798,0.516171372999507,0.171801542219864,"ACOT2"
"ENSG00000005469",648.957530200299,-0.501531116583566,0.149188286981361,-3.36173252425791,0.000774551121421355,0.00243324745040171,-0.459316082800819,0.146404138760733,"CROT"
"ENSG00000109184",884.662000385509,-0.610873894204578,0.181722286911155,-3.36157938901152,0.000774980749561965,0.00243401635227405,-0.548447293684068,0.178650954110053,"DCUN1D4"
"ENSG00000237649",12.6621030823593,1.14890120849417,0.341781040347102,3.36151240960406,0.000775168732975391,0.00243402612410064,0.958098357851653,0.368862052144795,"KIFC1"
"ENSG00000088298",626.594887286772,0.299022955331714,0.0889590677140453,3.36135441856145,0.000775612315995595,0.00243483828144921,0.284880096316003,0.0882227259235865,"EDEM2"
"ENSG00000253251",16.2583462630311,-0.808977557587637,0.240747696907507,-3.36027122161188,0.000778659902084064,0.00244382271056944,-0.705091310590268,0.240513708526848,"SHLD3"
"ENSG00000159882",67.2742833317722,-0.35770697922457,0.106467445207259,-3.35977799155625,0.000780051290046016,0.00244760612124543,-0.338065893562482,0.104699204317259,"ZNF230"
"ENSG00000139180",199.345398095005,-0.435707092757509,0.129701594010138,-3.35930407087711,0.000781390380660275,0.00245114939121046,-0.403509308954715,0.127301226009826,"NDUFA9"
"ENSG00000188313",363.512541964662,-0.459066974543316,0.136657717441484,-3.35924661364176,0.000781552874396286,0.00245114939121046,-0.422377685045366,0.133980038063176,"PLSCR1"
"ENSG00000119411",22.3904433971326,0.995954490184348,0.296487650167609,3.35917698299177,0.000781749837578552,0.00245118322494861,0.840509454090811,0.317982511604648,"BSPRY"
"ENSG00000171130",1318.37979287921,0.4990803573012,0.148669753272027,3.35697306491128,0.000788007888579788,0.00247021710977178,0.461140390614505,0.14945906394187,"ATP6V0E2"
"ENSG00000130309",673.963739207309,0.266275492509003,0.0793241886996664,3.35680070447569,0.000788499263293284,0.0024711690789144,0.257562988206005,0.0786052281366316,"COLGALT1"
"ENSG00000164105",37.038672621592,-0.47839079889397,0.14251997281901,-3.35665794366585,0.000788906469060752,0.00247185687093143,-0.438721614660164,0.140472007127048,"SAP30"
"ENSG00000122477",19.6115650376251,-1.09766659699662,0.3270311074996,-3.35645928422257,0.000789473442862267,0.0024730448129252,-0.930226483859673,0.327072937058169,"LRRC39"
"ENSG00000198300",153.200731231921,-0.625415804452978,0.186343073628511,-3.35626000084013,0.000790042577348978,0.00247423895655962,-0.558706119830613,0.183314567810449,"PEG3"
"ENSG00000204130",90.4122628799981,-0.451266487015799,0.13449997237646,-3.355141856481,0.000793242960664081,0.00248367106304478,-0.420545709833942,0.132206827481404,"RUFY2"
"ENSG00000129354",14.9934459794076,1.70485644853364,0.508227515720358,3.35451425945954,0.000795044553966351,0.00248872006598216,1.34854336469192,0.614242581967437,"AP1M2"
"ENSG00000176225",250.879389911136,-0.542882086226472,0.161851308201722,-3.35420264598575,0.000795940488376082,0.00249093236747314,-0.494457955954154,0.159034172514036,"RTTN"
"ENSG00000180902",527.948580595013,0.816405860038647,0.24340588915312,3.35409247031434,0.000796257483729352,0.00249133223164939,0.706400598814471,0.257900343699387,"D2HGDH"
"ENSG00000185813",2446.83524236504,0.548382072477711,0.163538606512555,3.35322700964565,0.000798751648898099,0.00249854222128591,0.499651241672394,0.165648792352869,"PCYT2"
"ENSG00000127947",421.082957476108,-0.43378912645656,0.129390940871445,-3.35254634934255,0.000800718330513544,0.00250393707479227,-0.40436152088017,0.127055876209761,"PTPN12"
"ENSG00000162929",25.1567963828842,-0.603797417971182,0.180103708692143,-3.35249852629782,0.0008008566779546,0.00250393707479227,-0.54471022907116,0.178238362748476,"SANBR"
"ENSG00000178537",2902.55477695267,0.32992062907502,0.0984134506133648,3.35239367199077,0.000801160088960656,0.00250429100932004,0.307561757128641,0.0977693036391106,"SLC25A20"
"ENSG00000173227",304.594968480267,0.786134425543034,0.234509617137852,3.35224813010939,0.000801581412109311,0.00250501326176862,0.68311649215075,0.246925695303244,"SYT12"
"ENSG00000109819",591.592050425399,-1.07317859861544,0.320150454967848,-3.35210705455103,0.000801990002126905,0.00250569538870499,-0.911148521998236,0.317659406438015,"PPARGC1A"
"ENSG00000138750",349.619176244885,-0.421280418441838,0.125686927800479,-3.35182366069601,0.000802811365594859,0.00250766653367068,-0.387284057924451,0.123121705739607,"NUP54"
"ENSG00000166669",605.93821782369,-0.534028312582597,0.159361034982406,-3.3510595149031,0.000805029989491829,0.00251400019963222,-0.488694393486039,0.156480623588369,"ATF7IP2"
"ENSG00000068308",531.13084819164,0.356632010108332,0.106462631515986,3.34983275380322,0.000808603674798371,0.00252456153246274,0.337190323353535,0.105755893929345,"OTUD5"
"ENSG00000164048",103.249196596707,0.620983772471475,0.185406657851486,3.34930675989476,0.000810140455260378,0.00252875989425276,0.555080448438575,0.189150968111896,"ZNF589"
"ENSG00000144152",90.0495677152988,0.501192394203055,0.149667112594156,3.34871426003996,0.000811874789691814,0.00253345674594443,0.458657391999879,0.150394799617598,"FBLN7"
"ENSG00000186350",4426.96415653767,0.434356657029511,0.129710538235861,3.34866128023994,0.00081203003705647,0.00253345674594443,0.402201392120402,0.129507979763031,"RXRA"
"ENSG00000154639",799.613378160373,-0.776736977657352,0.231969029715984,-3.34845120750976,0.000812645886972392,0.00253477748113682,-0.679394502334358,0.22901972736562,"CXADR"
"ENSG00000043462",215.279275947299,-0.656114257184058,0.195991532302117,-3.34766634801687,0.000814950619965313,0.00254136424975446,-0.583753456729488,0.192943375967398,"LCP2"
"ENSG00000100814",877.344752809049,-0.422652569075334,0.126307060587567,-3.34623074204402,0.000819181963493954,0.00255395447107776,-0.3930921415485,0.123862994372065,"CCNB1IP1"
"ENSG00000168517",166.147627632134,0.646242098603168,0.19314739108496,3.34584948299355,0.000820309117140825,0.0025568631241184,0.574721472483458,0.19815796035981,"HEXIM2"
"ENSG00000088356",212.430792285294,0.374181509797996,0.111845153684477,3.34553172374003,0.00082124963928556,0.00255918881676537,0.352279268394824,0.111050397934625,"PDRG1"
"ENSG00000213246",820.297370415216,-0.226296827495461,0.0676443446066336,-3.3453916777733,0.00082166447295425,0.00255987563911871,-0.221063829989627,0.06688613078521,"SUPT4H1"
"ENSG00000198157",115.01841474446,-0.608306389920806,0.181891957755721,-3.34432812437894,0.00082482120108095,0.00256910242096801,-0.544968424459562,0.178956835557666,"HMGN5"
"ENSG00000136098",145.852996052442,-0.577273643432278,0.172686886290151,-3.34289218963815,0.000829101044327738,0.00258182222081812,-0.520983285870583,0.169809355253937,"NEK3"
"ENSG00000100300",204.714023510444,0.781501280474318,0.233800350513569,3.34260097881659,0.00082997151500762,0.00258332298940215,0.679998255849749,0.245891111958808,"TSPO"
"ENSG00000119771",62.1734404370757,1.29747724063253,0.388164113627516,3.34259967648012,0.000829975409780579,0.00258332298940215,1.05807326668675,0.449149469927963,"KLHL29"
"ENSG00000108679",2394.9145874583,0.679367208106397,0.203259815899548,3.3423586708459,0.000830696454204327,0.00258495616073131,0.600481913816529,0.210272488978823,"LGALS3BP"
"ENSG00000141569",151.572369593689,0.4315493001795,0.129124923163705,3.34210692719933,0.000831450245253124,0.00258616789023407,0.399738416029064,0.128782175945944,"TRIM65"
"ENSG00000205336",91.1011412782758,1.0780379351408,0.322563288236267,3.34209742539324,0.000831478708746834,0.00258616789023407,0.898340724519094,0.358493946404226,"ADGRG1"
"ENSG00000164327",390.899829358233,-0.74738582253544,0.22367162364229,-3.34144229100204,0.000833443402394342,0.00259166647045912,-0.655416390836877,0.220661009063295,"RICTOR"
"ENSG00000156804",59.6625499841148,-0.589674426208633,0.176483830392572,-3.34123769241044,0.000834057858468254,0.00259296476141512,-0.53056212562098,0.173847367717762,"FBXO32"
"ENSG00000125611",169.485924328218,0.573533117599348,0.171683163674453,3.3406485838465,0.000835829433065256,0.00259785890362067,0.517038998844842,0.174238041955418,"CHCHD5"
"ENSG00000005189",44.9915840478103,0.506792732152858,0.151740643908139,3.33986148404419,0.000838201856828898,0.00260338892356907,0.46352015763943,0.15125526868318,"REXO5"
"ENSG00000120820",33.366723378543,-0.704927735083536,0.211058979292618,-3.33995614612636,0.000837916202624383,0.00260338892356907,-0.622155147545004,0.209239664294976,"GLT8D2"
"ENSG00000204186",98.2223806838147,-0.719140182582773,0.21531778060961,-3.33990151926485,0.000838081034720211,0.00260338892356907,-0.633897805952699,0.21249646403226,"ZDBF2"
"ENSG00000165443",28.1938644288665,-0.833526025377594,0.249795493550573,-3.33683371757401,0.000847386296008585,0.00263129433331345,-0.723054258163834,0.248471945286882,"PHYHIPL"
"ENSG00000151502",1118.40803998439,0.207292527944421,0.0621442731410006,3.33566582191878,0.000850953873469796,0.00264174928038277,0.203709128696989,0.0616806060089608,"VPS26B"
"ENSG00000164035",87.5664981628059,-0.781347020446143,0.234263684948567,-3.33533138359745,0.00085197804671999,0.00264430527183295,-0.681629934976862,0.23163689762778,"EMCN"
"ENSG00000122042",865.709759065048,-0.624629352409956,0.187293315740393,-3.3350328063803,0.000852893365816554,0.00264652228478453,-0.558514294362715,0.184123903552026,"UBL3"
"ENSG00000123685",11.8849204478071,-0.799797463137696,0.239847019831012,-3.33461497124795,0.000854175813456642,0.00264987718189683,-0.696521042545076,0.239870243299866,"BATF3"
"ENSG00000105219",12.9280375426147,1.43994803337343,0.43187110543335,3.33420785798704,0.000855427072657961,0.00265313376645812,1.16517452975162,0.489664531135446,"CCNP"
"ENSG00000088888",1162.05256195585,0.54509479499776,0.163494563553166,3.3340239770144,0.000855992786361111,0.00265426307706792,0.495200023401356,0.165493663783102,"MAVS"
"ENSG00000128699",665.349507341134,-0.495610882900515,0.148663103360732,-3.33378539594932,0.000856727303161883,0.00265591515738859,-0.453735132430931,0.145828329301906,"ORMDL1"
"ENSG00000173848",1267.42106188226,-0.366032354924367,0.109800009889386,-3.33362770452491,0.000857213106733523,0.00265679561281864,-0.343889820718418,0.107856407378742,"NET1"
"ENSG00000146674",8401.63805554935,-0.401965966516899,0.120592510904272,-3.33325812277004,0.000858352686820349,0.00265970145320704,-0.359706265687559,0.118046149284129,"IGFBP3"
"ENSG00000044446",1421.68649329363,0.380523259042853,0.114170548708614,3.33293711335331,0.000859343637299292,0.00266214548910176,0.358128223908818,0.113588425356552,"PHKA2"
"ENSG00000163166",566.776503981957,0.208263255739555,0.0625113701061687,3.3316060004099,0.00086346409067421,0.00267428092632713,0.208584358382639,0.0619404842897252,"IWS1"
"ENSG00000184708",192.244791305494,0.270291795342936,0.0811350926212786,3.33137963623953,0.000864166619774546,0.00267582730854931,0.260532613371008,0.0803167380320196,"EIF4ENIF1"
"ENSG00000158717",122.494646632928,0.660336898180343,0.198274661839942,3.33041495091996,0.000867166500720063,0.00268448486914657,0.585215765815624,0.203688556687376,"RNF166"
"ENSG00000105676",1171.46379794751,0.555018637152777,0.166666748560093,3.33011018663187,0.000868116231190299,0.0026848997650579,0.503375791080045,0.168913690242071,"ARMC6"
"ENSG00000122644",125.225474880253,-0.561402490817224,0.168582816659331,-3.33012878739412,0.000868058238406306,0.0026848997650579,-0.507744026325693,0.165765073113991,"ARL4A"
"ENSG00000132906",180.00849524767,0.340332683365311,0.102194542271506,3.33024323805015,0.000867701487331006,0.0026848997650579,0.322715720261394,0.101341760310089,"CASP9"
"ENSG00000134389",2474.98084816176,-0.59530227554378,0.17876334984138,-3.33011367303199,0.000868105361144514,0.0026848997650579,-0.534374544185369,0.175547756234592,"CFHR5"
"ENSG00000187608",242.239092322024,0.948725740688778,0.284942886128809,3.32952948423462,0.000869928531851087,0.00268987295686975,0.802171152546605,0.309938667803967,"ISG15"
"ENSG00000160932",4921.42869826085,0.603190594495297,0.181206176671106,3.32875294637503,0.000872357493067747,0.00269675011827423,0.541137753995966,0.185088844833924,"LY6E"
"ENSG00000174236",15.5216365061785,-0.793069625325523,0.238279544110595,-3.32831602597589,0.00087372691518716,0.00270034942848689,-0.690319894208091,0.238333623318592,"REP15"
"ENSG00000136937",593.926267896298,0.337783814829736,0.10149207465668,3.32817922948533,0.000874156080482917,0.00270104176382025,0.320600589653607,0.100694893861818,"NCBP1"
"ENSG00000154144",640.180320927335,-0.347813639704891,0.104535600294982,-3.32722669333143,0.000877149850868787,0.00270902062785326,-0.327525249553954,0.102623753568384,"TBRG1"
"ENSG00000171509",18.3413925843603,-0.914402664759726,0.274819727275061,-3.32728175603101,0.000876976533204942,0.00270902062785326,-0.785373998722811,0.274244975189477,"RXFP1"
"ENSG00000112984",12.8522600656524,1.28060253575049,0.384910242350416,3.32701600230386,0.000877813324061053,0.00270979841139222,1.04945704809362,0.426091898354662,"KIF20A"
"ENSG00000117543",305.000953537452,-0.3066351953789,0.0921651720161292,-3.32701809882412,0.000877806719756439,0.00270979841139222,-0.292665946318019,0.0907502434064052,"DPH5"
"ENSG00000170954",25.5503839136014,-0.595487514634493,0.178991430729121,-3.32690516081567,0.000878162554407238,0.00271024102000134,-0.534759974607982,0.177335553285317,"ZNF415"
"ENSG00000154114",400.0753372104,-0.644397860919621,0.193725728353637,-3.32634114423512,0.000879941608172698,0.00271509519878175,-0.575582793010307,0.190278139833643,"TBCEL"
"ENSG00000105699",2295.52430949662,0.570764863235981,0.171635915431613,3.32543956083246,0.000882792375578961,0.00272197761519265,0.519288587600138,0.174223211548754,"LSR"
"ENSG00000126067",1953.34560341157,0.201576115883812,0.0606152909548852,3.32549943600603,0.000882602787788774,0.00272197761519265,0.197586147036979,0.0601634506377771,"PSMB2"
"ENSG00000196704",569.130233465321,-0.260912678374316,0.0784585425907263,-3.3254846414284,0.000882649629590994,0.00272197761519265,-0.250678280244102,0.0773490440110732,"AMZ2"
"ENSG00000132879",325.769127519029,0.581500241032756,0.174874388761144,3.32524530980354,0.00088340770887894,0.0027232371564271,0.522241011162754,0.177811612879699,"FBXO44"
"ENSG00000151881",73.5438871360446,-0.679538612798242,0.204365029838672,-3.32512178494861,0.00088379920809429,0.00272380626726812,-0.601587741824576,0.201680713962589,"TMEM267"
"ENSG00000137474",669.523398596409,0.561082729815393,0.16879718906975,3.32400517394602,0.000887345496339053,0.00273409567161244,0.510929485946374,0.171060001280622,"MYO7A"
"ENSG00000167632",224.313155170122,0.483018904904332,0.145327166732118,3.32366560062841,0.000888426573306142,0.00273678621061036,0.443226547023806,0.145901226370296,"TRAPPC9"
"ENSG00000163536",35.7421893680432,-0.658038962608123,0.198023662379655,-3.32303197860525,0.000890447058798594,0.00274172730966845,-0.58453086755013,0.19609498802064,"SERPINI1"
"ENSG00000174945",10.2686006325198,2.19685730987725,0.661088494494266,3.32309112648807,0.000890258268723659,0.00274172730966845,1.68675231218886,0.847952304680722,"AMZ1"
"ENSG00000100714",8466.90096532912,0.355150811985938,0.106879091627257,3.32292131771231,0.000890800369391269,0.00274217387500712,0.33529832477472,0.106221222835699,"MTHFD1"
"ENSG00000213047",212.907650883238,-0.769783838441899,0.23174813047402,-3.32163990651133,0.000894901047496949,0.00275415315365704,-0.671896271348323,0.228638601765377,"DENND1B"
"ENSG00000077942",100.030777547428,-1.28917866684626,0.38814054598567,-3.32142230483145,0.000895599135894047,0.00275565744874527,-1.07413557474256,0.385788137958244,"FBLN1"
"ENSG00000100532",110.987066589591,-0.439617592084947,0.132373776421946,-3.32103233712734,0.000896851455075952,0.00275830623745048,-0.406101732955613,0.129938577263696,"CGRRF1"
"ENSG00000118785",398.088283221935,1.40751919774207,0.423829194323914,3.32095857621917,0.000897088508944473,0.00275830623745048,1.12500260278844,0.510524984638633,"SPP1"
"ENSG00000162998",52.7455280253675,-1.01700270637029,0.306234467026529,-3.32099360416601,0.000896975928384396,0.00275830623745048,-0.863830298999042,0.304571874356457,"FRZB"
"ENSG00000131979",1212.07795214068,-0.592598492203082,0.17845903181784,-3.3206416406426,0.000898107742097725,0.00276079536130251,-0.52760878133509,0.174898531893645,"GCH1"
"ENSG00000137955",779.675929286468,-0.326290324536122,0.0983130333806569,-3.31889184288276,0.000903754264266809,0.00277750435185266,-0.310201014466733,0.0966496497328916,"RABGGTB"
"ENSG00000105701",1679.12419473216,0.641537622196772,0.193307691542105,3.31873820994357,0.000904251599141803,0.0027783842600469,0.573032826232423,0.198565640711081,"FKBP8"
"ENSG00000147535",375.01728655649,-0.364608728958058,0.109866939107076,-3.31863918228132,0.000904572302259254,0.00277872116928263,-0.342098400245417,0.107809278237776,"PLPP5"
"ENSG00000131503",25.3393843939434,-0.666920282715078,0.200971545309613,-3.31848113964409,0.000905084344958391,0.00277964555300261,-0.591119771455818,0.199494540932277,"ANKHD1"
"ENSG00000126860",29.2816092088346,-0.979270414484848,0.295129665011467,-3.31810228038851,0.000906312905938525,0.00278276952415733,-0.832872534346885,0.294051150261467,"EVI2A"
"ENSG00000168556",125.290435458147,-0.348935810385457,0.105173780928415,-3.31770720140752,0.00090759571015327,0.00278605854975005,-0.329891910834205,0.103441418734484,"ING2"
"ENSG00000183340",100.370242147395,-0.454340865669907,0.136948506899884,-3.31760364501127,0.000907932231482565,0.00278644190202784,-0.419270250805118,0.13448001779502,"JRKL"
"ENSG00000176595",326.339635815854,-0.552743940741143,0.166652073406597,-3.31675405797419,0.00091069745528947,0.00279427702082059,-0.499913160382783,0.163664243205572,"KBTBD11"
"ENSG00000085231",161.134875521267,-0.651787952220938,0.19655434668803,-3.31606989722517,0.000912929922938998,0.00280047422306963,-0.578940137271629,0.193482943093866,"AK6"
"ENSG00000072864",44.0460891128014,0.5713081781505,0.172301013029385,3.31575635050426,0.000913954743100271,0.00280296486085678,0.515333248784104,0.173430333474632,"NDE1"
"ENSG00000141576",36.326605570579,0.899532361974653,0.27131396374284,3.31546651549147,0.000914903010200314,0.00280521961627791,0.766282513863702,0.288193483061726,"RNF157"
"ENSG00000168301",170.888231346747,-0.458184791183002,0.138204959366573,-3.31525578592095,0.000915593036574404,0.00280668170419991,-0.42118033144063,0.135530320370625,"KCTD6"
"ENSG00000171843",30.7860891473211,-0.679474989158369,0.205019633801398,-3.31419472642594,0.000919074770991764,0.00281669889080018,-0.601348223372246,0.202778009706977,"MLLT3"
"ENSG00000163541",2485.18819302668,0.345764657141936,0.104334557999813,3.31399934758486,0.000919717218301649,0.00281801184457982,0.328016923340407,0.103604645753326,"SUCLG1"
"ENSG00000100478",76.8382688549037,-0.366700304940929,0.110664771042794,-3.31361373168275,0.000920986426982005,0.00282124413625991,-0.34620352531271,0.109075376229285,"AP4S1"
"ENSG00000151790",10106.6484630994,-0.638829417781307,0.192797262408864,-3.31347763863236,0.000921434748332751,0.00282196089708049,-0.550924517870993,0.188034491633587,"TDO2"
"ENSG00000101181",445.077783972265,0.468215412432547,0.141325692685125,3.31302400530762,0.000922930580140443,0.00282522762569846,0.430857574144025,0.141658478505503,"MTG2"
"ENSG00000105486",201.141712380628,0.510758334162451,0.154166725843106,3.31302576070952,0.000922924787461778,0.00282522762569846,0.465821181741737,0.155036401754238,"LIG1"
"ENSG00000117448",5307.38920548565,0.338270567974383,0.102111673575835,3.31275118826801,0.000923831263018236,0.0028273273846811,0.322635150509061,0.101525580954239,"AKR1A1"
"ENSG00000196498",378.4741691572,0.9484084725966,0.286303804584533,3.31259472424013,0.00092434818347575,0.00282825195994463,0.802159020643886,0.311643397828528,"NCOR2"
"ENSG00000146938",27.2719633214816,-0.709774382832754,0.214313207515916,-3.31185553638845,0.000926793912635187,0.00283507636007316,-0.624746873215591,0.212548464302298,"NLGN4X"
"ENSG00000173548",525.000119895417,0.324533140151731,0.0981442877004137,3.30669413122006,0.000944039113108562,0.00288715887646628,0.308249421551646,0.0973179257149132,"SNX33"
"ENSG00000127311",48.4975559974605,-0.492762512370669,0.149027126978281,-3.30652896799442,0.00094459583075825,0.00288819059632214,-0.451154813644455,0.146698323509738,"HELB"
"ENSG00000136938",949.16313736444,-0.328192768068805,0.0992752969483919,-3.30588553403588,0.000946767562785825,0.00289415874892923,-0.307372802109855,0.0975303566432238,"ANP32B"
"ENSG00000123609",312.056197899905,-0.322479919404626,0.0975797869548582,-3.30478195810993,0.000950503148382491,0.00290490354029802,-0.306486645336011,0.0959615356946435,"NMI"
"ENSG00000118242",154.098635261729,-0.834102437291658,0.252555293491214,-3.30265276075346,0.00095774905485115,0.00292636900816204,-0.722257682700082,0.2498480938378,"MREG"
"ENSG00000173511",211.222664816034,-0.692322603982496,0.209641860062544,-3.30240632179065,0.000958591010730772,0.00292826200632978,-0.61072347637939,0.206567810011888,"VEGFB"
"ENSG00000019169",1425.63966507326,1.30171481562926,0.394222023289484,3.30198400578292,0.000960035442692754,0.00293199411702454,1.05243421875352,0.463773491996615,"MARCO"
"ENSG00000196873",20.3050447720619,-0.631049572293729,0.191132500936901,-3.30163404549422,0.000961233926140718,0.00293497353236751,-0.561507086681182,0.189756175168109,"ZNG1B"
"ENSG00000181444",79.3821457880068,0.916687028563076,0.277752768949655,3.30037044105664,0.000965572844024506,0.00294753815544323,0.776479767905561,0.299104261303028,"ZNF467"
"ENSG00000123473",21.5098344790992,0.698367788815866,0.211638546712166,3.29981376108041,0.000967490100726232,0.00295270622766842,0.614387290980576,0.214620223650154,"STIL"
"ENSG00000011566",317.21915110204,-0.608271195736072,0.184359182783059,-3.29938105904842,0.000968982800685728,0.00295657648987909,-0.544263317059603,0.181152836105907,"MAP4K3"
"ENSG00000173281",5873.34339676852,0.555087088748803,0.168275690939066,3.29867662792605,0.000971417452502102,0.00296331839194687,0.508660556578704,0.170408465316048,"PPP1R3B"
"ENSG00000134575",1420.8962176115,0.326179618438257,0.0988859884920594,3.29854232548274,0.000971882270529537,0.0029635478733121,0.312266127204435,0.0980767489966368,"ACP2"
"ENSG00000159086",483.360744142229,-0.646736841616639,0.196068508298414,-3.29852482292726,0.000971942861686285,0.0029635478733121,-0.572512959845946,0.192637211696446,"PAXBP1"
"ENSG00000136867",302.645939532748,-0.501617422893576,0.152082166610429,-3.29833164580375,0.000972611843609722,0.00296490102638703,-0.458142371409978,0.149183488759122,"SLC31A2"
"ENSG00000221886",51.3306145665376,-0.529860355497385,0.160681073214616,-3.29759034400815,0.00097518296806749,0.00297205068462421,-0.48100220603202,0.15817646201343,"FAM200C"
"ENSG00000149483",375.866035626185,0.483309702156776,0.146582761256764,3.29717968206491,0.000976610011976449,0.00297571104320341,0.44043775325427,0.147203231449545,"TMEM138"
"ENSG00000026103",442.171285345024,0.60365502769341,0.183097592404004,3.29690314202192,0.000977572073644743,0.00297795324424032,0.539284286046844,0.186963134946702,"FAS"
"ENSG00000153531",27.4774667488801,0.953112157765532,0.289101406626618,3.29680913312366,0.000977899323242002,0.0029782610432117,0.804098485346324,0.309373735089215,"ADPRHL1"
"ENSG00000183309",256.281723274767,0.308933383244646,0.0937097829757089,3.29670364645628,0.000978266648292964,0.00297869072419639,0.294775346369429,0.0928107240238555,"ZNF623"
"ENSG00000132821",55.3395390317724,0.871094975085022,0.264274766476914,3.29617158193995,0.000980121348454246,0.00298337341074075,0.749898539724389,0.280681283245587,"VSTM2L"
"ENSG00000181381",372.923384386111,-0.662078988180147,0.20086540505671,-3.29613249226876,0.000980257737723263,0.00298337341074075,-0.586778602298852,0.19761974105419,"DDX60L"
"ENSG00000168421",20.7447527480213,-0.735002446395897,0.223020489231042,-3.29567228970814,0.000981864770030554,0.00298757373751382,-0.64364479015404,0.221719736420603,"RHOH"
"ENSG00000007168",1241.84992302816,0.214682801072241,0.0651466987564551,3.29537497939554,0.000982904277576647,0.00298935498234561,0.209459792822084,0.0646045588832294,"PAFAH1B1"
"ENSG00000132016",21.2057564260075,0.756032927855103,0.229420590816357,3.29540136377854,0.000982811986763132,0.00298935498234561,0.657804510567899,0.235384524141781,"BRME1"
"ENSG00000168661",105.568442799023,0.412607837640349,0.12522241142985,3.29499993594592,0.000984217022622228,0.00299265619395941,0.383119988461931,0.124590116731566,"ZNF30"
"ENSG00000105204",87.603094348795,0.700000741174991,0.212529537748667,3.29366331188654,0.000988908752282489,0.00300622780710026,0.617804296443259,0.219478952114741,"DYRK1B"
"ENSG00000180773",92.6684220134559,-0.53341345284109,0.161958885593039,-3.29351150378634,0.000989442926563057,0.00300715733405568,-0.483059379275244,0.159123798367884,"SLC36A4"
"ENSG00000198795",21.949095256628,-0.820528477502492,0.249169899756054,-3.29304815030154,0.000991075002776254,0.00301142245246992,-0.70994991889548,0.248347718839302,"ZNF521"
"ENSG00000156011",1547.45479825788,0.754772222433405,0.229208041200706,3.2929569943512,0.000991396375871522,0.00301170389587551,0.658296501001934,0.240388349238936,"PSD3"
"ENSG00000160753",149.745662102556,0.561396315287799,0.170494208213667,3.29275886359872,0.000992095224700326,0.00301313165591799,0.505760130293796,0.172675017131043,"RUSC1"
"ENSG00000170271",3638.64947546909,0.386351376196427,0.117341287214139,3.29254421328585,0.000992852856201109,0.00301473724740401,0.362006573233684,0.116817691111383,"FAXDC2"
"ENSG00000143870",4984.79518777585,0.45692951875633,0.138816922972518,3.29159809173113,0.00099619868298076,0.00302419918379633,0.425639780520208,0.138852814039892,"PDIA6"
"ENSG00000177733",739.410810133894,-0.256574523800807,0.0779872814280196,-3.28995342705489,0.00100203966539346,0.00304122965296687,-0.245582693756195,0.076856927316851,"HNRNPA0"
"ENSG00000180198",223.456232316053,0.297541624986843,0.0904475581783037,3.2896590132404,0.00100308860788918,0.00304371159517605,0.285402411367701,0.0895480205460336,"RCC1"
"ENSG00000115112",19.4252393861633,1.39814964005859,0.425102257978676,3.28897250912443,0.00100553844606718,0.00305044220758537,1.1222116581408,0.492197054772457,"TFCP2L1"
"ENSG00000172927",16.6977400515034,2.3718636418993,0.72119531567233,3.2887951299131,0.00100617233606084,0.00305166205403757,1.74612053678994,1.04004325099881,"MYEOV"
"ENSG00000104361",242.643110639951,0.665834758958314,0.202467194217825,3.2886056505627,0.00100684987624429,0.00305301369659888,0.586807912098224,0.208765742898971,"NIPAL2"
"ENSG00000169621",49.743144531715,-0.487080616768632,0.148128492746819,-3.28823042573685,0.00100819285149637,0.0030563820130788,-0.445884838566047,0.145883348936469,"APLF"
"ENSG00000148337",284.245373747334,0.545473779667552,0.165909245302711,3.28778410553495,0.00100979244490166,0.00306052654916558,0.494288994339676,0.167866395110061,"CIZ1"
"ENSG00000164944",638.280754461073,0.322575815449108,0.0981216770602802,3.28750817468128,0.00101078254464639,0.00306282232055567,0.303130971449092,0.0973600146013141,"VIRMA"
"ENSG00000134202",227.889701353377,-1.17080209441767,0.356145938509189,-3.28742228345659,0.00101109092433522,0.00306305179700816,-0.979274306994892,0.35397741349641,"GSTM3"
"ENSG00000119900",180.326871780831,-0.58266657176633,0.177346103628099,-3.28547715369152,0.00101809798486021,0.00308356983406248,-0.523364344025921,0.174222904373186,"OGFRL1"
"ENSG00000156521",289.845017960439,0.43988718855915,0.133899646325969,3.28520052613341,0.00101909813995023,0.00308588916986769,0.40710183298331,0.133721038354749,"TYSND1"
"ENSG00000174373",232.762375084903,-0.429180930728014,0.130648326524125,-3.2850090173085,0.0010197910783814,0.00308727738283962,-0.397062186571706,0.128080525320967,"RALGAPA1"
"ENSG00000109919",3861.8147249788,0.277865565915572,0.0845882074768753,3.28492084421502,0.0010201102626196,0.00308753372819531,0.26670393533505,0.08380177143926,"MTCH2"
"ENSG00000106723",671.35173709028,-0.436495535631897,0.132915141520679,-3.28401663375566,0.00102338882056335,0.00309674493485109,-0.401842230299627,0.130193806268209,"SPIN1"
"ENSG00000169718",1017.25315898052,0.489067711004489,0.148927941001831,3.28392179274457,0.00102373326712346,0.00309707541244197,0.447931617962945,0.149699231662253,"DUS1L"
"ENSG00000006715",652.766533638459,0.38153661699157,0.116207835606701,3.28322625578243,0.00102626262081639,0.00310401416624593,0.358140508630198,0.115585426548888,"VPS41"
"ENSG00000156876",31.3309821059757,-0.640383893548025,0.195065337261613,-3.28291998228865,0.00102737823222863,0.00310667473714336,-0.568633336592551,0.193304422222676,"SASS6"
"ENSG00000125534",438.799736903617,0.943972646253653,0.287592720325773,3.28232454974646,0.00102955032784677,0.0031125280405122,0.795020569357681,0.313759189907958,"PPDPF"
"ENSG00000117676",330.568961819425,0.584997516619712,0.178252181349197,3.28185333941973,0.00103127228128384,0.003117018102705,0.524478790177021,0.181416670185456,"RPS6KA1"
"ENSG00000166979",26.8060618298014,-0.783941450396106,0.239044304407871,-3.27948181964838,0.00103997910744109,0.00314261302009854,-0.681080468442191,0.237134290978246,"EVA1C"
"ENSG00000116857",939.83896662723,0.328466970507266,0.100232708473441,3.27704374659595,0.00104900115127482,0.00316914849878023,0.312119520453183,0.0994488604800108,"TMEM9"
"ENSG00000111961",227.582236269611,-0.498225863363551,0.152049578039102,-3.27673295637443,0.00105015641448801,0.00317191084036458,-0.447483653960871,0.148675741334711,"SASH1"
"ENSG00000100982",254.093317919852,0.420277808533273,0.128281299116318,3.27622039555578,0.00105206426729403,0.00317694452825532,0.39164999583241,0.127893478347919,"PCIF1"
"ENSG00000134146",75.4469148334413,-0.540451677361923,0.165036473349102,-3.27474082785752,0.00105758951535459,0.00319289694087562,-0.488057212538406,0.162274914282458,"DPH6"
"ENSG00000168894",878.73245611813,-0.385912909590182,0.117848823071402,-3.27464373026759,0.00105795305040729,0.00319326223330179,-0.344341632545895,0.114837819597849,"RNF181"
"ENSG00000187741",116.94461865424,0.556239631702475,0.16988787095121,3.27415741093265,0.00105977557863034,0.00319803008669425,0.501225689537653,0.171638919245497,"FANCA"
"ENSG00000109466",603.244421732903,-0.421952085775356,0.128882391877608,-3.27393121456079,0.00106062426048805,0.0031998577024715,-0.391619779977909,0.12633930858901,"KLHL2"
"ENSG00000126461",214.185011294186,0.939223755179279,0.286897230021138,3.27372890672412,0.00106138384591317,0.00320141574233513,0.789412832570936,0.31243647956468,"SCAF1"
"ENSG00000127578",11.123978639091,1.70926149989113,0.522136197525369,3.27359318888839,0.00106189369440108,0.00320221996804504,1.33249715391683,0.629682919309865,"WFIKKN1"
"ENSG00000056050",193.47287725086,-0.445594365718944,0.136140224142576,-3.2730544446018,0.00106391981999835,0.0032075952255778,-0.40892926745985,0.133483868046282,"HPF1"
"ENSG00000119899",488.002218757193,0.493823401666243,0.150888366893891,3.2727731887609,0.00106497899570948,0.00321005344723236,0.451271158946493,0.151672324482769,"SLC17A5"
"ENSG00000138764",176.121051243565,-0.664499004373926,0.203053125534748,-3.27253768009699,0.00106586664334266,0.00321125863300902,-0.587206816361905,0.199776917800729,"CCNG2"
"ENSG00000142327",683.386534257433,0.698528903196266,0.213450425747685,3.27255802254516,0.00106578994432101,0.00321125863300902,0.614983800359023,0.221570470374833,"RNPEPL1"
"ENSG00000171467",340.640044956846,0.267991097662363,0.0819022408338284,3.27208504839435,0.00106757456405728,0.00321566843065161,0.257984390143824,0.0811271247405548,"ZNF318"
"ENSG00000085552",423.259941345319,0.937286820764693,0.286573466170939,3.27066854195638,0.0010729358574721,0.00323107811058501,0.788855509695361,0.312088160473539,"IGSF9"
"ENSG00000174428",101.673036524263,-0.501281349460271,0.153278377795568,-3.27039832147,0.00107396143147108,0.00323342698530716,-0.449713104020016,0.150129546666045,"GTF2IRD2B"
"ENSG00000159445",214.255327914573,-0.435220088885236,0.13320581800396,-3.26727537435563,0.00108588000324572,0.00326856335682057,-0.400881822521744,0.13055731360966,"THEM4"
"ENSG00000188807",41.6240063338733,0.701475395977098,0.21474119323057,3.26660844817006,0.00108844109459081,0.00327552353174459,0.613808966934655,0.220470890784215,"TMEM201"
"ENSG00000108666",192.722083227979,-0.269058572117981,0.082376460244177,-3.26620701254276,0.00108998535666107,0.00327867196842579,-0.25626516416268,0.0811557622382343,"C17orf75"
"ENSG00000153922",389.753146059511,-0.458317928417037,0.140319524752926,-3.26624487379102,0.00108983962367472,0.00327867196842579,-0.420803050482312,0.137451119986806,"CHD1"
"ENSG00000103326",225.470283110509,0.966671599537381,0.296014722972573,3.26561999967463,0.00109224715452693,0.00328418646147011,0.80825169765358,0.324518194752222,"CAPN15"
"ENSG00000142185",31.7645123284117,0.973761195500002,0.298187369030402,3.26560175458244,0.0010923175235286,0.00328418646147011,0.815628736319751,0.321708783122303,"TRPM2"
"ENSG00000119865",60.1538901216381,-0.479238367324963,0.14680817941738,-3.26438464959418,0.00109702122288451,0.00329757566678024,-0.438869641936999,0.144369547958196,"CNRIP1"
"ENSG00000073737",43.675504342974,0.886352950925294,0.271641791166946,3.26294767501573,0.00110259875420865,0.00331358484316618,0.751122580593818,0.289643908513784,"DHRS9"
"ENSG00000119801",1116.30705239304,-0.437829443050039,0.134203416547531,-3.26243142174381,0.00110460895515829,0.00331886843989366,-0.40232738945934,0.131381339996209,"YPEL5"
"ENSG00000196074",10.7265576626169,-0.978763492452353,0.300028272893317,-3.26223753186213,0.00110536480384015,0.00332038170370965,-0.828523548988812,0.301371928357598,"SYCP2"
"ENSG00000134717",364.875124264237,-0.540456248555826,0.165708659660487,-3.26148464216139,0.00110830436039081,0.00332845237429412,-0.483903372750654,0.16219829313009,"BTF3L4"
"ENSG00000146828",214.315129785457,0.582050984899554,0.178480981153289,3.26113729955158,0.0011096629481019,0.00333177249138191,0.52084617177391,0.181538953754174,"SLC12A9"
"ENSG00000124257",24.0720539374106,0.854280200464567,0.2620339012604,3.26018960277821,0.00111337758349452,0.00334216353494957,0.727960559159893,0.27470811110572,"NEURL2"
"ENSG00000082438",2701.85372032027,-0.459424317986217,0.140956648880868,-3.25933059301451,0.00111675452791719,0.00335153638353264,-0.421230369751241,0.138012199475269,"COBLL1"
"ENSG00000140993",55.7799654098038,-0.465022249145161,0.142687227826993,-3.25903205372381,0.00111793036321303,0.00335250348019833,-0.431357597355523,0.140464600329837,"TIGD7"
"ENSG00000155827",484.268223959002,0.258143281771101,0.0792095913165525,3.25899019904622,0.00111809530469018,0.00335250348019833,0.24906711659037,0.0784954615427479,"RNF20"
"ENSG00000165632",68.7688846580202,-0.356976800750333,0.109535639883436,-3.25900137279716,0.00111805126882051,0.00335250348019833,-0.336068821648611,0.108048001862355,"TAF3"
"ENSG00000186532",141.917140405483,0.354561891102119,0.10878951773696,3.2591549119595,0.00111744633175394,0.00335250348019833,0.331189816711446,0.107852979162352,"SMYD4"
"ENSG00000124126",218.87173492208,0.611156448349407,0.187604854732542,3.25767928138479,0.00112327278945741,0.00336726082559114,0.543984303452513,0.191559779185345,"PREX1"
"ENSG00000111796",79.9226573873256,-0.691882676853475,0.212434106207084,-3.25692841515297,0.00112624831956026,0.0033754121045596,-0.60712152970608,0.209361335897328,"KLRB1"
"ENSG00000157827",144.519174328617,-0.605346892344047,0.18589202022948,-3.25644366873176,0.00112817313996058,0.00338041137021417,-0.540328028528427,0.182660049223322,"FMNL2"
"ENSG00000054179",14.8837059675409,1.03410584119681,0.3175652670884,3.25635687642424,0.00112851809378176,0.00338067559106499,0.860161088048236,0.34064074138355,"ENTPD2"
"ENSG00000181090",534.49645968675,0.373287186837311,0.114663739385238,3.25549462139177,0.00113195040477006,0.00339018631237547,0.355392831077831,0.113894580222971,"EHMT1"
"ENSG00000211455",277.32307598986,-0.510514130158336,0.156820056232812,-3.25541351292743,0.00113227376296199,0.0033903835258489,-0.464247316790714,0.153731104438034,"STK38L"
"ENSG00000154175",102.076228305623,-0.806492960628169,0.247761949283581,-3.25511226788534,0.00113347549570487,0.00339243882165271,-0.69434183214043,0.244669767228944,"ABI3BP"
"ENSG00000158104",33101.6560724568,0.442729181862645,0.136009569049087,3.2551325980811,0.00113339435699509,0.00339243882165271,0.429621356559448,0.136119168158298,"HPD"
"ENSG00000074527",435.626565584393,-0.639695165609083,0.19655285805081,-3.25457066334653,0.00113563904136106,0.00339814173149085,-0.567285569176931,0.193131852055122,"NTN4"
"ENSG00000159082",165.863569686905,-0.44941724588322,0.138096177221684,-3.25437861441868,0.00113640713490339,0.003399667425162,-0.412858582136371,0.135332317293026,"SYNJ1"
"ENSG00000186517",189.693887831442,0.689162550332631,0.211817118851275,3.25357343197799,0.00113963266662875,0.0034085424100032,0.603652237137653,0.219275318522178,"ARHGAP30"
"ENSG00000117281",42.9266035588739,-0.670018170380891,0.205945601827477,-3.25337450489558,0.00114043086395909,0.00341015506583816,-0.590755027862827,0.203392180671164,"CD160"
"ENSG00000068724",322.696380484388,0.4922782800425,0.151318202368714,3.25326545211642,0.00114086865882907,0.0034106895463541,0.44913465357964,0.152020743884785,"TTC7A"
"ENSG00000166435",109.621088424002,0.698320353424725,0.214688180326077,3.25271914068155,0.00114306417797817,0.00341647740459946,0.610133784150246,0.222274150588424,"XRRA1"
"ENSG00000132693",10598.4710999685,-1.46745101159889,0.451174134883487,-3.25251582069938,0.00114388227808567,0.00341814663487879,-1.20048093284471,0.446569468178909,"CRP"
"ENSG00000182253",134.268943283501,0.558175292011685,0.171646197903954,3.25189429668589,0.00114638646595411,0.00342485232828497,0.509958773226017,0.173365999743641,"SYNM"
"ENSG00000142494",3706.56327667701,0.36057487993544,0.110963169593335,3.24950054380113,0.00115607857186509,0.00345302415543914,0.339367788058021,0.110263255352976,"SLC47A1"
"ENSG00000154945",358.282372597256,-0.20258421402016,0.0623601930075344,-3.24861428821562,0.00115968611617419,0.00346301370051018,-0.197555433667977,0.0617332029004555,"ANKRD40"
"ENSG00000123562",2657.0261406786,-0.368187601267582,0.113350222799555,-3.24823006231467,0.00116125335608724,0.00346690741184685,-0.341606221758741,0.1109569611629,"MORF4L2"
"ENSG00000119596",387.075583234192,0.339038841744209,0.104396591966504,3.24760449893796,0.00116380918888457,0.00347375012034782,0.322700816328856,0.103514399981849,"YLPM1"
"ENSG00000102225",373.39534864202,0.381592468614899,0.117513380990765,3.24722568100468,0.00116535943239744,0.00347758891363208,0.358572685590442,0.116784745817443,"CDK16"
"ENSG00000184254",41.7848748491289,-1.00377374939395,0.309157184119687,-3.24680712904071,0.00116707449914409,0.00348191771034015,-0.846522281012288,0.307501334952483,"ALDH1A3"
"ENSG00000127824",338.528904321068,0.566271177163868,0.174450174133331,3.24603388891474,0.00117024907954501,0.00349059795679419,0.509733263730919,0.17716978785305,"TUBA4A"
"ENSG00000131171",508.25167763179,-0.805280538926562,0.248113960019132,-3.24560753802191,0.00117200289796792,0.00349495416982434,-0.694758248533095,0.244877643487364,"SH3BGRL"
"ENSG00000180957",946.603324982773,-0.2641117130289,0.081376569840907,-3.24554983756681,0.00117224043854962,0.00349495416982434,-0.244323804817648,0.0798886528971793,"PITPNB"
"ENSG00000132612",262.149701133106,-0.473750133930684,0.145988740730491,-3.24511418867069,0.00117403534951609,0.00349951311110003,-0.433763927508953,0.143113048153518,"VPS4A"
"ENSG00000120647",61.9987511228707,0.379123724227337,0.116845805972894,3.24464982778489,0.00117595135229584,0.00350443085204324,0.354594545511081,0.115601526076141,"CCDC77"
"ENSG00000148308",411.180498979851,0.370316633678062,0.114145081491553,3.2442627298441,0.0011775507676715,0.00350840312449942,0.348476910281813,0.113401677943501,"GTF3C5"
"ENSG00000100453",21.247320335912,-0.866908387489767,0.267250908041185,-3.24379959583214,0.00117946699073574,0.00351331728507393,-0.742089258378065,0.266198613519019,"GZMB"
"ENSG00000100568",1101.24670206598,-0.258714531463078,0.0797601488145787,-3.24365657923384,0.00118005930578854,0.003514286546033,-0.2491364220857,0.0786240673934419,"VTI1B"
"ENSG00000115364",865.565725162119,-0.376520968978113,0.116087755107502,-3.2434167464901,0.0011810532098524,0.00351645105402909,-0.352687616426139,0.11382524500946,"MRPL19"
"ENSG00000133318",1651.60076846278,-0.209835068255084,0.0647031454271379,-3.24304277434826,0.0011826045518651,0.00352027391586161,-0.204082028531615,0.0639825898501576,"RTN3"
"ENSG00000143363",355.101269271591,0.297649409666995,0.0918282849077351,3.24136958417615,0.00118956850065494,0.00353978368503982,0.294113439216089,0.0907757989902388,"PRUNE1"
"ENSG00000161544",222.126651437969,0.749332845499394,0.231180033797469,3.24133893913982,0.00118969640029631,0.00353978368503982,0.649684778297341,0.242209775450075,"CYGB"
"ENSG00000198231",1281.43933606343,0.200988748170714,0.0620108937232685,3.24118450973552,0.00119034111778215,0.00354090175253498,0.191434789888552,0.061557600401793,"DDX42"
"ENSG00000108821",637.317766927348,1.28437524734973,0.396417305128488,3.23995756677027,0.001195474885702,0.0035553698543376,1.02839170776332,0.469098519727787,"COL1A1"
"ENSG00000205358",1876.54596930733,-1.37998610043071,0.42615761781858,-3.23820587203063,0.00120283977257231,0.00357646532197087,-1.12783461118433,0.422174246485534,"MT1H"
"ENSG00000099256",20.98775458032,-0.70106914373996,0.21657276955083,-3.23710660945036,0.00120748293183716,0.00358865017620046,-0.614245573490024,0.214706108496296,"PRTFDC1"
"ENSG00000163312",160.423753539974,-0.301353902365461,0.0930930534378232,-3.23712555595499,0.00120740276394223,0.00358865017620046,-0.287064841754163,0.0916305048732173,"HELQ"
"ENSG00000172296",639.865692204542,0.482725082886489,0.1491557452365,3.23638276300443,0.00121054941100002,0.00359695182695244,0.440955351236091,0.149759143153416,"SPTLC3"
"ENSG00000170871",813.195062203781,0.450553666113829,0.139225653556366,3.23613970992364,0.00121158068520953,0.0035991181335727,0.413862099572339,0.139305909779023,"KIAA0232"
"ENSG00000176715",359.118599216573,0.472515301595742,0.146014620699453,3.2360821083002,0.0012118252078177,0.0035991181335727,0.434254316633743,0.146377992430662,"ACSF3"
"ENSG00000114739",193.083547614536,-0.518674406344348,0.160294395113544,-3.23576133761226,0.00121318773403507,0.00360235221161607,-0.470317022530136,0.15711789646167,"ACVR2B"
"ENSG00000196329",333.430417816842,-0.510938067512003,0.158045821444599,-3.23284768203193,0.00122562892659519,0.00363847360711439,-0.4648302045049,0.154841461852271,"GIMAP5"
"ENSG00000104435",28.0812285693509,2.5713123241423,0.795460653461092,3.23248210072288,0.00122719823695916,0.00364231108832379,1.75301511196728,1.41051637653148,"STMN2"
"ENSG00000122481",49.1544908003917,-0.650142793220746,0.201167540567828,-3.23184740135318,0.001229927183822,0.00364958785264828,-0.574487789745859,0.198254255969457,"RWDD3"
"ENSG00000254093",48.5079901222541,0.547590104627053,0.169440445131968,3.23175558350643,0.0012303224265882,0.0036499380505769,0.491130007641773,0.17083513136649,"PINX1"
"ENSG00000213906",14.465001201703,0.788765176679864,0.244112002819973,3.23116097352067,0.00123288484931364,0.00365671591035445,0.678129085949677,0.250209427363768,"LTB4R2"
"ENSG00000133895",367.313272160744,0.433609576274244,0.13423630035433,3.2301961178138,0.00123705330506705,0.00366825311137676,0.399305909716876,0.134035382466466,"MEN1"
"ENSG00000119927",11571.101780956,0.694316303108879,0.214959448531092,3.22998736670303,0.00123795688113275,0.00367010589889524,0.630658333730535,0.221864910837097,"GPAM"
"ENSG00000178177",120.24632641971,-0.659025175926617,0.20406442870708,-3.22949560637342,0.00124008786795724,0.00367559587337348,-0.581046752019889,0.200799237421093,"LCORL"
"ENSG00000176399",311.642123946933,-0.49462629486559,0.15317275010433,-3.22920555078293,0.00124134637822803,0.0036784979553793,-0.450613321720126,0.150106700797892,"DMRTA1"
"ENSG00000135299",172.293029024735,-0.307180895744552,0.0951421553338208,-3.22865184908583,0.00124375208703405,0.00368411617486162,-0.292406271076739,0.0935945026594103,"ANKRD6"
"ENSG00000170144",2218.05652651266,-0.303850823928741,0.0941110770347127,-3.22864038434781,0.00124380194419413,0.00368411617486162,-0.290106363984861,0.0924830060197202,"HNRNPA3"
"ENSG00000130294",22.1285496995657,1.11132978643143,0.344246976609496,3.22829207500083,0.00124531753087174,0.00368777566609475,0.904410798728715,0.382142847946226,"KIF1A"
"ENSG00000119004",265.284621327513,-0.349240862252568,0.108191221136113,-3.22799630677239,0.00124660583581737,0.00368993085305115,-0.327659442146973,0.106172462511347,"CYP20A1"
"ENSG00000226124",150.395431172533,-0.387913110725897,0.120170603363242,-3.22801999714809,0.00124650260014155,0.00368993085305115,-0.361870445896099,0.118016370587757,"FTCDNL1"
"ENSG00000163624",20.6934340594331,-1.07803647967574,0.334011151476976,-3.22754637055898,0.0012485680247338,0.00369490820715783,-0.901046954877407,0.333727647399171,"CDS1"
"ENSG00000121892",1240.4264863236,-0.350828508095049,0.108704373409578,-3.22736332578995,0.00124936710572263,0.00369644209302117,-0.330436702215031,0.106637851994636,"PDS5A"
"ENSG00000090776",223.088043386391,0.476037640598012,0.14751309671896,3.22708729723811,0.00125057299993983,0.00369751720575068,0.436403158369096,0.147885124678732,"EFNB1"
"ENSG00000141627",384.685470393384,0.303680574905625,0.0941024439911491,3.22712739463162,0.00125039775855797,0.00369751720575068,0.28944170811943,0.0932391808225823,"DYM"
"ENSG00000173193",2302.16804418755,0.441640833259727,0.136848888459664,3.22721534848198,0.00125001344504948,0.00369751720575068,0.405939329013045,0.136676994024011,"PARP14"
"ENSG00000186714",19.393863542392,-0.73145909335692,0.226697098179635,-3.22659222032613,0.0012527385501272,0.00370308840390093,-0.636918521898621,0.225206924209697,"CCDC73"
"ENSG00000065361",2215.59796206374,-0.362647413386181,0.112420381725443,-3.22581553113607,0.00125614289805685,0.00371160739986936,-0.339053781870662,0.110217182048415,"ERBB3"
"ENSG00000162368",3375.14367008195,-0.622306444846852,0.19291501916822,-3.22580609602099,0.00125618430607761,0.00371160739986936,-0.546027822992903,0.188731022674266,"CMPK1"
"ENSG00000143545",894.795462709219,-0.308387839452379,0.0956054541646855,-3.22563019177927,0.00125695653028531,0.00371305579487018,-0.2951270526435,0.0940584515379188,"RAB13"
"ENSG00000117410",1175.698420034,-0.403687376022385,0.125155956077574,-3.22547474905766,0.00125763929265666,0.00371423932864908,-0.375017655766574,0.122591983327951,"ATP6V0B"
"ENSG00000115368",368.616456128866,-0.357849614604867,0.110979028973898,-3.22447959685277,0.00126201849172875,0.00372633672619438,-0.338272744927002,0.108927868026745,"WDR75"
"ENSG00000174579",329.568576529068,-0.390372754579613,0.121069999242987,-3.22435580259761,0.00126256423580235,0.00372711227098066,-0.36253220516358,0.118589005122457,"MSL2"
"ENSG00000151657",115.182730516175,-0.310940002718652,0.096437768514108,-3.22425547075122,0.00126300670624542,0.00372758267079739,-0.295700716813144,0.0948811300337873,"KIN"
"ENSG00000237489",26.2684387168365,0.515358369401168,0.159986418524938,3.22126324317233,0.00127626862413038,0.00376587913610502,0.467435079146716,0.158438255462916,"C10orf143"
"ENSG00000110169",104571.112863111,0.325804304165459,0.101177171647691,3.22013650766936,0.00128129568299656,0.00377986532877722,0.309034571732083,0.100361913695221,"HPX"
"ENSG00000059915",32.8904823810965,1.0122927842209,0.314389525561738,3.21986803603643,0.0012824961931788,0.00378129104409984,0.83342407578823,0.344113266643481,"PSD"
"ENSG00000186469",127.615044788915,-0.713680109341274,0.221645524773897,-3.21991662168368,0.0012822788584301,0.00378129104409984,-0.623194735317277,0.218374350900301,"GNG2"
"ENSG00000255302",1406.52101667844,-0.572128769110979,0.177688804999467,-3.21983576350067,0.00128264057443034,0.00378129104409984,-0.510739008896203,0.174096721505907,"EID1"
"ENSG00000160190",62.6665997329779,0.534324341201154,0.165965869092972,3.21948328364931,0.00128421848008597,0.00378509525605816,0.482089232053572,0.166570665034646,"SLC37A1"
"ENSG00000214279",16.7556849456966,-1.10882537657859,0.344445577654967,-3.21915985720481,0.00128566790188164,0.00378851915760378,-0.923000511114753,0.344930382568396,"SCART1"
"ENSG00000108244",12.3204085471055,2.5662004910826,0.797699230144497,3.21700259208944,0.00129537428405819,0.00381626713446188,1.80721840489256,1.24639870069923,"KRT23"
"ENSG00000132286",367.785787831699,0.372554435518584,0.115812099297045,3.21688699004603,0.00129589632742873,0.00381695101720955,0.349442590041728,0.115058919867245,"TIMM10B"
"ENSG00000162585",177.663777844472,0.742441697141601,0.230811213527847,3.21666216209217,0.0012969121765045,0.00381908873090097,0.641359540998791,0.24160809645223,"FAAP20"
"ENSG00000168056",671.099749123799,0.873628660208867,0.271617644262422,3.21639141883144,0.00129813646196156,0.0038218391453904,0.736736607128242,0.292957196080868,"LTBP3"
"ENSG00000105329",136.324976630404,0.87868768208045,0.273205485975112,3.21621536604319,0.00129893313477007,0.00382332967860109,0.740230120878662,0.29398208768304,"TGFB1"
"ENSG00000134452",658.165075799273,0.29916368413642,0.0930363565647681,3.21555674773393,0.00130191751298093,0.0038312574823216,0.285428175214822,0.0921965935714177,"FBH1"
"ENSG00000126524",1341.65533036725,-0.371053382152121,0.115451178612014,-3.21394191564804,0.00130926155435817,0.00385200840774963,-0.342136536073719,0.112866280247702,"SBDS"
"ENSG00000197296",163.43916014734,0.403354975035066,0.125508788854859,3.2137588029912,0.00131009673534153,0.00385360447218646,0.375585599977589,0.124765401437406,"FITM2"
"ENSG00000158467",269.383182443818,0.395721076653872,0.123207802620159,3.2118183121393,0.00131897762011438,0.00387886069833055,0.368723376223666,0.122535073287397,"AHCYL2"
"ENSG00000099246",1014.84002609846,-0.645861412172455,0.201144554375742,-3.21093163161641,0.00132305408061582,0.00388997990741132,-0.565881002022489,0.197138541918093,"RAB18"
"ENSG00000165953",6.08493019941681,1.62561490449594,0.506297622953883,3.21078913033729,0.00132371030495902,0.00389104038291815,3.3537973483598,0.518748825753726,"SERPINA12"
"ENSG00000122912",587.089836877987,-0.296014390585909,0.0922054506751371,-3.21037843661588,0.00132560324714484,0.00389573489997969,-0.28083877590252,0.0906170833775896,"SLC25A16"
"ENSG00000081721",113.605017163292,-0.280627345164945,0.0874208883955106,-3.21007198983528,0.00132701732811404,0.00389902033964504,-0.267115149015888,0.086089083203419,"DUSP12"
"ENSG00000130770",1561.93273804686,-0.430304201667086,0.134052520419663,-3.20996725999617,0.00132750091693783,0.00389957096662281,-0.394670206196424,0.131109575540643,"ATP5IF1"
"ENSG00000188542",51.5720576120467,-0.379400505920221,0.118203456981795,-3.20972428055682,0.00132862349801123,0.0039019979867981,-0.354700638252143,0.116094202126075,"DUSP28"
"ENSG00000112306",6315.39851845683,-0.410743785559942,0.12808674586431,-3.20676259505467,0.00134237726675845,0.00394151184079877,-0.379768460863417,0.125353675108605,"RPS12"
"ENSG00000147677",1805.1502488231,-0.255004525885582,0.0795276312761006,-3.20648964132062,0.0013436514246125,0.00394437339051241,-0.252883546826175,0.0783962127195775,"EIF3H"
"ENSG00000124568",692.000067229625,0.524482631347197,0.163578390417933,3.20630756915492,0.00134450196428313,0.00394599038380554,0.479067023944875,0.164979324135385,"SLC17A1"
"ENSG00000137700",3575.87115376292,0.366005997663442,0.114172207449118,3.20573636825368,0.0013471735209676,0.00395294998374403,0.343433188183914,0.113461291299264,"SLC37A4"
"ENSG00000143753",407.524174428042,-0.382983462514916,0.11947109796258,-3.20565784567303,0.00134754116059792,0.00395314770954372,-0.360988434034497,0.117214507316649,"DEGS1"
"ENSG00000039523",276.22328975633,0.700950536392217,0.218675661868776,3.20543461673776,0.00134858681530879,0.0039553339296849,0.609219131806189,0.227313779787738,"RIPOR1"
"ENSG00000120093",41.2868630274187,-0.735290242876396,0.229399617159498,-3.20528103743591,0.00134930665000256,0.00395656377593179,-0.639061909961764,0.226623046914415,"HOXB3"
"ENSG00000130396",2114.0926647116,-0.339150388833037,0.105822046655374,-3.20491239351601,0.00135103595123237,0.00396075246803058,-0.318108781435645,0.103711449725956,"AFDN"
"ENSG00000239672",189.084964138392,-0.569419178632039,0.177757085942215,-3.20335572342328,0.00135836082787037,0.00398133986191926,-0.50994236952707,0.174388230275468,"NME1"
"ENSG00000113272",158.509871308537,-0.288378597319821,0.0900275244324396,-3.20322700349527,0.00135896815349512,0.00398223340950741,-0.275031132858352,0.0886000186465587,"THG1L"
"ENSG00000109736",82.3580365772965,0.87748894541072,0.273998457369272,3.20253242969217,0.00136224961209455,0.00399096092408475,0.738580253892016,0.294202864340075,"SLC75A1"
"ENSG00000105835",2358.79202368273,-0.809063861735996,0.252758676757539,-3.20093407717947,0.00136982868146073,0.00401137998667972,-0.685951290243983,0.248339992932851,"NAMPT"
"ENSG00000131013",227.273941583877,-0.300571882700359,0.0939004879506326,-3.20096188273677,0.00136969650130013,0.00401137998667972,-0.280247740626084,0.0921456656764097,"PPIL4"
"ENSG00000114030",1291.04280031625,0.381201641256846,0.119139711576575,3.19961863439493,0.00137609540428968,0.00402883524413564,0.349906460518431,0.118297962811968,"KPNA1"
"ENSG00000157045",533.709389608076,-0.373680237445837,0.116810612723917,-3.1990264303213,0.00137892526571385,0.00403622277643143,-0.345726158723143,0.11432012630952,"NTAN1"
"ENSG00000071553",837.587785503748,0.244981047793072,0.0765927886913005,3.19848711580987,0.00138150706156342,0.0040425660327268,0.235381989464892,0.0758702188659102,"ATP6AP1"
"ENSG00000168397",512.533212866314,0.584175902404318,0.182643694179828,3.19844550356689,0.00138170645201812,0.0040425660327268,0.520889300849683,0.186032584827053,"ATG4B"
"ENSG00000148450",868.71598595225,-0.424877803148565,0.132861830198056,-3.19789214490876,0.00138436046601628,0.00404943121430133,-0.392516648285845,0.130090111499549,"MSRB2"
"ENSG00000164849",268.009469221943,0.399265755405696,0.124856434649519,3.1977987880758,0.00138480868646322,0.00404984255130492,0.371724216956416,0.124142910353113,"GPR146"
"ENSG00000175155",552.6065535347,-0.568560104661186,0.177802129436463,-3.19771257219031,0.00138522274099375,0.00405015381033173,-0.510164386440068,0.174268693461227,"YPEL2"
"ENSG00000085721",681.173089373813,-0.355348816486692,0.111140712703902,-3.1972875451447,0.00138726561615392,0.00405401510921539,-0.333900954885113,0.108953147258749,"RRN3"
"ENSG00000105176",756.499406088283,-0.305493195699628,0.0955488657543011,-3.19724565318428,0.00138746711849647,0.00405401510921539,-0.29029053823953,0.0938785948957265,"URI1"
"ENSG00000168591",439.991954365006,0.243424163770669,0.0761341603652849,3.197305422464,0.00138717963360507,0.00405401510921539,0.235344924716121,0.0754088392901697,"TMUB2"
"ENSG00000214756",22.995394209248,0.57219060949099,0.178998611034228,3.19662038819718,0.00139047788279832,0.00406191076213062,0.511325849386651,0.178508678753789,"CSKMT"
"ENSG00000064961",449.68905043132,0.548789779546713,0.171687699995023,3.19644202562339,0.00139133783470923,0.00406352128034199,0.495832181868102,0.173861614539731,"HMG20B"
"ENSG00000165304",9.86991713076447,1.33694015535267,0.418319908461584,3.19597544441384,0.00139358971528783,0.00406919542946985,1.07024934409331,0.465737476533094,"MELK"
"ENSG00000139233",148.033351837966,-0.327013717284455,0.102357401703309,-3.19482237574112,0.00139916924303044,0.00408367595959627,-0.309512852879319,0.100604867595246,"LLPH"
"ENSG00000164040",2205.91788023048,-0.379703416191591,0.118848303213002,-3.19485769612611,0.00139899802756845,0.00408367595959627,-0.360094885934853,0.116632789241658,"PGRMC2"
"ENSG00000138814",414.093591574615,-0.683068308770869,0.213866693712567,-3.19389754857716,0.00140365922219674,0.00409587263285512,-0.598073903801152,0.210199189523866,"PPP3CA"
"ENSG00000197448",5463.12182179888,0.233888946777979,0.0732561209230575,3.19275637081082,0.00140921788039073,0.00411118161161629,0.228355915736757,0.0725810822761328,"GSTK1"
"ENSG00000121851",579.781493306266,-0.272870396746699,0.0854871339348057,-3.19194695373453,0.001413172833164,0.0041218062741332,-0.258627091455445,0.0840890615100085,"POLR3GL"
"ENSG00000125351",131.148565918736,0.354228386946733,0.111000060678571,3.19124498474366,0.00141661105919956,0.00413091942534251,0.329170437437935,0.109873525442717,"UPF3B"
"ENSG00000100292",964.738972358935,-0.658143153152673,0.206313170849999,-3.1900200575715,0.00142262919743733,0.0041474764656128,-0.574410058885432,0.20220148843035,"HMOX1"
"ENSG00000162972",503.876754073636,-0.257357201675242,0.080677220109255,-3.18996119755642,0.00142291897274594,0.0041474764656128,-0.247210155696565,0.0794883231957552,"MAIP1"
"ENSG00000102312",26.928302307551,0.577272269427253,0.180973428239592,3.18981783703073,0.00142362498245106,0.00414794961815713,0.515194609409366,0.181069360038261,"PORCN"
"ENSG00000154473",670.464757837833,-0.359886278422604,0.112824078415539,-3.18980029331254,0.00142371140243446,0.00414794961815713,-0.337609824130434,0.11059738107462,"BUB3"
"ENSG00000163590",212.078450460453,0.611486944390528,0.191741135713345,3.1891275813903,0.00142702881756427,0.00415627895545399,-0.0875101948986706,0.169484835173778,"PPM1L"
"ENSG00000197345",362.029157486825,-0.341687945339623,0.10714268646564,-3.18909257002063,0.00142720166775083,0.00415627895545399,-0.320621531363525,0.105113189667728,"MRPL21"
"ENSG00000168944",293.236947315863,-0.410572195653646,0.128797830680511,-3.18772601591473,0.00143396340637513,0.00417504692798208,-0.38043477992661,0.126171999380382,"CEP120"
"ENSG00000173137",100.819994046596,0.842390621072896,0.264279213213439,3.1875023798885,0.00143507276981865,0.00417550675965354,0.711433528302497,0.282303258632151,"ADCK5"
"ENSG00000174827",1164.13851491313,0.26270939571914,0.082417269194947,3.18755278214492,0.00143482267657277,0.00417550675965354,0.250450635165021,0.0816848384711245,"PDZK1"
"ENSG00000196323",528.637895500054,-0.430920250563635,0.135187875130703,-3.18756582383599,0.0014347579709565,0.00417550675965354,-0.397348908097803,0.132339045924997,"ZBTB44"
"ENSG00000153130",684.91360346341,-0.87973118384233,0.276015562334199,-3.18725211144853,0.00143631518339438,0.00417819834391745,-0.750020798895856,0.272636542501884,"SCOC"
"ENSG00000187555",1156.06704965113,0.150956829440918,0.0473685371702551,3.18685858713219,0.00143827077090982,0.00418296288265932,0.148778089700202,0.04708561736571,"USP7"
"ENSG00000198142",523.274810242864,-0.550199656248033,0.172688933005386,-3.18607363351347,0.00144217886721841,0.00419340259845353,-0.493922877068097,0.16913180800264,"SOWAHC"
"ENSG00000186283",729.257091604436,0.54812921961453,0.172058328539875,3.18571744980946,0.00144395544712417,0.00419764129318543,0.4920665739752,0.174323165296363,"TOR3A"
"ENSG00000139990",1010.13730079381,0.256309869353675,0.0804668412068349,3.18528558483919,0.0014461122171208,0.00420298310168044,0.24539320161052,0.0797246950279081,"DCAF5"
"ENSG00000121058",256.552504599767,-0.242136837184203,0.076020285397259,-3.18516085435446,0.00144673568406069,0.00420386714110419,-0.233274418503222,0.0750002152966186,"COIL"
"ENSG00000100139",124.02140490181,0.622309568061108,0.195384311483802,3.18505392441756,0.00144727037196185,0.00420449287671001,0.549488513136101,0.199836488491147,"MICALL1"
"ENSG00000138375",180.844147594657,0.257428808353917,0.0808404859935292,3.18440451204763,0.00145052157996,0.00421300840982866,0.247648612070645,0.080098892703577,"SMARCAL1"
"ENSG00000134851",237.752754479615,-0.466132555293141,0.146396218180652,-3.18404779225879,0.00145231031943907,0.00421634347645752,-0.425827501892027,0.143273595906856,"TMEM165"
"ENSG00000173535",21.1113174242568,1.07904512311833,0.338886532733292,3.18408971408595,0.00145210000081456,0.00421634347645752,0.881976863042005,0.372929216406441,"TNFRSF10C"
"ENSG00000074582",440.584029721191,0.449298298812207,0.141152473014771,3.18307068389222,0.00145722035833303,0.00422966561680173,0.413243309555223,0.141145696941157,"BCS1L"
"ENSG00000099875",1447.21929128847,0.422908160732735,0.132937142945198,3.18126410244181,0.0014663388724618,0.00425519453269386,0.391411722563518,0.132650298533238,"MKNK2"
"ENSG00000046889",57.3158695824269,-0.767628729069726,0.241341204958024,-3.18067828161892,0.00146930700771666,0.00426286823790162,-0.661416054760016,0.238222649870671,"PREX2"
"ENSG00000247596",199.237113136506,0.606039458138039,0.190575070159828,3.18005632966462,0.00147246426448955,0.00427108713511113,0.536330187021707,0.194705477925441,"TWF2"
"ENSG00000025156",103.913309438154,-0.344624928062202,0.108391717980043,-3.17943967015684,0.00147560082600327,0.00427924239540948,-0.320389654301967,0.106302894390997,"HSF2"
"ENSG00000101290",1031.05570393411,0.352744065176957,0.110948571037836,3.17934752901563,0.00147607001874354,0.00427966039788097,0.331167887151326,0.11013014712249,"CDS2"
"ENSG00000124508",132.7423292921,0.363022111145481,0.114189447670884,3.17912135096565,0.00147722232500095,0.00428205837317537,0.340412008544812,0.113090561651605,"BTN2A2"
"ENSG00000157216",577.494161301482,-0.438963111798561,0.138085072645793,-3.17893240295828,0.00147818559127817,0.00428390743886604,-0.403351819949294,0.13512373830247,"SSBP3"
"ENSG00000171298",1224.28815611058,0.531584608323834,0.167246044855578,3.17845847286178,0.00148060425746112,0.0042899726350645,0.479094673170625,0.169073012510972,"GAA"
"ENSG00000174720",481.547131898066,-0.270773279899266,0.0851920737008871,-3.17838583023536,0.00148097530571999,0.00429010360288434,-0.257423341021013,0.0838110317622612,"LARP7"
"ENSG00000165898",198.576271041621,-0.28423170437742,0.0894419526045638,-3.17783429476379,0.00148379526693974,0.00429732698735782,-0.271670073645206,0.0880277566019297,"ISCA2"
"ENSG00000173889",380.4196749184,-0.494722511153152,0.155721478354387,-3.17697029582055,0.00148822277894817,0.00430920191502784,-0.448357984715208,0.152333040075875,"PHC3"
"ENSG00000158528",33.1002616479354,-0.945968263609437,0.297834619344669,-3.17615281155317,0.00149242313336249,0.00432041402239458,-0.796332912891466,0.296067693478817,"PPP1R9A"
"ENSG00000166411",417.90297314791,-0.290354045148801,0.0914350506898052,-3.17552232932895,0.00149567010131368,0.0043288618496144,-0.277195911470711,0.0899149791344233,"IDH3A"
"ENSG00000185477",65.7257119225333,-0.817119712613885,0.257343808529636,-3.17520641853633,0.00149729948054629,0.00433262526612581,-0.698715139350553,0.25430399215834,"GPRIN3"
"ENSG00000105197",433.481747569888,0.283952138254994,0.0894378771259562,3.17485328788721,0.00149912276498154,0.00433694799467084,0.271880083818721,0.0885709473932281,"TIMM50"
"ENSG00000129255",1621.43017070883,0.25762473387031,0.0811495337216221,3.17469148687993,0.00149995885920183,0.00433746065017598,0.248061111848881,0.0803928162802651,"MPDU1"
"ENSG00000159189",1378.38917093318,1.04128778490225,0.327989993848948,3.17475473163916,0.00149963199565897,0.00433746065017598,0.860971071461558,0.367382605337662,"C1QC"
"ENSG00000054148",463.327179909254,0.568118622976691,0.178965017114686,3.17446745814364,0.00150111721963238,0.00433900790500167,0.507799006093482,0.181843939685494,"PHPT1"
"ENSG00000162384",524.121416876488,-0.322150630628809,0.101482008488184,-3.17446053175345,0.00150115304627697,0.00433900790500167,-0.300746188936217,0.0994587553303203,"CZIB"
"ENSG00000093072",412.676557076141,0.752698539242307,0.237131391869798,3.17418344870843,0.00150258690022888,0.00434219910632428,0.647656891219424,0.249250716269137,"ADA2"
"ENSG00000118518",516.549995441067,-0.362086277277632,0.114081965895866,-3.17391337389947,0.00150398570202061,0.00434528763502378,-0.343729963340254,0.111956657632073,"RNF146"
"ENSG00000105085",59.4914387961505,-0.451072416764498,0.142166148986009,-3.17285387542494,0.00150948476766447,0.00436021861585574,-0.413511527573982,0.139455690198995,"MED26"
"ENSG00000023171",53.1396348811283,1.03554909625006,0.326394804794406,3.17268866121307,0.00151034393874259,0.0043617434300252,0.846075252174171,0.362755852692908,"GRAMD1B"
"ENSG00000136875",306.652281120991,0.239685503030456,0.0755659496382972,3.17187177793346,0.00151459863861236,0.00437307142016894,0.233818806244333,0.0748323950625686,"PRPF4"
"ENSG00000106348",67.8860221471232,0.669609253511703,0.211119288685017,3.17171044712423,0.00151544022736536,0.0043745419937497,0.584283530924909,0.216838727384145,"IMPDH1"
"ENSG00000113407",1204.24664482378,0.330729497367036,0.104284442183219,3.17141742759645,0.00151696987748593,0.00437799767798768,0.313342822172979,0.10338126137625,"TARS1"
"ENSG00000158874",138777.985216069,-0.446108686514445,0.140673514627547,-3.17123438406712,0.00151792614139285,0.00437979740906821,-0.37178491236864,0.135451301994653,"APOA2"
"ENSG00000169896",83.9664362178734,0.674313765748815,0.212685378431609,3.1704754258208,0.00152189705110467,0.00439029285163105,0.5917495865215,0.218840055610152,"ITGAM"
"ENSG00000184434",43.935603606938,-1.68697230685336,0.532105394261519,-3.17037249583727,0.00152243632245128,0.00439088644499311,-1.35608024179411,0.524879255175954,"LRRC19"
"ENSG00000197046",14.9771625484302,1.01666949443024,0.320707088263416,3.17008738389713,0.00152393100167501,0.00439423468419913,0.838185711086996,0.343323102736393,"SIGLEC15"
"ENSG00000115607",35.7313652173438,-0.718052843253922,0.226538451471696,-3.16967313314419,0.0015261050907469,0.00439954009738859,-0.623661143909465,0.223681906372782,"IL18RAP"
"ENSG00000175606",364.95687604744,-0.574305301798668,0.18124704663029,-3.16863260657782,0.00153157863459698,0.00441435295602097,-0.51237412593884,0.177575639604399,"TMEM70"
"ENSG00000154305",2482.48397657791,0.410136995413786,0.129446049788059,3.16840101405411,0.00153279935202671,0.00441690441426651,0.38013966979123,0.129022596653247,"MIA3"
"ENSG00000147231",40.483139701586,-0.597750912541806,0.188709485392353,-3.16757216151059,0.00153717555594127,0.00442854559508157,-0.530483041571006,0.185779592562201,"RADX"
"ENSG00000168329",82.4297282678896,0.690079605602614,0.217866458664654,3.16744307422193,0.00153785815012102,0.00442954285812588,0.604937515325184,0.224999357646172,"CX3CR1"
"ENSG00000010932",93.5091709106039,1.3401461198225,0.423138689035889,3.16715572115607,0.0015393786324336,0.0044329525535041,1.0472528735341,0.510839768209889,"FMO1"
"ENSG00000189159",168.855050654251,-0.432695826807066,0.136624447441805,-3.16704539274623,0.00153996278513517,0.0044336649965208,-0.398379314390786,0.133846904060876,"JPT1"
"ENSG00000116497",172.427916175233,-0.397006242157067,0.125382292405133,-3.16636611551389,0.00154356383522152,0.00444306109631101,-0.354663050379859,0.122158982294833,"S100PBP"
"ENSG00000149269",361.36347994849,0.304590520159251,0.0962198517367777,3.1655683797196,0.00154780277013447,0.00445428880253344,0.289056230383745,0.0953026763915179,"PAK1"
"ENSG00000107625",327.774868522897,0.231178372719147,0.073035908011704,3.16527005705332,0.0015493907218241,0.00445788423154199,0.223977316754437,0.0723238672787865,"DDX50"
"ENSG00000164151",429.855617129463,0.315774767303209,0.0997856059929602,3.16453224050658,0.00155332451609376,0.00446822603864769,0.300919199059646,0.0988199612092132,"ICE1"
"ENSG00000165526",442.569607678921,0.226764567211249,0.0716708834009324,3.16397058960067,0.00155632521655953,0.00447587981678086,0.224482588389442,0.0709228315728104,"RPUSD4"
"ENSG00000109381",307.801371045292,-0.303003820547691,0.0958074042333427,-3.16263469376243,0.00156348389151175,0.00449548567714428,-0.288708743460048,0.0941594088753816,"ELF2"
"ENSG00000171522",44.7154115410195,-0.774208177421853,0.244821598236086,-3.16233609697814,0.00156508812466872,0.00449911577497563,-0.665933281628283,0.24193115442121,"PTGER4"
"ENSG00000132570",161.153403225188,-0.28693061960787,0.0907395962975264,-3.16213242416301,0.00156618324118199,0.00450128106382931,-0.272692146183241,0.0892828689954778,"PCBD2"
"ENSG00000198252",537.858335083241,-0.696856694264029,0.220423252526057,-3.16144819694851,0.00156986739137401,0.00451088478280886,-0.610500867711208,0.21639801419089,"STYX"
"ENSG00000136247",680.758585364066,0.247903349801644,0.0784298043098558,3.16083091094097,0.00157319794855738,0.00451946851204592,0.239455510432487,0.0777102207545211,"ZDHHC4"
"ENSG00000163932",166.938972792735,0.402298600133856,0.127292949958326,3.1604154060815,0.00157544346075747,0.00452493206900802,0.37318844815158,0.126573552862593,"PRKCD"
"ENSG00000185803",77.3610824640072,0.646483093412453,0.204603810413213,3.15968256948309,0.00157941112195146,0.00453533845836706,0.569293426893577,0.209792731011317,"SLC52A2"
"ENSG00000123992",884.300344123629,0.260295386587559,0.0823829231740325,3.15957939532795,0.00157997045682098,0.00453595530625927,0.250510291894948,0.0815967158996488,"DNPEP"
"ENSG00000125551",949.787225006315,-0.470679672778074,0.148983429720944,-3.15927532115275,0.00158161998572592,0.00453970105342651,-0.427182330286026,0.145626290321161,"PLGLB2"
"ENSG00000116785",6352.35435173079,-1.1824424376348,0.37430926707837,-3.15899856518174,0.00158312269807808,0.00454302385416215,-0.970046406438159,0.371277257876123,"CFHR3"
"ENSG00000117362",2527.05114006642,0.282579815652642,0.0894911180882505,3.15762973677432,0.00159057442409573,0.00456341313306697,0.282649252656562,0.088712797481481,"APH1A"
"ENSG00000177283",63.458090711176,-0.475828048784308,0.150705216730462,-3.15734291823045,0.00159213991349206,0.00456690939020401,-0.434453938923893,0.14788485636004,"FZD8"
"ENSG00000196209",25.326547364238,1.11133532985681,0.352110863422296,3.15620858457854,0.0015983451480685,0.00458370991493571,0.896880735229565,0.393629475609831,"SIRPB2"
"ENSG00000149792",932.133299775839,0.23526665063611,0.074550032362117,3.15582224690841,0.00160046363861986,0.00458878577222757,0.227643081141397,0.0738632758399234,"MRPL49"
"ENSG00000023572",96.5724340554728,-0.549330865063997,0.174173007821372,-3.15393798347548,0.0016108331299917,0.00461693957120337,-0.492245564291426,0.170726257965558,"GLRX2"
"ENSG00000250799",2125.67316524882,0.542658765175739,0.172059020423586,3.15391058161197,0.00161098438326814,0.00461693957120337,0.491636734206365,0.174037236537916,"PRODH2"
"ENSG00000162065",433.020133608751,-0.474654604264806,0.150547959464742,-3.15284648129667,0.00161686814280582,0.0046327934642397,-0.432263532754853,0.147281710149721,"TBC1D24"
"ENSG00000171723",693.97046256396,-0.331198845414599,0.105052402539377,-3.15270129391334,0.00161767246308572,0.00463408956679431,-0.308832426625513,0.102901216402382,"GPHN"
"ENSG00000164989",11.7605253505262,-0.632305308295102,0.200599887277309,-3.1520721017206,0.00162116236842132,0.00464307673322496,-0.555362272096639,0.200927269574395,"CCDC171"
"ENSG00000136636",1946.93702188617,-0.341453900318018,0.108333682367271,-3.15187200191742,0.00162227370232902,0.00464524914416351,-0.322760751748727,0.106225501532175,"KCTD3"
"ENSG00000173156",382.718678542603,0.555568534296624,0.176278203404511,3.15165757062854,0.00162346541010712,0.0046476507043858,0.496063260298918,0.178783695075004,"RHOD"
"ENSG00000169255",20.4707686449058,-0.794212075138635,0.252074104125428,-3.15070870883052,0.00162874841239497,0.00466176121686785,-0.679919699235987,0.250475707419731,"B3GALNT1"
"ENSG00000141098",609.921042393637,0.42173445871597,0.133865577805429,3.15043243849403,0.00163028958116832,0.00466515814511239,0.390337959238973,0.133417019063274,"GFOD2"
"ENSG00000149187",1885.78827505802,-0.279238571041561,0.0886804440311071,-3.14881791687478,0.00163932302992853,0.00468998848588419,-0.266626141122388,0.0871926040107491,"CELF1"
"ENSG00000108370",17.4979739756931,1.13332151702603,0.359978720938804,3.14830141645705,0.00164222262430345,0.00469726332208977,0.914547424248935,0.399282434565958,"RGS9"
"ENSG00000176273",123.659327273067,0.662838290102103,0.210557501427207,3.1480155568395,0.00164382944674775,0.00470083807469177,0.577826989717018,0.217036352970779,"SLC35G1"
"ENSG00000129235",675.071646015549,-0.355815917802824,0.113048679448867,-3.14745753367038,0.00164697027508565,0.00470879709919169,-0.334269417345749,0.110820502685891,"TXNDC17"
"ENSG00000160124",306.34607505688,-0.455663919861105,0.144792066001327,-3.14702270949658,0.00164942150591388,0.00471478149085152,-0.416870912790766,0.1416785970204,"MIX23"
"ENSG00000174106",243.523094623327,-0.524290200959407,0.166625519981592,-3.14651801847236,0.00165227080573932,0.00472190089610676,-0.470870572492516,0.16301608164663,"LEMD3"
"ENSG00000099331",515.954894266768,0.513639357009004,0.163253932787565,3.14626023544181,0.00165372790065127,0.00472415233552329,0.463905079054811,0.164541896325666,"MYO9B"
"ENSG00000112394",322.240278146539,-0.618677151655048,0.196639434337397,-3.1462516851707,0.00165377625052612,0.00472415233552329,-0.548226324089073,0.192876133774533,"SLC16A10"
"ENSG00000076351",1789.92900431896,0.317926795074001,0.101056149784903,3.14604104501018,0.00165496778442267,0.00472550549765969,0.301068995783603,0.100154874212561,"SLC46A1"
"ENSG00000143164",2326.67319604382,-0.24605702756084,0.0782110082936939,-3.1460664288697,0.00165482415300929,0.00472550549765969,-0.233783593456775,0.0769775098885037,"DCAF6"
"ENSG00000130363",103.409400331094,-0.335708869021781,0.106718109282948,-3.14575353028131,0.001656595451739,0.00472912743226273,-0.316269029605966,0.104692098657767,"RSPH3"
"ENSG00000006831",3859.19084797998,0.342985315215932,0.109053342340128,3.14511511390627,0.0016602148976723,0.00473843254774627,0.325740098800301,0.108109247133887,"ADIPOR2"
"ENSG00000013306",1269.80730760598,0.389374111766673,0.123819548967911,3.14469011567456,0.00166262842064439,0.00474429254143998,0.362192741346017,0.12319236895476,"SLC25A39"
"ENSG00000116288",2835.10698753282,-0.2694206788834,0.0856989072075173,-3.14380530233608,0.00166766354797643,0.00475762909483373,-0.257589750430524,0.0843036047905116,"PARK7"
"ENSG00000170522",1965.46510764712,0.74322743169007,0.236428531837649,3.14356066043852,0.00166905818310498,0.00476057626489606,0.639222152073825,0.248378714203171,"ELOVL6"
"ENSG00000004059",680.812983799983,0.28206413783842,0.0897486073182789,3.14282467735823,0.0016732602894092,0.00477095223618125,0.269403691140291,0.0888995165910275,"ARF5"
"ENSG00000137500",749.477743976368,-0.509843418851668,0.162226030584616,-3.14279660923921,0.00167342073725391,0.00477095223618125,-0.460251128100001,0.158672034840941,"CCDC90B"
"ENSG00000171885",42.8968295619238,1.118235855615,0.355956676773437,3.14149425641127,0.00168088105561591,0.00479118423430158,0.898210948197787,0.402722086213213,"AQP4"
"ENSG00000157653",26.3162632775932,-0.594545452211546,0.189296323664778,-3.14081880039265,0.00168476233444269,0.0048012079859897,-0.529635816126441,0.187467564125761,"C9orf43"
"ENSG00000135549",46.5336094391883,-0.852769859287374,0.271606598890027,-3.13972437625736,0.00169106857599437,0.00481710437651707,-0.723291647374258,0.26887383636177,"PKIB"
"ENSG00000174640",56.7256995114881,1.0869409715174,0.346190002019962,3.13972375047021,0.00169107218808005,0.00481710437651707,0.875700595473433,0.390801285909597,"SLCO2A1"
"ENSG00000130748",32.8629044484551,0.81442951102281,0.259410091385487,3.13954444359898,0.001692107451835,0.00481901075294389,0.687867617549159,0.273248229264317,"TMEM160"
"ENSG00000205143",170.171622544526,0.448497654815906,0.142890281234597,3.138755490862,0.0016966695563579,0.00483095834321109,0.410979233828592,0.142753917552218,"ARID3C"
"ENSG00000182218",24.9244120508473,0.61185816660369,0.194988771353074,3.13791487765095,0.00170154283372879,0.00484378658354017,0.539424027079716,0.196318481632435,"HHIPL1"
"ENSG00000136261",248.279895209953,-0.267550088104181,0.0852774619468098,-3.13740678951093,0.00170449460648955,0.00485114050779104,-0.256179799114801,0.083994536379758,"BZW2"
"ENSG00000153914",835.886888156182,-0.524161884351482,0.167129926447549,-3.13625390432983,0.0017112098477425,0.00486920009841749,-0.47086054977885,0.16341720326346,"SREK1"
"ENSG00000112305",347.881866695287,-0.303630143740772,0.0968244215159685,-3.13588389155205,0.00171337022350567,0.00487218841526473,-0.288400770341971,0.0951145195550386,"SMAP1"
"ENSG00000157741",332.661976908969,-0.470433112212484,0.150010141750514,-3.13600871729642,0.00171264112923434,0.00487218841526473,-0.420553386990794,0.146186702466568,"UBN2"
"ENSG00000187325",225.379184614713,-0.559008026300382,0.17825899317442,-3.13593169323812,0.00171309098507746,0.00487218841526473,-0.500609243737169,0.174594989953747,"TAF9B"
"ENSG00000057294",643.32633862962,0.517766881353406,0.165120052680717,3.13569958916244,0.00171444723661576,0.00487398895143054,0.466066231676856,0.166584998862512,"PKP2"
"ENSG00000099624",690.359856739287,0.757403226427763,0.241546627817397,3.13563982768718,0.00171479660010423,0.00487398895143054,0.647564756344066,0.254626858098789,"ATP5F1D"
"ENSG00000165795",7692.17968875374,0.413793474668811,0.131966890626753,3.13558554500733,0.00171511399149155,0.00487398895143054,0.38634513289152,0.131742831396956,"NDRG2"
"ENSG00000141434",130.673380808633,1.08760301714025,0.346890715944107,3.13529007018882,0.00171684258343827,0.00487784839308335,0.875648201719734,0.394143000169439,"MEP1B"
"ENSG00000123415",419.942408720882,-0.308218289050723,0.0983331316671922,-3.13442970670238,0.0017218850260917,0.00489111936429844,-0.292777680365902,0.0965580651661108,"SMUG1"
"ENSG00000132952",460.282449630531,-0.415285671192233,0.132516325404755,-3.13384535772324,0.0017253175578431,0.00489981254671317,-0.383451872113907,0.129635294677761,"USPL1"
"ENSG00000129521",26.229741396878,-0.755423900887185,0.241081334702756,-3.13348149419611,0.0017274581111158,0.004904833618924,-0.649339159041874,0.239298435362938,"EGLN3"
"ENSG00000109576",1115.95266621135,-0.41739747510436,0.133225660839807,-3.13301110666844,0.00173022894806139,0.00491164172707552,-0.384921463580707,0.130301856653685,"AADAT"
"ENSG00000172354",1136.75573090591,0.463032533849446,0.147846681055614,3.13184259899127,0.00173712978623454,0.00493016830471306,0.423123839020844,0.14812818708276,"GNB2"
"ENSG00000166343",21.0614644344022,-0.852737646606191,0.272299032420836,-3.13162202239592,0.00173843527830877,0.00493281010220113,-0.722214894973445,0.270789140662025,"MSS51"
"ENSG00000168952",25.4900585124076,-0.844959072274969,0.269827943243779,-3.1314735683679,0.00173931441770637,0.00493424124618014,-0.714585362250093,0.268375781349969,"STXBP6"
"ENSG00000175220",585.906678070083,0.438021930751053,0.139901534886187,3.13093012959002,0.00174253613101731,0.00494231596315681,0.406751057733498,0.139630666628232,"ARHGAP1"
"ENSG00000103047",554.449898037558,0.42313933011442,0.135198034202547,3.12977427970953,0.00174940670639011,0.00496021753732571,0.389984640938843,0.134833391073037,"TANGO6"
"ENSG00000162775",107.906111602586,-0.325901295774718,0.104130415994781,-3.12974160970463,0.00174960126411519,0.00496021753732571,-0.306338439249354,0.102173545268627,"RBM15"
"ENSG00000166033",1600.28145021333,0.390577624247856,0.124808922830661,3.12940465625032,0.00175160906391322,0.00496484067502292,0.364544529034645,0.124120487124017,"HTRA1"
"ENSG00000054219",20.8551088828814,-0.877581111508977,0.280515431303055,-3.12845930590137,0.00175725342439572,0.00497872796695595,-0.740070761139149,0.279070628114874,"LY75"
"ENSG00000184307",184.678011865788,0.470943767181051,0.150535458026575,3.1284573970467,0.00175726483840531,0.00497872796695595,0.428890810371805,0.15074206642463,"ZDHHC23"
"ENSG00000181938",39.7113544092558,0.57626201374924,0.184230485621003,3.12794058923951,0.00176035760285207,0.00498641742666747,0.511967489680679,0.185635805276294,"GINS3"
"ENSG00000166532",81.2429140949266,-0.585685678203356,0.187268000812211,-3.12752672994396,0.00176283789371714,0.00499236904897394,-0.518721258781815,0.183517726431898,"RIMKLB"
"ENSG00000165629",3490.97524310019,-0.331280688719226,0.10593483436512,-3.1272120327995,0.00176472604801509,0.00499664153724013,-0.309999833096435,0.103753104605346,"ATP5F1C"
"ENSG00000072133",24.6050370182929,-0.74380117793431,0.237866083654833,-3.126974499709,0.00176615245610948,0.0049991424029214,-0.640336215793854,0.235600181322752,"RPS6KA6"
"ENSG00000173894",15.649543625713,0.858129683764779,0.274431263333954,3.1269385030689,0.00176636871171125,0.0049991424029214,0.721491997827251,0.284733819474775,"CBX2"
"ENSG00000102309",432.14272541606,-0.386374493071738,0.123600988061274,-3.12598223632483,0.00177212255859962,0.00501434893757201,-0.359687475555605,0.120985294794502,"PIN4"
"ENSG00000162878",122.841730267389,0.586897911620421,0.187787256085299,3.1253340820627,0.00177603228760554,0.00502433199368597,0.519132854435503,0.190914708407645,"PKDCC"
"ENSG00000122641",196.103306717489,-0.749384954239,0.23980021640577,-3.1250386904195,0.00177781674749193,0.00502829974167104,-0.643842821519141,0.23587172503153,"INHBA"
"ENSG00000120071",344.202706678726,0.264877612321209,0.0847690864662563,3.12469584565652,0.00177988993799706,0.00503308224305613,0.25425659892339,0.0839099897387349,"KANSL1"
"ENSG00000168273",154.907869375957,-0.527316025952509,0.168788322639954,-3.12412622926136,0.00178333933606799,0.00504175342466634,-0.471854929233697,0.165102643915661,"UQCC5"
"ENSG00000168014",124.271919863811,0.355621105209538,0.113842017829463,3.12381238482846,0.00178524249289278,0.00504605037815077,0.330850297148173,0.112797120535562,"C2CD3"
"ENSG00000103540",102.772715232626,-0.526507918891202,0.168578130339355,-3.12322789338878,0.0017887918336269,0.00505499748476751,-0.473238950836128,0.16511884496508,"CCP110"
"ENSG00000012171",57.2692441219521,1.17260685278588,0.37548991568977,3.1228717571065,0.00179095766016442,0.00506003187848171,0.928269983796784,0.43459920174064,"SEMA3B"
"ENSG00000143842",384.724557540094,0.490744127372912,0.157192591083266,3.12192911886642,0.00179670190988657,0.00507408351470754,0.444452998835119,0.15796557551285,"SOX13"
"ENSG00000148229",616.826650245664,0.288613303264796,0.0924464326796532,3.12195176059312,0.00179656373745772,0.00507408351470754,0.276612354261518,0.0915230885802258,"POLE3"
"ENSG00000107290",893.996988732537,0.313721303805381,0.100516309432999,3.12109851202305,0.00180177749199206,0.00508732628341572,0.297752281278158,0.099543193914161,"SETX"
"ENSG00000165997",430.829876997338,-0.749740636857239,0.240226544167659,-3.12097332730216,0.00180254359891009,0.00508784279999814,-0.643024535511642,0.235758391284463,"ARL5B"
"ENSG00000197892",577.899369150194,0.299003985083051,0.0958056743246044,3.12094233656745,0.00180273330259694,0.00508784279999814,0.284712657444026,0.0948541276881156,"KIF13B"
"ENSG00000137726",260.986468941101,-0.511294253971011,0.163845435715747,-3.12058893638055,0.00180489787037889,0.00509286012889165,-0.460497885142719,0.160225751347576,"FXYD6"
"ENSG00000126460",66.3687594985282,0.606163225403241,0.194284946513437,3.11997010721218,0.00180869393875875,0.00510247790822749,0.538655927187121,0.197735143031902,"PRRG2"
"ENSG00000013441",1913.27331957488,-0.545893371564237,0.174978249719221,-3.11977844355059,0.00180987114376143,0.00510470511541624,-0.489757140116452,0.170983261992173,"CLK1"
"ENSG00000170473",354.411575498759,-0.378068309515293,0.121198843125233,-3.11940526630803,0.00181216523207418,0.00511008084075576,-0.355979406820206,0.118816350144116,"PYM1"
"ENSG00000049541",318.436820980635,0.259297479986549,0.0831449607537793,3.11861930820339,0.00181700561356001,0.00512263295677326,0.249270891110953,0.0822921301880493,"RFC2"
"ENSG00000185305",145.537716167328,-0.652174424223395,0.209133853655006,-3.11845458219903,0.00181802159576265,0.00512439998497345,-0.570266678762498,0.205225437217747,"ARL15"
"ENSG00000137504",682.250448480235,-0.553969362658679,0.177676618387883,-3.11785178986983,0.00182174389620267,0.00513379283762935,-0.493089314705787,0.173488010987051,"CREBZF"
"ENSG00000083223",1067.27062764531,-0.6416441602579,0.205822000073397,-3.11747121313119,0.00182409759939981,0.00513932569948596,-0.56161866553277,0.201723045622995,"TUT7"
"ENSG00000167522",423.089783815745,0.56278757865212,0.180615045295987,3.11595071014068,0.00183352916731331,0.00516479354232927,0.501478307290146,0.183375871723697,"ANKRD11"
"ENSG00000177084",650.450236617617,0.427663518447894,0.137286439823138,3.11511842683691,0.00183871071590293,0.00517828134450866,0.395163471274334,0.137012531435683,"POLE"
"ENSG00000197566",31.1812191745786,-0.538097405698478,0.172762064258927,-3.11467339781264,0.00184148685167303,0.00518499056653703,-0.481734658656574,0.169990332585744,"ZNF624"
"ENSG00000125089",266.710566323442,0.634521231095228,0.203766901392399,3.11395632342328,0.00184596813693563,0.00519649700468133,0.554548748232112,0.20942062999068,"SH3TC1"
"ENSG00000244045",144.354174427799,-0.325939087172542,0.104692731715714,-3.11329241133575,0.00185012612034294,0.005207088606335,-0.307380903478226,0.10275660626927,"VMA12"
"ENSG00000171940",311.304923273843,-0.469513356505783,0.1508257221259,-3.11295281658829,0.00185225627688689,0.00521196968187494,-0.427261801437764,0.147455013180334,"ZNF217"
"ENSG00000147121",182.511270170801,-0.456693713601461,0.146722546400112,-3.1126348663283,0.00185425270749403,0.00521647246727915,-0.417326151414515,0.14350895779925,"KRABD4"
"ENSG00000100225",2182.48137230913,-0.271325278954483,0.087189014527371,-3.11192046871119,0.00185874567045456,0.00522744161544337,-0.25951032138606,0.0857313295720339,"FBXO7"
"ENSG00000127554",254.628531992094,0.355930214063455,0.11437755391801,3.11188866933278,0.0018589458942356,0.00522744161544337,0.334218201733908,0.113425150330791,"GFER"
"ENSG00000172890",727.798621470362,0.486778802415373,0.156458509305326,3.11123252149508,0.00186308173344063,0.00523795304345063,0.441620946532944,0.1571457357432,"NADSYN1"
"ENSG00000006625",350.419598580635,-0.309239596090098,0.0994440855809145,-3.10968313785217,0.00187288139686927,0.00526438011767311,-0.292991804870799,0.0976147414914998,"GGCT"
"ENSG00000113580",1456.30301287436,-0.331680183885417,0.106669296255682,-3.10942506914447,0.00187451824278589,0.00526785638943843,-0.312517351737583,0.104557709411817,"NR3C1"
"ENSG00000116752",378.24951053917,-0.450845362555939,0.145052699528096,-3.10814872127639,0.00188263304076742,0.00528953192802899,-0.411135305305827,0.141765731151787,"BCAS2"
"ENSG00000087365",1913.34487183516,0.358460012891485,0.115348975028102,3.10761333426808,0.00188604653468081,0.00529799203661352,0.334812735696295,0.114490544342674,"SF3B2"
"ENSG00000232810",14.9237142102751,0.895411083560068,0.288209235650806,3.10680912614801,0.00189118464904791,0.00531129204124676,0.746630404310083,0.301201830056794,"TNF"
"ENSG00000114796",626.017375040669,-0.576967465010915,0.185733230221481,-3.10643100495748,0.00189360491961176,0.00531695508031744,-0.50923496938906,0.181529059740826,"KLHL24"
"ENSG00000205423",125.810310497699,-0.449891911296392,0.144838167939946,-3.10616958012704,0.00189527990544108,0.00532052350427235,-0.411356455512052,0.141785430440617,"CNEP1R1"
"ENSG00000178691",332.250046293301,-0.582061074126482,0.187404556755398,-3.10590673035871,0.00189696539288675,0.00532411988120804,-0.515795678867663,0.183430411200735,"SUZ12"
"ENSG00000137941",55.6745614891311,-0.809756427239293,0.26075215546615,-3.10546398280651,0.00189980756247186,0.00533096043638205,-0.688517840510947,0.257427077870395,"TTLL7"
"ENSG00000104043",119.761724097545,-0.528119750081071,0.170087024728818,-3.104997285496,0.00190280770852036,0.00533824127218818,-0.473803775600971,0.166474404880014,"ATP8B4"
"ENSG00000144233",375.020736867204,0.261584647017355,0.0843305488938639,3.10189664894246,0.00192285077485042,0.00539332196456765,0.251178394748146,0.0834015177388158,"AMMECR1L"
"ENSG00000174292",95.5425904039187,0.432937640787442,0.139581671942926,3.10167971740922,0.00192426028958651,0.00539612587277869,0.397590078180778,0.138889798394425,"TNK1"
"ENSG00000105248",144.700701826499,0.448917318538706,0.144736899240942,3.10160934007158,0.00192471777080874,0.00539625940597698,0.410285489882343,0.144480985730616,"YJU2"
"ENSG00000182795",22.6292754628511,1.45921045592443,0.470654980525573,3.10038248037863,0.00193270891904491,0.00541751024657128,1.10310503762389,0.582573029636041,"C1orf116"
"ENSG00000107789",473.038176918055,-0.52768551555341,0.170211095445634,-3.10018282986702,0.00193401222070961,0.00542000955680349,-0.473039049147901,0.166417120732507,"MINPP1"
"ENSG00000111300",278.221267073418,-0.34070369137521,0.109921232938612,-3.09952574463465,0.00193830731814456,0.00542910071015934,-0.320422569551426,0.107757871917699,"NAA25"
"ENSG00000124641",201.16134920857,0.254616128975509,0.0821445613234052,3.09961030740768,0.00193775407527554,0.00542910071015934,0.245400140298668,0.0812423358012081,"MED20"
"ENSG00000172375",152.876843397933,0.552691510072967,0.178320123412993,3.09943431786957,0.0019389056311081,0.00542910071015934,0.491638478343098,0.180561973728309,"C2CD2L"
"ENSG00000213699",371.591868547004,0.290418316421595,0.0937002255357942,3.09944095396711,0.00193886219760225,0.00542910071015934,0.277120173931697,0.0926864763691893,"SLC35F6"
"ENSG00000109193",755.205649361496,-0.644327051882096,0.207889751312705,-3.09936900599255,0.00193933314744412,0.00542914314676787,-0.560941073910767,0.203218112004255,"SULT1E1"
"ENSG00000110076",15.9637587939077,-1.27945077275227,0.41283136682175,-3.09920920641843,0.00194037952321093,0.0054309176876265,-1.03333548874169,0.412947894631435,"NRXN2"
"ENSG00000131475",702.256623945112,0.267095077495709,0.0861870922701312,3.09901483459458,0.0019416529785502,0.00543332691085907,0.256061989145132,0.085336886516637,"VPS25"
"ENSG00000138794",285.819910711514,-0.195643542213399,0.0631498090946297,-3.09808604362094,0.00194774868862108,0.00544922635664792,-0.192050732108161,0.0625349473068844,"CASP6"
"ENSG00000129625",2853.23843440829,-0.322249806270349,0.104044739849228,-3.09722343231695,0.00195342578933487,0.00546394815007072,-0.307652504864614,0.102101338646492,"REEP5"
"ENSG00000154265",1340.41273038929,-0.565790592678167,0.182742578586648,-3.09610708710611,0.00196079533937791,0.00548339665213457,-0.503238549913931,0.178637264902601,"ABCA5"
"ENSG00000125144",10573.614236172,-1.16056353640324,0.374881036930129,-3.0958181985064,0.00196270658938133,0.00548757590906659,-0.944564367390136,0.37157400355143,"MT1G"
"ENSG00000135631",168.613682307198,0.51436759883942,0.1661849902377,3.09515076002775,0.00196712881872426,0.00549877240495195,0.461985012280725,0.167221274821007,"RAB11FIP5"
"ENSG00000124749",25.035541334264,-0.787593078753345,0.254469142246688,-3.09504355537865,0.00196783997367441,0.00549959267531252,-0.670431559106779,0.252588259861449,"COL21A1"
"ENSG00000103152",375.57336333217,0.558000693799056,0.18034039131883,3.09415261727223,0.00197375925611881,0.00551496484848478,0.495654135947152,0.183070659709667,"MPG"
"ENSG00000138757",1360.62548155935,0.626323784650716,0.202465209446211,3.09348843865006,0.00197818260554518,0.00552615153503243,0.549446803580674,0.208082760219854,"G3BP2"
"ENSG00000077721",405.68000235452,-0.301956252049921,0.0976128246985063,-3.09340758227789,0.00197872172007261,0.00552648497379634,-0.287654528584112,0.0958361320079827,"UBE2A"
"ENSG00000179833",407.585979999779,-0.31280778174162,0.101148153126021,-3.0925703739928,0.00198431178764299,0.00554092237457212,-0.295492232339751,0.099248907126796,"SERTAD2"
"ENSG00000053900",311.519167935451,-0.463743291161351,0.149975859442317,-3.09211957768253,0.00198732776997592,0.00554816739175212,-0.421498609697866,0.146554410932514,"ANAPC4"
"ENSG00000135945",460.761232875035,-0.335798246525233,0.108634513800172,-3.0910825186084,0.00199428203179756,0.00556640178728995,-0.3148534975873,0.106407948117226,"REV1"
"ENSG00000143756",471.498017998291,-0.621017072698867,0.200983276688349,-3.08989425852497,0.00200227766315262,0.00558753448772093,-0.543329149026969,0.196631043142795,"FBXO28"
"ENSG00000119139",1635.90524819817,0.25330930968925,0.0819890820848499,3.08954928202638,0.00200460446488034,0.0055928422090728,0.242938897468763,0.0811637392645493,"TJP2"
"ENSG00000178401",1066.47433546882,0.359353087362112,0.116324274985072,3.08923556504633,0.00200672258117008,0.00559756557281468,0.336090354735695,0.115432487221235,"DNAJC22"
"ENSG00000084774",315.631735646056,0.537761986133014,0.174131090128397,3.08825945864401,0.00201332608234668,0.00561479584837458,0.48015582262712,0.176075951237044,"CAD"
"ENSG00000112146",916.761632790943,0.19541630565554,0.0632863194415012,3.0878127750212,0.00201635460750305,0.00562205098737508,0.190903254967822,0.0627347550798252,"FBXO9"
"ENSG00000198466",141.154765423574,0.599484044885668,0.19417699022481,3.08730732818348,0.00201978658995068,0.00563042774577402,0.527495826648001,0.197958371417218,"ZNF587"
"ENSG00000189114",120.963309616245,0.405768255407722,0.131485685679334,3.08602608193643,0.00202851027782879,0.00565354917821631,0.374968491666744,0.130375672359481,"BLOC1S3"
"ENSG00000197429",109.66752368367,0.513337350674395,0.166358678257983,3.08572631166454,0.00203055632382686,0.0056580538750274,0.46081334800862,0.16743945015113,"IPP"
"ENSG00000106123",77.8595095404701,0.667215565988296,0.21632083981934,3.08437951029369,0.00203977214098799,0.00568253068308249,0.579721087910739,0.222878680611765,"EPHB6"
"ENSG00000196335",10.6714263443754,-1.01580931219995,0.329491872338983,-3.08295711511476,0.00204954688295851,0.00570855389486604,-0.836764404716832,0.330830324478638,"STK31"
"ENSG00000179933",445.389795377168,-0.232535145631778,0.0754303561073701,-3.08277936936662,0.0020507713730518,0.00571075632351945,-0.224306888105198,0.0743853245115122,"C14orf119"
"ENSG00000197971",687.836230135482,0.312617659935226,0.101434826495711,3.08195587980272,0.00205645315369823,0.00572536735495683,0.29787002973893,0.100411830998773,"MBP"
"ENSG00000144820",406.958842813547,-0.721736920710739,0.234230381325311,-3.08131215356028,0.00206090468537519,0.00573654779865744,-0.623425784034139,0.230050803137997,"ADGRG7"
"ENSG00000104885",198.321776036956,0.781182239579923,0.253574540013182,3.08068088988473,0.00206527861857273,0.00574750756544674,0.658878743121253,0.2686985533036,"DOT1L"
"ENSG00000145194",144.515765785767,0.450602659491794,0.146281593294554,3.08037839446045,0.00206737758152941,0.00575213297515134,0.411231250447902,0.146002651721078,"ECE2"
"ENSG00000116863",263.520157203364,0.31909021064967,0.103603005486204,3.07993198799778,0.00207047869305872,0.00575954415229477,0.301556124553179,0.102542843632534,"ADPRS"
"ENSG00000141026",204.632520193779,0.28539574976264,0.0926666199075286,3.0798118032948,0.00207131432498416,0.00576065154261543,0.272522807701372,0.091567866823002,"MED9"
"ENSG00000102760",20.0640461885044,-1.05027124229122,0.341039826181973,-3.07961464222308,0.00207268583579177,0.00576324851405164,-0.862333975547819,0.340438246069074,"RGCC"
"ENSG00000185238",115.994594124985,-0.339690275446423,0.110341420368629,-3.0785381800559,0.00208018872711415,0.00578288952305425,-0.316781723093715,0.10819643007053,"PRMT3"
"ENSG00000196782",138.086925015873,0.413259115023328,0.134289984537936,3.07736363545849,0.00208840366355045,0.00580450129497683,0.38272935209656,0.133655545220107,"MAML3"
"ENSG00000047932",533.472248878063,-0.447839041637325,0.14562641000815,-3.07525978022984,0.00210319275892488,0.00584437228028808,-0.408174360384155,0.142252252868518,"GOPC"
"ENSG00000204217",633.594437058196,-0.568467959918241,0.184885613798829,-3.07470088255099,0.00210713765713372,0.00585409883811405,-0.501718486134244,0.180596747847311,"BMPR2"
"ENSG00000138722",119.872537197955,-1.10015300376766,0.357819608829794,-3.07460233206777,0.00210783396480112,0.00585479788619653,-0.898810878392846,0.355015903162725,"MMRN1"
"ENSG00000142396",119.051509482649,0.471261384906459,0.153296164530673,3.07418901411696,0.00211075655852498,0.00586167914987132,0.429702507287937,0.153166453991003,"ERVK3-1"
"ENSG00000171928",334.69001543878,-0.487282927785979,0.158552851873504,-3.07331544042324,0.00211694587731576,0.00587762746114283,-0.439403704098317,0.1548708401584,"TVP23B"
"ENSG00000124574",88.1048942390617,0.593679077882244,0.193190546734567,3.07302343679334,0.00211901844799647,0.0058821414476748,0.522008470758775,0.196335092821129,"ABCC10"
"ENSG00000182580",25.8913092099454,0.989882252797078,0.322196206191272,3.07229642613928,0.00212418667886553,0.00589524490175877,0.802665775654729,0.352422304644392,"EPHB3"
"ENSG00000204560",477.516174832157,0.416819255874394,0.135692408409807,3.07179495713238,0.0021277582949379,0.00590391268938934,0.386619002995461,0.135152355524372,"DHX16"
"ENSG00000243232",13.050803068193,1.68488058318236,0.548512621962733,3.07172618408192,0.00212824854686025,0.00590402873324106,1.23448856460395,0.708374357392652,"PCDHAC2"
"ENSG00000118971",63.2499054420922,-0.650744040556016,0.21189815828558,-3.0710226356899,0.00213326977774668,0.00591671158496161,-0.566458158799261,0.208130158720434,"CCND2"
"ENSG00000104983",84.4058292859865,0.623466012005833,0.203077677690817,3.07008637825302,0.00213996870192507,0.00593404126570041,0.543964843635812,0.207775017945535,"CCDC61"
"ENSG00000096746",1178.82318143437,-0.279903131942809,0.0911900471701338,-3.06944826358728,0.0021445454608167,0.00594548021417407,-0.266102663612734,0.0895519156800573,"HNRNPH3"
"ENSG00000115758",742.881874719252,0.452426735014427,0.147409160571111,3.06919009145415,0.00214639970118855,0.00594936809807335,0.412246582281187,0.147438317916964,"ODC1"
"ENSG00000147804",34.831174779038,0.872972684642433,0.284456992319743,3.06890921373861,0.00214841868675118,0.00595371088818482,0.722863799655134,0.303789135901991,"SLC39A4"
"ENSG00000100330",519.11580970496,0.267119290335296,0.087051616032307,3.06851615754223,0.00215124694913099,0.00596029405140123,0.256378383257137,0.0860799554184351,"MTMR3"
"ENSG00000139197",976.607062982069,0.279335240396242,0.0910367116398195,3.06838016624999,0.0021522262782137,0.00596175282536538,0.26835952178198,0.0901183151085247,"PEX5"
"ENSG00000141013",128.019393669567,0.508377679415651,0.165690734579235,3.06823239517077,0.00215329090175379,0.00596344720498327,0.456602715701047,0.166461981877388,"DRC4"
"ENSG00000164877",137.011907094951,1.13296400636729,0.36928231704479,3.06801586231888,0.00215485179477326,0.00596651498001783,0.890788720737482,0.428861206899969,"MICALL2"
"ENSG00000160310",421.633934042453,0.264745412779466,0.0863313583057275,3.06661933711173,0.00216494369492908,0.00599319778962074,0.260371380349906,0.0853036344853174,"PRMT2"
"ENSG00000136235",598.494431733979,0.907110502910101,0.295825689113897,3.06636825769669,0.002166762693017,0.00599697238096738,0.744982788825549,0.323941168453826,"GPNMB"
"ENSG00000163930",867.585578451622,0.267347293372491,0.0872051562182157,3.0657280482762,0.00217140716873144,0.00600856384689326,0.256693582660273,0.0862997590122652,"BAP1"
"ENSG00000102466",66.5151842941701,-1.65775065558206,0.540770857090532,-3.06553253350436,0.00217282737206833,0.00601085075806616,-1.30886700363845,0.533800892398613,"FGF14"
"ENSG00000140807",51.7304992663269,0.691228231113652,0.225487132461506,3.06548858716651,0.00217314671186351,0.00601085075806616,0.593747987649192,0.232681574066382,"NKD1"
"ENSG00000069998",630.743363074512,0.346486611069958,0.113064406534782,3.0645065205677,0.00218029421516913,0.00602935384098231,0.3241911764687,0.112087701797005,"HDHD5"
"ENSG00000116198",331.251600510373,0.33914849002842,0.110674434298198,3.06437970231343,0.00218121877071685,0.00602987233620296,0.31875460829622,0.109629099380749,"CEP104"
"ENSG00000225663",361.386380699118,0.629274389349611,0.205352955224857,3.06435516674484,0.0021813976862627,0.00602987233620296,0.549400164482928,0.21113032434486,"MCRIP1"
"ENSG00000196177",10662.3317817991,-0.564858745541247,0.18433840255163,-3.06424889074885,0.00218217281560954,0.00603074880149353,-0.500629465682134,0.180115817722841,"ACADSB"
"ENSG00000122515",460.621416029201,0.76127423231712,0.248445548819426,3.0641492107006,0.00218290006652611,0.00603149260774036,0.643226720303043,0.262664912250894,"ZMIZ2"
"ENSG00000125148",11411.4669551982,-0.85388263701003,0.278849427151261,-3.06216385571718,0.00219743128104019,0.00607036933406947,-0.701962893776655,0.27263202027477,"MT2A"
"ENSG00000136936",234.272040010045,-0.377850600582451,0.123412790444825,-3.06168103987064,0.00220097848437991,0.00607889295685879,-0.35013542151657,0.120749720388488,"XPA"
"ENSG00000004779",981.531598671377,-0.38992490405041,0.127364071055795,-3.06149843372699,0.00220232144207101,0.00608132636457778,-0.356945689775871,0.124239496470068,"NDUFAB1"
"ENSG00000143341",525.836252216685,0.597335043049505,0.195168429135835,3.06061305967559,0.00220884348716314,0.00609746941187875,0.525705528428698,0.199453805055207,"HMCN1"
"ENSG00000171295",98.748609642412,0.298695320498103,0.0975943794314882,3.06057912595048,0.00220909380940769,0.00609746941187875,0.283689213457687,0.0962253909035747,"ZNF440"
"ENSG00000140848",182.298824939027,-0.473658321001475,0.154805334784797,-3.0597028303962,0.00221556707646996,0.0061140549421093,-0.42674308132806,0.15146379014015,"CPNE2"
"ENSG00000130827",54.0770710074725,0.86205990583765,0.281771743987579,3.05942637696011,0.0022176128649786,0.00611841805957843,0.714429601608974,0.302101885399085,"PLXNA3"
"ENSG00000148154",443.189281620769,-0.574413174718618,0.187797640811037,-3.0586815267642,0.00222313346425633,0.00613236438097609,-0.509347907512564,0.183356973615492,"UGCG"
"ENSG00000119414",606.27645847448,-0.379208248412687,0.123985236693238,-3.05849517673558,0.0022245166012265,0.00613489433844744,-0.354494703842894,0.121165082562422,"PPP6C"
"ENSG00000115290",1471.3521676836,-0.496585445524025,0.162446828046629,-3.05691069191873,0.00223630894514317,0.00616612430822094,-0.446523764658007,0.158376955534953,"GRB14"
"ENSG00000117151",679.487449624082,-0.604481431362691,0.197781552828274,-3.05630845100876,0.00224080605656848,0.00617723043148673,-0.529737450949751,0.193371978086068,"CTBS"
"ENSG00000137168",326.196023906005,0.389945087902114,0.127596856168654,3.05607128271794,0.00224257933559975,0.00618082468756675,0.364421307373723,0.126703319920749,"PPIL1"
"ENSG00000108106",26.0399260947488,0.658731102136568,0.2155782228257,3.05564770644374,0.00224574956416099,0.00618796772674524,0.570554702916146,0.218605808200966,"UBE2S"
"ENSG00000153246",45.4122647267635,0.563752341879163,0.184498116268259,3.0555994461183,0.00224611102583286,0.00618796772674524,0.499313034308176,0.185613651337606,"PLA2R1"
"ENSG00000184992",282.272239299131,0.347903810298661,0.11388275292473,3.05492975331046,0.00225113241703625,0.0062005040591421,0.326004552638561,0.112833510921556,"BRI3BP"
"ENSG00000155755",63.9737312964934,-0.397162230637701,0.130012747567407,-3.05479453414201,0.00225214754454311,0.00620200262946133,-0.366610968561281,0.127411901520218,"TMEM237"
"ENSG00000198546",169.440710844941,-0.669345513138181,0.21913374717736,-3.05450676474962,0.0022543093047913,0.00620665752967007,-0.581197025591043,0.214981306639419,"ZNF511"
"ENSG00000179178",12.3288017955706,1.72431750789541,0.564546599620854,3.05434043718171,0.00225555964544172,0.00620880164998654,1.24971870405709,0.739570238680003,"TMEM125"
"ENSG00000181638",46.6399948758224,0.618811478287072,0.202629362942751,3.05390822583746,0.00225881169583427,0.00621645375989842,0.541303812993699,0.205828253211928,"ZFP41"
"ENSG00000089486",489.413729717148,0.401551430560393,0.131494998481288,3.0537391931111,0.00226008470227142,0.00621865730200743,0.370568704310378,0.130855830195505,"CDIP1"
"ENSG00000170325",108.373987900704,-0.373900942209468,0.122459417050695,-3.05326410344321,0.00226366618229133,0.00622590953750734,-0.347587997054087,0.119902773888576,"PRDM10"
"ENSG00000204311",52.5559493677808,-0.893578544969845,0.292659391591382,-3.05330555124464,0.00226335351969343,0.00622590953750734,-0.744843144059242,0.28939617093357,"PJVK"
"ENSG00000105819",1294.5912676908,-0.259709553076738,0.0850664145457745,-3.05302103613392,0.00226550056364935,0.00622835256233186,-0.241176645204969,0.0833879075366226,"PMPCB"
"ENSG00000166927",442.676236286748,-0.837343906294181,0.274264997387319,-3.05304692276017,0.00226530513757701,0.00622835256233186,-0.704120587519438,0.27012732446511,"MS4A7"
"ENSG00000131089",214.995980811183,0.309059874604829,0.101242752727537,3.05266170939235,0.00226821482698872,0.0062345128209047,0.290950240300024,0.099984766165254,"ARHGEF9"
"ENSG00000198805",1383.43554578886,0.36729298047841,0.120322193375803,3.05257883166444,0.00226884128705708,0.00623493307981497,0.382350065017226,0.11858053696284,"PNP"
"ENSG00000099337",46.8215252380107,-0.680204338489907,0.222863647757093,-3.05210986778466,0.00227238910041788,0.00624337956930337,-0.58808803276429,0.219134069611691,"KCNK6"
"ENSG00000196544",88.3603122020843,0.64483170852157,0.211278663706374,3.05204367165883,0.00227289029758096,0.00624345371540808,0.558865525477334,0.216919992433912,"BORCS6"
"ENSG00000108100",1118.2606025456,-0.224111433371296,0.0734352029841018,-3.05182561311656,0.00227454202176501,0.00624668758000794,-0.21320431332781,0.0723556448732655,"CCNY"
"ENSG00000155962",145.080892774454,-0.68521526738697,0.224564358380995,-3.05130908719021,0.0022784589298041,0.00625613978515135,-0.589073066827141,0.220085879044069,"CLIC2"
"ENSG00000185633",23.5126138230149,0.793619302193095,0.260199528997075,3.05004127122004,0.00228809921477704,0.00628129988777201,0.663825066299723,0.272228920040004,"COXFA4L2"
"ENSG00000134259",12.6514935062437,-0.800203181031808,0.26246240386561,-3.04882973426373,0.00229734646058422,0.00630537075256449,-0.674956516021902,0.261932944952272,"NGF"
"ENSG00000135482",113.940246864748,0.291351426528916,0.0955682358417657,3.04862200251674,0.00229893543934548,0.0063084168391877,0.277137789595294,0.0944202689162186,"ZC3H10"
"ENSG00000105401",973.467946987762,0.357314296037191,0.117208362047046,3.04853928334712,0.00229956845384806,0.00630883897965483,0.346268498569645,0.116019626251836,"CDC37"
"ENSG00000156853",127.927609999543,0.247089696051433,0.0810538250708906,3.04846434866369,0.00230014203481888,0.00630909792300529,0.237768709339009,0.0801363756170815,"ZNF689"
"ENSG00000155792",257.969675806852,-0.391126610044487,0.1283147596554,-3.04818098163369,0.0023023122278604,0.00631373522016455,-0.361661941784646,0.125538813876277,"DEPTOR"
"ENSG00000077380",569.01683048525,0.352409434477449,0.115616636138894,3.04808586589639,0.00230304110098928,0.00631441881208347,0.329688461459517,0.114634495073216,"DYNC1I2"
"ENSG00000066557",334.737243602473,-0.66898921386773,0.219531969599415,-3.04734301381457,0.00230874086132181,0.00632872833232623,-0.579296546342029,0.215124192186903,"LRRC40"
"ENSG00000078061",1082.607451828,0.420942318974366,0.138154600398284,3.04689324684693,0.00231219811267252,0.00633424892872377,0.385121978687871,0.137729390226784,"ARAF"
"ENSG00000126107",745.301891511088,0.285351261136816,0.0936530577572855,3.04689743154294,0.00231216592407142,0.00633424892872377,0.272094010529138,0.092674473816138,"HECTD3"
"ENSG00000196275",50.374968864126,-0.669549943113367,0.219746152206299,-3.04692453720323,0.00231195743779343,0.00633424892872377,-0.579556188344404,0.216169310122993,"GTF2IRD2"
"ENSG00000149273",5040.49641150515,-0.376739716655712,0.123649879357697,-3.04682639896373,0.00231271236094837,0.00633433970132021,-0.346821265527744,0.120711973919267,"RPS3"
"ENSG00000147604",7550.34075720719,-0.303306165706109,0.099554871834949,-3.04662303426956,0.00231427745168727,0.00633647415997738,-0.283849347357636,0.0974975308928374,"RPL7"
"ENSG00000197077",1291.82005239734,0.266317643791718,0.0874147040520022,3.04660007352181,0.00231445421808683,0.00633647415997738,0.255189316119787,0.0865631656131046,"KIAA1671"
"ENSG00000171862",1704.24638841533,-0.506853581630442,0.166393179510961,-3.0461199378491,0.00231815344109655,0.00634528237120108,-0.454545699861457,0.16240807324408,"PTEN"
"ENSG00000163531",146.586653382498,0.885198532747498,0.290707682260931,3.04497812325775,0.00232697235454677,0.00636697703027387,0.728477720630844,0.316023578200353,"NFASC"
"ENSG00000171476",22.7804026032475,-0.754333047637628,0.247730981734346,-3.04496854756155,0.00232704644308657,0.00636697703027387,-0.642477785385103,0.245353133318493,"HOPX"
"ENSG00000174206",149.830170731938,-0.302575113796345,0.0993761836558782,-3.04474475337178,0.00232877858628971,0.00637039245108877,-0.286143316829783,0.0975519180302751,"KICS2"
"ENSG00000120686",949.726905944172,-0.41373867152834,0.135899606611915,-3.0444434817964,0.00233111226089705,0.00637545160510399,-0.3802348173987,0.132728760888788,"UFM1"
"ENSG00000178896",162.644545126335,0.599349367414136,0.196871747454774,3.04436454271744,0.00233172408353674,0.00637580047431874,0.524597351562429,0.201105172898356,"EXOSC4"
"ENSG00000180758",119.372362000352,0.558421786370764,0.183568959410188,3.04202730224646,0.00234990579170354,0.00642418182175433,0.49381322747327,0.185850482600605,"GPR157"
"ENSG00000177150",322.514310604173,-0.399095076808807,0.13121205627073,-3.04160370740134,0.00235321485570636,0.00643189262823955,-0.369206089326831,0.128307065894055,"MIMS1"
"ENSG00000125945",171.735260111781,0.521384313410875,0.171424671212994,3.04147769233903,0.00235420009097025,0.00643324997877009,0.465337613072409,0.172938886408585,"ZNF436"
"ENSG00000198363",1539.5994186442,-0.478745632209011,0.157412656924112,-3.04134141157285,0.00235526601263437,0.00643482720945094,-0.433165479709311,0.153556351898159,"ASPH"
"ENSG00000112851",971.95849532532,-0.427083913852178,0.140463177500332,-3.04054002944058,0.00236154297734644,0.00645063793355668,-0.388617059013893,0.137010774312647,"ERBIN"
"ENSG00000162981",52.265306104543,-0.955852132138671,0.314684332184381,-3.03749514792689,0.00238553245118963,0.00651481440621503,-0.788780406009655,0.311680564725526,"LRATD1"
"ENSG00000143727",1465.90806417868,-0.204272608323055,0.0673169395641219,-3.03449042166389,0.00240942406218281,0.00657869705572354,-0.203591781322141,0.0665750077134589,"ACP1"
"ENSG00000104760",14662.9931312292,-0.587404577927525,0.193589032263436,-3.03428645238633,0.00241105380374346,0.00658178195730592,-0.463026482544313,0.184336439243179,"FGL1"
"ENSG00000101928",74.4979836518327,-0.48614769669286,0.16030731091869,-3.0325984130533,0.00242458024120995,0.00661733487889101,-0.438151972991532,0.156819458619504,"MOSPD1"
"ENSG00000115875",1370.80862650319,-0.469821267260226,0.155014845158637,-3.03081467313293,0.00243894898057719,0.00665517145663819,-0.424770525449694,0.151242792732916,"SRSF7"
"ENSG00000130202",999.410083891486,0.426658331703903,0.140792302875139,3.03040949676263,0.00244222368087618,0.00666272627070364,0.391230363950432,0.14045433657662,"NECTIN2"
"ENSG00000008441",420.026809358427,0.610121768723211,0.201358922565838,3.03002102389439,0.0024453671586774,0.0066699200354561,0.532646086343536,0.206375375253969,"NFIX"
"ENSG00000131051",3077.39984472277,-0.409049435483449,0.135039581048498,-3.02910770536634,0.0024527722183958,0.00668873219291613,-0.372676040138264,0.131544817775669,"RBM39"
"ENSG00000144852",2816.50026509552,0.421029964755173,0.13905578817742,3.0277773422706,0.00246359533613861,0.00671646788805179,0.386737538962033,0.138645441702074,"NR1I2"
"ENSG00000159267",538.465728282656,0.269006104447612,0.0888473898381615,3.02773221517948,0.00246396323099576,0.00671646788805179,0.257294435475372,0.0879252349576054,"HLCS"
"ENSG00000001626",123.403214507035,1.10851475515712,0.366152167668721,3.0274701423045,0.00246610075218705,0.00672090302283062,0.870041113849843,0.423579629773627,"CFTR"
"ENSG00000122550",208.262976895502,-0.433879788474371,0.143372438629595,-3.02624264901644,0.00247613504724522,0.00674685306954274,-0.394035245496223,0.139906088175241,"KLHL7"
"ENSG00000124608",195.330055879644,0.354346545648416,0.117107041610266,3.02583466182748,0.00247947845143408,0.00675456513378463,0.330924301706896,0.116002134532118,"AARS2"
"ENSG00000130939",539.883592855165,0.21276876551898,0.070332330889015,3.02519144225052,0.00248475794579477,0.00676754718956019,0.206156939902957,0.0696524187034706,"UBE4B"
"ENSG00000092096",40.2443712441705,0.941486865917959,0.311233266732153,3.02502003016343,0.00248616661695884,0.00676998338756568,0.758016084678393,0.340220322659506,"SLC22A17"
"ENSG00000152556",162.120726662858,0.298887552782706,0.098818278414522,3.02461809270685,0.00248947262033578,0.00677758406107133,0.28352859639364,0.0976670234790818,"PFKM"
"ENSG00000264364",2296.18060696721,0.229666817416724,0.0759702993868328,3.02311323333458,0.00250188609282973,0.00680997153156838,0.228732636083048,0.0751155283030164,"DYNLL2"
"ENSG00000175324",321.961451852734,-0.275304109572952,0.0910963091197798,-3.02212144743387,0.00251009819093549,0.006830912108693,-0.262547656482901,0.0895371155962899,"LSM1"
"ENSG00000174721",10.5395347557031,-0.648283246476549,0.21453440988859,-3.02181476068669,0.00251264257837024,0.00683642326654735,-0.561358816393344,0.21408731538487,"FGFBP3"
"ENSG00000102445",38.1186422358761,-0.581476769182062,0.192452747859959,-3.02140019120528,0.00251608575134901,0.00684437706658285,-0.511530276914966,0.188963160111198,"RUBCNL"
"ENSG00000167384",111.174457142013,-0.358377967584351,0.118636819037113,-3.02079885901391,0.0025210877377433,0.00685656706364971,-0.333656499207777,0.116070443175465,"ZNF180"
"ENSG00000156990",319.066266636686,0.329152948505952,0.108964783435304,3.02072778129625,0.00252167957536118,0.0068567602827768,0.320262737888362,0.107710882617789,"RPUSD3"
"ENSG00000143207",501.51222496213,-0.251258287910744,0.0831980478435593,-3.02000220465743,0.00252772845567449,0.00687178873578574,-0.241114327979932,0.0818709674370157,"COP1"
"ENSG00000085832",788.620942097633,-0.404901665299872,0.134126731847591,-3.01879915899214,0.00253778708165512,0.00689770947916419,-0.378446254288981,0.131069552852119,"EPS15"
"ENSG00000054523",841.918793248591,0.351993036328649,0.116651580599511,3.0174733554371,0.00254891447591143,0.00692652383691432,0.321834384887037,0.115704440052412,"KIF1B"
"ENSG00000159596",210.176292124508,-0.246813004129639,0.0818028543708391,-3.0171686064982,0.00255147851558978,0.00693206069670968,-0.23797462020939,0.0805936450612879,"TMEM69"
"ENSG00000120327",18.6521459280846,-0.800606074103498,0.265370820622564,-3.01693333210209,0.00255345963662987,0.00693601187866079,-0.673984791635729,0.263463302498622,"PCDHB14"
"ENSG00000110060",421.090856949258,-0.326302610912787,0.108183770671437,-3.01618818504484,0.00255974341229792,0.00694877974563184,-0.307197128669304,0.105960988828181,"PUS3"
"ENSG00000145191",668.793453123841,0.222091517588404,0.0736323439846934,3.01622229538927,0.00255945545344583,0.00694877974563184,0.214260931494978,0.0729254801214416,"EIF2B5"
"ENSG00000154889",477.245591369777,-0.24552403168948,0.0814019467702397,-3.01619360999414,0.00255969761300214,0.00694877974563184,-0.235511622215764,0.0801606170748698,"MPPE1"
"ENSG00000182208",201.483184932225,0.353055850825532,0.117060200404575,3.01601953187611,0.00256116761445125,0.00695121270085861,0.329660073741934,0.115944295655934,"MOB2"
"ENSG00000186480",7537.21516855271,-0.795178493160714,0.263670316882064,-3.0158058842717,0.00256297281533897,0.00695467850097957,-0.656794877249963,0.257586708431209,"INSIG1"
"ENSG00000114767",128.62197107857,0.478582249504833,0.158704169582496,3.01556191474895,0.00256503564216404,0.00695884180192288,0.431565101020669,0.158913405404134,"RRP9"
"ENSG00000168542",3126.72815148503,0.651155189899428,0.215949111363214,3.01531775606255,0.00256710158837492,0.00696301184848459,0.567956794904951,0.222917255827542,"COL3A1"
"ENSG00000129538",311.082570724616,0.697808328346535,0.231560786732133,3.01349955747798,0.00258253417807131,0.00700108985109404,0.595258224528084,0.241433379335669,"RNASE1"
"ENSG00000152642",69.9889506817049,-0.472484855765399,0.156787581248631,-3.01353494965995,0.00258223296684855,0.00700108985109404,-0.427944817132365,0.153345380652136,"GPD1L"
"ENSG00000176155",393.758365358913,0.683724981479498,0.226889146870859,3.01347592385572,0.00258273533394833,0.00700108985109404,0.584462101422488,0.23598862269741,"CCDC57"
"ENSG00000153993",14.8536815479289,-1.10585037578069,0.367097439832075,-3.01241647527303,0.00259176748428088,0.00702412735653398,-0.89301739450259,0.367284526092151,"SEMA3D"
"ENSG00000156110",1941.33809754266,-0.338490784217012,0.112370832454517,-3.01226552142896,0.00259305676390513,0.00702472949662036,-0.319089526162092,0.109997367009266,"ADK"
"ENSG00000178460",13.228723254353,-0.578662738923779,0.192098722819739,-3.01231955335166,0.00259259521602618,0.00702472949662036,-0.508346780977197,0.190864345044162,"MCMDC2"
"ENSG00000125967",175.640476887158,0.52326504966898,0.173729226603468,3.01195751514692,0.00259568922966683,0.00703041439987522,0.465821458779383,0.175131902743031,"NECAB3"
"ENSG00000034677",658.591267405051,-0.488621544121611,0.162233385965007,-3.01184334664016,0.00259666562476133,0.00703161242608137,-0.439413922047996,0.158282076199425,"RNF19A"
"ENSG00000055130",976.692175025648,0.223803302543949,0.0743168175610883,3.01147586627998,0.00259981068101196,0.00703812131750619,0.214602344149635,0.0735715691610646,"CUL1"
"ENSG00000120992",875.636186532343,-0.704367631898095,0.233902316580057,-3.01137518514919,0.00260067296139052,0.00703812131750619,-0.602463959735102,0.229094331527253,"LYPLA1"
"ENSG00000173706",353.690268953901,0.560426903308646,0.186100978449827,3.01141298652407,0.00260034918205161,0.00703812131750619,0.494368117046308,0.18890501622111,"HEG1"
"ENSG00000165125",19.8335802642227,1.54133610349448,0.511894761024773,3.0110409811752,0.00260353711571529,0.00704442450996866,1.12185916989936,0.660321472666195,"TRPV6"
"ENSG00000198791",890.346169901452,-0.384337019817221,0.127670841725539,-3.01037429238112,0.00260925930755681,0.00705845655296753,-0.355105852047057,0.124698902214199,"CNOT7"
"ENSG00000145982",229.917015424817,0.255488768399287,0.0848868158711314,3.00975794388554,0.00261455965461092,0.00706988958977354,0.245058045209511,0.0839582816402014,"FARS2"
"ENSG00000204351",747.772693607366,0.478105723480424,0.158849213101123,3.00980857346811,0.00261412388994684,0.00706988958977354,0.432592229014385,0.159309882791005,"SKIC2"
"ENSG00000177954",7272.94691551826,-0.409355823772376,0.136019744130147,-3.00953237627541,0.00261650190366309,0.00707368871943086,-0.364695076943819,0.132020178763575,"RPS27"
"ENSG00000092421",224.127221203796,-0.507932228056079,0.168799073307733,-3.00909369999964,0.00262028290152495,0.0070824563090695,-0.453923495690741,0.164745512311086,"SEMA6A"
"ENSG00000100319",169.775986480087,0.36962440617033,0.122942418286677,3.00648394037964,0.00264288013607947,0.00714206893916714,0.342943492497413,0.121947535252213,"ZMAT5"
"ENSG00000130204",340.093163094397,0.516345958278874,0.171750969734983,3.00636415081446,0.0026439216261637,0.00714341722349092,0.460424778646282,0.173194181849998,"TOMM40"
"ENSG00000109618",1148.95393403168,-0.556337580808061,0.185070632978346,-3.00608244460457,0.00264637235174188,0.00714857168301878,-0.47780298010674,0.179539934653661,"SEPSECS"
"ENSG00000148541",26.8719262962834,-0.797366010442149,0.265364853821051,-3.00479132394772,0.00265763114694545,0.00717751213962745,-0.666359416008758,0.262286375748323,"FAM13C"
"ENSG00000112977",2010.99466870169,0.314564485069868,0.104695148938862,3.00457555348205,0.0026595169666128,0.00718113215390159,0.296790243516336,0.103654832019806,"DAP"
"ENSG00000120008",975.221981221083,0.267174228376988,0.0889273134619814,3.00441133298389,0.00266095306252118,0.0071820639649762,0.256462751403289,0.0879374813924048,"WDR11"
"ENSG00000129244",22.7594771175748,-0.768370159402213,0.25574623925361,-3.00442407929316,0.00266084157163933,0.0071820639649762,-0.64932816580475,0.253319334223422,"ATP1B2"
"ENSG00000006555",66.9753274517686,0.490262633853089,0.16320986681167,3.00387864674142,0.00266561624322476,0.00719317553972068,0.440292811145707,0.163209983664687,"TTC22"
"ENSG00000115525",272.785770384589,-0.399161129577447,0.132889603871897,-3.00370471389343,0.0026671404829147,0.00719433960214198,-0.364119541283425,0.129661224809873,"ST3GAL5"
"ENSG00000142065",146.127076640593,-0.308534410409711,0.102717734152872,-3.00371121845938,0.00266708346659493,0.00719433960214198,-0.291400612941708,0.100797736227838,"ZFP14"
"ENSG00000166401",142.707613609718,0.597521393189749,0.198940564441823,3.0035171301853,0.00266878524305584,0.00719730162025261,0.521283878223779,0.202966761460941,"SERPINB8"
"ENSG00000187624",28.5464483283954,-1.03328001808168,0.344034029757589,-3.00342387295159,0.00266960328043484,0.00719803333815382,-0.840002297332878,0.342434580489815,"LIAT1"
"ENSG00000105518",1934.64704657999,0.429907703623704,0.143146662425918,3.00326739260296,0.00267097641563814,0.00719878720333506,0.392665315676264,0.142867247779778,"TMEM205"
"ENSG00000154217",241.615946773262,-0.379706796630297,0.126429076832766,-3.00331858890779,0.00267052709044283,0.00719878720333506,-0.351775001089678,0.123596932038484,"PITPNC1"
"ENSG00000101442",113.167684039048,0.461827853456995,0.153805716426412,3.00267027902019,0.00267622209732989,0.00720997342611938,0.420877710287767,0.153333037755011,"ACTR5"
"ENSG00000179598",62.5624149898579,-0.622122912568844,0.207189162828077,-3.00268075838056,0.00267612995435597,0.00720997342611938,-0.541308345986408,0.203105947761861,"PLD6"
"ENSG00000071242",261.039472010553,0.296424652529854,0.0987261383012403,3.00249414826074,0.00267777121473627,0.00721267099288416,0.280642466919055,0.0976373926449185,"RPS6KA2"
"ENSG00000212864",52.8785557430887,1.03330788078485,0.344189321715545,3.00214973443839,0.0026808027951539,0.00721935970566503,0.816548093782693,0.388924587118944,"RNF208"
"ENSG00000214357",311.582785766055,0.481425338373304,0.160365734119822,3.00204617286629,0.00268171497229384,0.00722033933031097,0.433404227282148,0.160828732962148,"NEURL1B"
"ENSG00000104731",233.572918871051,0.539056062199278,0.179677464262804,3.00013173277441,0.00269862865458357,0.0072629077813261,0.477679451213536,0.181595150727985,"KLHDC4"
"ENSG00000136878",301.559579333602,0.441316115085507,0.14709887074283,3.00013258332248,0.00269862111857185,0.0072629077813261,0.401574118998484,0.146820019192246,"USP20"
"ENSG00000136925",423.244394024551,0.274281154250357,0.0914321879914319,2.99983146281111,0.00270129030351974,0.00726858535379949,0.261927961027759,0.0903662849005077,"TSTD2"
"ENSG00000164463",384.177128505895,-0.675144946516991,0.225115679627375,-2.99910227326027,0.00270776396452332,0.0072845158064802,-0.580798118644559,0.220365034215878,"CREBRF"
"ENSG00000170542",130.42747386901,-0.462813284384781,0.15432229536237,-2.99900466940328,0.00270863155523964,0.00728536119638102,-0.418422938979161,0.150669405923213,"SERPINB9"
"ENSG00000105323",1100.81310503696,0.247762063715354,0.082630584129807,2.99843050033552,0.00271374042948811,0.00729660996477631,0.235209364250533,0.0818212779813976,"HNRNPUL1"
"ENSG00000111269",1146.2917792821,-0.401513424761992,0.133908775627636,-2.99841009582891,0.0027139221477677,0.00729660996477631,-0.366898934005365,0.130603521823451,"CREBL2"
"ENSG00000129422",1438.66309068371,-0.372682051386206,0.124311704090309,-2.99796430363036,0.00271789505605314,0.00730579957288601,-0.341425205048701,0.121194873866627,"MTUS1"
"ENSG00000139344",1679.51387224511,-0.618508330858705,0.20632371327413,-2.99775687943795,0.00271974543514696,0.00730928115924574,-0.535686249797061,0.201276106300656,"AMDHD1"
"ENSG00000180628",860.725483603832,-0.523894263464211,0.174799050596494,-2.99712304887496,0.002725406812887,0.00732300124458577,-0.463361560699341,0.170236280856199,"PCGF5"
"ENSG00000006459",283.285681444526,-0.410035342897515,0.136818059895218,-2.99693873171086,0.00272705515428926,0.00732593514820903,-0.374425047668942,0.133565628081132,"KDM7A"
"ENSG00000106100",82.9113675672816,-0.448649413991424,0.149718702982908,-2.99661568697026,0.00272994632841148,0.00732921561171809,-0.407563038410768,0.146391816116998,"NOD1"
"ENSG00000116455",212.127732573844,0.298005634392564,0.0994448927153667,2.99669119504731,0.00272927029828772,0.00732921561171809,0.282500765573725,0.0982304558009468,"WDR77"
"ENSG00000198099",84753.0422367137,-0.357040468863508,0.119145652934028,-2.99667222488766,0.00272944012532492,0.00732921561171809,-0.315322747531001,0.115573904862342,"ADH4"
"ENSG00000177853",349.929260346869,-0.534067125208163,0.178233016915849,-2.9964544978797,0.00273138997970857,0.00733159642667545,-0.474314018901069,0.173942277565096,"ZNF518A"
"ENSG00000164128",256.344382181721,-0.692349112387,0.231116550051711,-2.99567085192337,0.00273841845929594,0.00734896401041384,-0.59322702067954,0.226412968766856,"NPY1R"
"ENSG00000159905",10.2932278198967,1.11987322569237,0.373902917904569,2.99509089677175,0.00274363068125044,0.00736145130412538,0.88111128654151,0.410113532404539,"ZNF221"
"ENSG00000101150",643.539219057956,0.245328806070368,0.0819163372743604,2.99487030589142,0.00274561557230443,0.0073652760034556,0.236769210958463,0.0810324624710979,"TPD52L2"
"ENSG00000187144",14.2617106351563,1.86803258314721,0.623794683155784,2.99462729258418,0.00274780374035209,0.00736964433601052,1.6308806223618,0.808325586923599,"SPATA21"
"ENSG00000147003",694.275669644863,-0.558676116882381,0.186578469679421,-2.99432253808437,0.00275055009706797,0.00737550765335984,-0.490931750761903,0.181871321132486,"CLTRN"
"ENSG00000153037",94.1298267918219,-0.568112427631658,0.189759511890255,-2.99385481113705,0.00275476999062376,0.00738531901782781,-0.500354519726254,0.185546963407452,"SRP19"
"ENSG00000145794",20.3111431168281,-0.740984069043027,0.247542015350805,-2.99336687548955,0.00275917851186163,0.00739563198028711,-0.62921082870959,0.245257194032834,"MEGF10"
"ENSG00000122958",503.63373281714,-0.345111647734029,0.115298469295336,-2.99320233688469,0.00276066657819189,0.00739660890689346,-0.316335044475064,0.112545644306412,"VPS26A"
"ENSG00000152582",61.6543281658528,-0.480973955057413,0.160685959411786,-2.99325440018585,0.00276019564501809,0.00739660890689346,-0.432928423804321,0.157284315627636,"SPEF2"
"ENSG00000132485",771.507205086093,-0.544278906206051,0.181955414890689,-2.99127622298589,0.00277814071079963,0.00744191263446347,-0.481718208643305,0.177526246442797,"ZRANB2"
"ENSG00000106460",928.721681095036,-0.733688329631044,0.245393380307556,-2.9898456458422,0.00279118454063375,0.00747533272212855,-0.627249467278631,0.240340033066326,"TMEM106B"
"ENSG00000164610",78.4553746784413,-0.445548350238504,0.149039736358224,-2.98946013409207,0.00279470914491047,0.00748325007156626,-0.404803372835079,0.145641146986674,"RP9"
"ENSG00000067225",453.573380452874,0.535642078220907,0.17930606985093,2.98730588800604,0.00281447962197696,0.00753465610064024,0.474475152573043,0.181409863718502,"PKM"
"ENSG00000167615",674.670203330682,0.790722292777776,0.26475625515283,2.98660476339391,0.00282094165117212,0.00755042036579227,0.658513372649293,0.282672719370549,"LENG8"
"ENSG00000144824",1197.0428309251,-0.452721461629002,0.151605257152955,-2.9861857704067,0.00282480983283862,0.00755923704454336,-0.410009152932381,0.147803316062185,"PHLDB2"
"ENSG00000206559",9.83452661941251,-0.617390989456711,0.206830431238571,-2.98501040567176,0.0028356867725177,0.00758680187908311,-0.536776204962066,0.206193747848645,"ZCWPW2"
"ENSG00000117228",762.314083731761,-0.485404975691552,0.162637661829886,-2.98457915731272,0.00283968716680479,0.00759441828928536,-0.435982988557588,0.158568545434871,"GBP1"
"ENSG00000138380",112.295895616146,-0.404308948155447,0.135463697518192,-2.98462950268393,0.00283921988191854,0.00759441828928536,-0.367916479208736,0.132274035409328,"CARF"
"ENSG00000130714",409.839887427834,0.322728388433911,0.108139359745637,2.98437487694605,0.00284158393317324,0.00759640488612364,0.302944948154889,0.107030742589494,"POMT1"
"ENSG00000165832",226.2062499555,-0.586134265381507,0.196398476408201,-2.98441350513975,0.00284122517734977,0.00759640488612364,-0.513567304790067,0.191860490884676,"TRUB1"
"ENSG00000128250",20.3654927895235,-1.31059095139071,0.439280320832757,-2.98349570703778,0.00284976033488053,0.00761671631527346,-1.03542724118936,0.438225490029306,"RFPL1"
"ENSG00000117758",459.174025453984,-0.372199756201057,0.124799944387691,-2.98237117033337,0.00286024998979456,0.00764320100784153,-0.341310491595539,0.121722977043246,"STX12"
"ENSG00000165115",41.66383634069,0.53152626378635,0.178273513799787,2.98152121679325,0.00286820171588633,0.0076628944381817,0.471037490724396,0.178379097737346,"KIF27"
"ENSG00000101311",13.7263268155324,1.11076261558009,0.372708411197565,2.98024563494838,0.00288017327646315,0.00769270729372716,0.867355841534839,0.416142692470518,"FERMT1"
"ENSG00000142609",23.525736237778,2.09622029403429,0.703396826709556,2.98013896912255,0.00288117641778356,0.00769270729372716,1.29712699927591,1.32161128416994,"CFAP74"
"ENSG00000165028",21.3575217711701,-0.591536739700691,0.198490559147437,-2.9801756931991,0.00288083100932859,0.00769270729372716,-0.51729304024352,0.19549547197714,"NIPSNAP3B"
"ENSG00000180509",14.1361530597436,1.39935748253658,0.469576017789119,2.98004461370302,0.00288206405143,0.00769270729372716,1.03709353477326,0.572512040860134,"KCNE1"
"ENSG00000204371",250.459755559175,0.542792847867241,0.182143940034781,2.98002144767261,0.00288228202035213,0.00769270729372716,0.480329251754034,0.184432322177182,"EHMT2"
"ENSG00000158985",492.639049978168,-0.45422772802147,0.152454747517229,-2.97942658670002,0.0028878842175242,0.00770609720468658,-0.411139788231718,0.148677530016642,"CDC42SE2"
"ENSG00000256223",154.182244933284,-0.671292005552192,0.225322730813453,-2.97924671482861,0.00288958014536649,0.00770906022166064,-0.5748664982428,0.220383540761159,"ZNF10"
"ENSG00000177889",600.072285429047,-0.385447129385432,0.129382373059884,-2.97913170294868,0.00289066501508782,0.00771039213708392,-0.344654374320955,0.125676128763009,"UBE2N"
"ENSG00000121897",252.265039950775,-0.254600969737429,0.0854730589406228,-2.97872771716638,0.00289447862901616,0.00771900053263657,-0.243479783855937,0.0840950493912853,"LIAS"
"ENSG00000111729",19.3626206873287,-0.588339478176595,0.19766246106847,-2.97648564626945,0.00291572730835651,0.00777406984599562,-0.51396832061716,0.194791828677119,"CLEC4A"
"ENSG00000196154",149.185409628767,-0.649819158714664,0.218322075707827,-2.97642442528027,0.00291630950701598,0.00777406984599562,-0.561664248199962,0.213682114573908,"S100A4"
"ENSG00000122729",4160.73829687675,0.373341587264931,0.125443129875866,2.97618201677826,0.00291861580252778,0.00777864284536047,0.346299894408582,0.124533694913675,"ACO1"
"ENSG00000168806",108.140642777851,-0.304317751638203,0.102265867576344,-2.97575094066477,0.00292272121056856,0.00778800798590278,-0.287471068328892,0.100349383914441,"LCMT2"
"ENSG00000197930",893.22133907745,-0.362646510765993,0.121874996302283,-2.97556120425664,0.00292452985912347,0.0077912505312059,-0.336862415745971,0.119066064051374,"ERO1A"
"ENSG00000143252",2743.10402485627,0.29534185707697,0.0992727895025716,2.97505347192162,0.00292937480591339,0.00780257914114015,0.278049563780207,0.0982343775187876,"SDHC"
"ENSG00000123989",670.294378716868,0.598721821348615,0.201326332879501,2.97388728431747,0.00294053069275402,0.00783070936504843,0.521043943964032,0.206013957811983,"CHPF"
"ENSG00000168781",124.982100203214,0.348402177763278,0.117238068505461,2.9717495537471,0.00296108119801692,0.00788384126452797,0.321263404554922,0.115896617441806,"PPIP5K1"
"ENSG00000134698",394.144113188793,-0.30765162758589,0.10354209666697,-2.9712709853212,0.00296569970404663,0.00789294568495613,-0.289934392547394,0.101421361932495,"AGO4"
"ENSG00000185298",139.741108446264,0.531333820946832,0.17882073535784,2.97132108244367,0.00296521592541114,0.00789294568495613,0.470353421402637,0.18034880508676,"CCDC137"
"ENSG00000134186",468.637874668957,-0.405389709202418,0.136453599393554,-2.9708978803352,0.00296930497591853,0.00790094367682768,-0.371611431798012,0.133107172893324,"PRPF38B"
"ENSG00000121270",103.440279605304,0.665783119990423,0.224148354367146,2.97027886673616,0.00297529525721231,0.00791528336157957,0.568947752221711,0.23132049673805,"ABCC11"
"ENSG00000213937",27.8343272715635,1.35753258287301,0.457052142584077,2.97019192426888,0.00297613749415629,0.00791592449455793,1.00022052232823,0.568816073468487,"CLDN9"
"ENSG00000160208",370.370833515964,0.240678972080118,0.0810730795228036,2.96866695451505,0.00299094573237602,0.00795370460764747,0.232078382566092,0.0801569616289801,"RRP1B"
"ENSG00000185651",905.781316285599,0.188191374007474,0.0633961223718799,2.96849975939457,0.00299257336502958,0.00795642587317841,0.184514629942366,0.0628695129067117,"UBE2L3"
"ENSG00000077463",78.042495858354,0.657791092203841,0.221683732327375,2.96725016895889,0.00300476365071213,0.00798722354639127,0.566210422574211,0.228398036264869,"SIRT6"
"ENSG00000112494",387.581055119085,1.00255386714252,0.337951008334125,2.96656569271519,0.00301146019357561,0.00800179311980151,0.796525690508166,0.382377619832878,"UNC93A"
"ENSG00000253710",71.2843213610429,0.762388345307717,0.256992981344424,2.96657263291544,0.00301139222617032,0.00800179311980151,0.635780861609045,0.27078117856119,"ALG11"
"ENSG00000162517",925.414571207455,0.222631678946104,0.0750542393908036,2.96627719837213,0.00301428674122693,0.0080076874969721,0.223473823451673,0.0741366153629182,"PEF1"
"ENSG00000124459",153.756556379794,0.249415913083253,0.0840986955898999,2.96575245708338,0.00301943414319656,0.00801974378239377,0.238897031954854,0.082998291592486,"ZNF45"
"ENSG00000162460",501.715143067759,0.606494573277463,0.204525463848042,2.96537439332285,0.00302314769337083,0.00802798760204121,0.527929724482394,0.209530865702263,"TMEM82"
"ENSG00000100889",15151.0919674211,0.405048443477683,0.136595673532168,2.96530946408265,0.00302378588309681,0.00802806310483014,0.379325281385379,0.135616507120068,"PCK2"
"ENSG00000186026",22.5881314736897,-0.588309819309011,0.198412070479277,-2.96509087319088,0.00302593531709649,0.00803215007759926,-0.514113029127821,0.195294063610236,"ZNF284"
"ENSG00000148180",1039.14614398027,0.911198176373794,0.307317635668329,2.96500451200008,0.00302678490245198,0.00803278573386066,0.739175426455732,0.338824041570492,"GSN"
"ENSG00000126653",225.303904898273,-0.300440004686262,0.101348594151197,-2.96442202481913,0.00303252085341223,0.00804364231901599,-0.275681048197019,0.0990824416828952,"NSRP1"
"ENSG00000211460",793.113686182541,-0.320680194713045,0.108176239495857,-2.96442357589373,0.00303250556629233,0.00804364231901599,-0.298293456721986,0.105774867715694,"TSN"
"ENSG00000253719",1377.74727279298,0.213643024852112,0.0720694946145073,2.96440298346572,0.00303270852738838,0.00804364231901599,0.203066217714179,0.0714033261187106,"ATXN7L3B"
"ENSG00000168916",91.9433411082772,-0.388113027737444,0.130937563823232,-2.96410759758295,0.00303562124502377,0.00804974608499154,-0.355235170876771,0.127872041033296,"ZNF608"
"ENSG00000135677",1905.20307011203,0.385023363875118,0.129901049595531,2.96397423326411,0.00303693714918148,0.00805161387557862,0.355702422726856,0.12899162682887,"GNS"
"ENSG00000136840",30.7116780729493,0.645514853867715,0.217795082515397,2.96386330863132,0.00303803203753494,0.00805289506869037,0.555255936797004,0.221607458102994,"ST6GALNAC4"
"ENSG00000152219",333.804834518211,-0.363012720014637,0.122485610223975,-2.96371728361266,0.00303947393533456,0.00805509537693534,-0.334844953129406,0.119584614990025,"ARL14EP"
"ENSG00000148634",577.445631738109,-0.310327812620984,0.104714734750856,-2.96355439718522,0.00304108306451749,0.00805773790047037,-0.291562288556326,0.102536608502996,"HERC4"
"ENSG00000146215",28.698649380557,-0.678728348956851,0.229037370577487,-2.96339565567632,0.00304265199425099,0.00806027286847255,-0.580587906283624,0.225789613817347,"CRIP3"
"ENSG00000165238",25.9540188832227,1.46138197222376,0.493299639679102,2.96246308465664,0.00305188402473798,0.0080831030114062,1.05294464971782,0.637543686387037,"WNK2"
"ENSG00000101160",6733.0458642195,0.256573118603848,0.0866138850766997,2.96226313340688,0.00305386677450219,0.00808672766554623,0.245792853399723,0.0856757545434557,"CTSZ"
"ENSG00000108509",297.582168523447,0.549147183776635,0.185406066086543,2.96186201113995,0.00305784791224844,0.00809564158710295,0.48486585612891,0.187881947601167,"CAMTA2"
"ENSG00000130159",484.030914572494,0.467471901655202,0.157870628393948,2.96110749929163,0.00306534926848397,0.00811386981681946,0.421011410938144,0.15816602099137,"ECSIT"
"ENSG00000112130",164.413310202227,0.235335330136839,0.0794776437634465,2.96102550343943,0.003066165481344,0.00811439894017591,0.227087651562336,0.0784464313145606,"RNF8"
"ENSG00000103269",10.6628779847482,1.08490686540754,0.366472192253576,2.960407060454,0.00307232804781456,0.00812744044153636,0.851043256500688,0.40050692733741,"RHBDL1"
"ENSG00000164291",77.6481468323287,-0.530811091218861,0.1793013385073,-2.96044131983572,0.0030719863698464,0.00812744044153636,-0.469845338696816,0.17513565735353,"ARSK"
"ENSG00000099949",500.891499830658,0.431827831835635,0.145879024785835,2.96017767098184,0.00307461670332048,0.00813186089110436,0.39311350049775,0.145472543804231,"LZTR1"
"ENSG00000164933",243.089522804259,-0.500101304961741,0.169051818880872,-2.95827225209658,0.00309368754938656,0.00818065681366206,-0.446561108477088,0.164821948786398,"SLC25A32"
"ENSG00000162441",281.300697625287,0.338268479681258,0.114378802769407,2.95744029042883,0.00310204821779834,0.00820111783846042,0.316442265925016,0.113241634078381,"LZIC"
"ENSG00000183688",186.413733588302,-0.448881677067739,0.151808040658338,-2.95690317272456,0.00310745683616147,0.00821376765808109,-0.406284573276333,0.148019646380177,"RFLNB"
"ENSG00000134864",203.161291865257,-0.588096594828821,0.198938727048911,-2.95616948772489,0.00311485872388724,0.00823002808723649,-0.513355107503196,0.194249837083647,"GGACT"
"ENSG00000253598",76.0934993331372,-0.824181144299756,0.278799508305739,-2.95617861490608,0.00311476654433577,0.00823002808723649,-0.686160424714157,0.274512566923905,"SLC10A5"
"ENSG00000166164",513.893271941148,-0.140989912759642,0.0476959920905858,-2.95601174396099,0.00311645224285804,0.00823258632212458,-0.1365922897756,0.0473272816689147,"BRD7"
"ENSG00000101608",2105.54269018187,-0.309019670282523,0.104625342066491,-2.95358336879927,0.00314107753134619,0.00829362036191543,-0.288577672450973,0.102326805611426,"MYL12A"
"ENSG00000169814",1633.48976721353,0.370777640213038,0.125536389226724,2.95354711487996,0.0031414465095604,0.00829362036191543,0.342874538673781,0.12459505034564,"BTD"
"ENSG00000197170",767.374912673254,-0.401497115948726,0.135935835453578,-2.95357816876652,0.00314113045281907,0.00829362036191543,-0.368386714727277,0.132598125820017,"PSMD12"
"ENSG00000176658",517.060119580216,0.350345962154108,0.118647479349769,2.95283105948925,0.00314874234315884,0.00831121525461694,0.326393115533089,0.11760027073762,"MYO1D"
"ENSG00000131558",533.459776776473,0.267690951596609,0.0906737153771607,2.95224421413789,0.00315473317838318,0.0083253591955488,0.255740722135293,0.0896839376828997,"EXOC4"
"ENSG00000071967",410.545281914104,-0.630710240542018,0.213699506998408,-2.95138837426853,0.00316348868172079,0.0083451196120088,-0.543770744734386,0.208595759369275,"CYBRD1"
"ENSG00000143162",3911.79193652503,-0.403729477677401,0.136792436091581,-2.95140206003137,0.00316334849809926,0.0083451196120088,-0.368158941860165,0.133276761531628,"CREG1"
"ENSG00000080824",9956.18379453167,0.42527138560525,0.144103020992211,2.95116218020326,0.00316580641369338,0.00834956074573056,0.401647883744651,0.143425984567436,"HSP90AA1"
"ENSG00000177575",1717.45556408079,1.13818032755702,0.385688623142664,2.95103422621833,0.00316711819902332,0.00835134752820769,0.883892297623857,0.455162504491479,"CD163"
"ENSG00000255561",17.7988858637361,-0.566166087974071,0.191879086667777,-2.95063989414511,0.00317116401153775,0.00836034148496315,-0.496246142946889,0.189728730194996,"FDXACB1"
"ENSG00000174358",32.873497982905,1.42410625906953,0.482680064156646,2.95041449776422,0.0031734786739293,0.00836476881300364,1.0198267857005,0.625947647072993,"SLC6A19"
"ENSG00000125885",59.6799847040987,0.432819900687278,0.146705110464722,2.95027146168408,0.00317494835249198,0.00836696757584256,0.39315449264824,0.14566697046757,"MCM8"
"ENSG00000115687",79.3031604407459,-0.531647801723685,0.18022437054829,-2.94992181194071,0.0031785435737075,0.00837476579776525,-0.46738295840612,0.17582746111786,"PASK"
"ENSG00000177076",20.5028148947606,0.906759610156278,0.307400751607937,2.94976380315677,0.00318016949236999,0.00837737325661131,0.731792474076494,0.330012667238035,"ACER2"
"ENSG00000175336",3846.99258613307,-0.544505728576274,0.184735465106871,-2.94748887692611,0.00320366277570424,0.00843757233545149,-0.472556439696219,0.1794713086508,"APOF"
"ENSG00000130023",490.900280182965,-0.375765296885888,0.127527563189361,-2.94654181016482,0.00321348972761107,0.00846176115074546,-0.340771269245735,0.124147270758865,"ERMARD"
"ENSG00000129682",15.7454911706912,-0.835886548290777,0.283702863900982,-2.94634511896404,0.00321553407600504,0.00846545123868872,-0.692439550543551,0.282076161317674,"FGF13"
"ENSG00000012211",39.9429822884098,0.549582379991349,0.186695859051537,2.94373095784432,0.00324281765005486,0.00853557320684173,0.483191556253862,0.187445147192616,"PRICKLE3"
"ENSG00000182566",739.905712858276,-0.590539899284361,0.200702080120087,-2.94237059691171,0.00325709880217235,0.0085714496960626,-0.513588298701688,0.195693576569606,"CLEC4G"
"ENSG00000160606",72.1004845127283,0.696169425148211,0.236651750899497,2.94174635303614,0.00326367131253855,0.00858702967643537,0.588190161075614,0.245748117366271,"TLCD1"
"ENSG00000163606",37.3625146916454,-0.812381431793651,0.276244514630537,-2.94080565863966,0.00327359847795145,0.0086114280840577,-0.675963531204646,0.272513772698064,"CD200R1"
"ENSG00000036054",538.525145049246,-0.5452225771822,0.185594392551271,-2.93771040001427,0.0033064572768333,0.00869612794782006,-0.480555386535225,0.180884677233247,"TBC1D23"
"ENSG00000157765",24.7484107012623,1.20767944281723,0.411243287345841,2.93665448161253,0.00331773528722248,0.00872404689266451,0.91072786209375,0.486005075679017,"SLC34A2"
"ENSG00000102595",205.623500519265,-0.407507873440171,0.138798850104731,-2.93596001071107,0.00332517185142431,0.00874185555029004,-0.372015523519931,0.135354195910355,"UGGT2"
"ENSG00000122512",83.074497025885,0.394817799382989,0.134481596865972,2.93585002397373,0.00332635100786809,0.00874320969646462,0.36376306058004,0.133301346849484,"PMS2"
"ENSG00000100246",89.5961804273474,0.377579431382396,0.128617311644858,2.93568125902817,0.00332816105991055,0.00874447585607309,0.348602313897067,0.127226573857736,"DNAL4"
"ENSG00000111707",535.79625276406,-0.226793856047582,0.077253489363571,-2.93571019142247,0.00332785068805635,0.00874447585607309,-0.218626113057039,0.0760859996951355,"SUDS3"
"ENSG00000092758",54.7133868791685,0.952101516727473,0.324366196664073,2.93526738149447,0.00333260381223381,0.00875440179406831,0.75654186268094,0.359040314149788,"COL9A3"
"ENSG00000129484",306.650750746638,0.253803856464787,0.0864726606525137,2.93507629520833,0.00333465684250862,0.00875804747426062,0.247813643180757,0.0854003882100621,"PARP2"
"ENSG00000177096",30.9483951754155,0.652085879970634,0.222201097615467,2.93466543130723,0.00333907506395621,0.00876790233188022,0.556727104130437,0.226724847654985,"PHETA2"
"ENSG00000110851",202.701530989938,0.202600054429114,0.0690459735790242,2.93427761138359,0.00334325037249806,0.00877711553425912,0.196770165708133,0.068300585035684,"PRDM4"
"ENSG00000163564",21.0549224311392,-0.730583988963063,0.249051410914061,-2.93346657335405,0.00335199746249996,0.00879832507800528,-0.616852881443501,0.245798400485139,"PYHIN1"
"ENSG00000135960",45.5886003119341,0.987681430222862,0.336986175703767,2.93092566233666,0.0033795364194462,0.00886884123947152,0.777641441686606,0.376436658384925,"EDAR"
"ENSG00000171443",126.274913009767,0.686148788019579,0.234139243682746,2.93051594951463,0.00338399621515374,0.0088787752428685,0.580612352074348,0.243584766528508,"ZNF524"
"ENSG00000156171",488.738273529087,-0.425591802428318,0.145240052908953,-2.93026471627016,0.00338673358263201,0.0088841869593411,-0.38493177694509,0.141368210510991,"DRAM2"
"ENSG00000099795",921.594262311463,0.670327981313346,0.228771025021227,2.93012623102575,0.00338824334109229,0.00888632812469578,0.571325790039325,0.237703562509474,"NDUFB7"
"ENSG00000117620",767.603188377224,-0.628107568647842,0.214366352004504,-2.9300660424293,0.00338889970485322,0.00888632812469578,-0.53856485950944,0.208884687550246,"SLC35A3"
"ENSG00000164002",102.875608738137,0.322574666589165,0.110099387617808,2.92984977999087,0.00339125902769008,0.00889074399812179,0.300785790575164,0.108599844562272,"EXO5"
"ENSG00000205208",28.8169860956605,-0.540653972831874,0.184553856174833,-2.92951870005738,0.00339487385341646,0.00889844896557458,-0.477032137153273,0.181014308605985,"C4orf46"
"ENSG00000141027",1181.90261084469,-0.3675726081778,0.125480635792007,-2.92931738716306,0.0033970735600628,0.00890244237495757,-0.341124509993985,0.122446682494907,"NCOR1"
"ENSG00000002330",360.261283964193,0.52278588244581,0.178474258309959,2.92919487323421,0.00339841288089297,0.00890417989847501,0.46285338478011,0.18020206422718,"BAD"
"ENSG00000107821",13.3732766450554,0.808402266001293,0.275992947740367,2.92906855997559,0.00339979423927093,0.00890602685122185,0.666766432086374,0.284804662637768,"KAZALD1"
"ENSG00000092607",480.160842405558,0.581261089471173,0.198496864466695,2.92831370930144,0.00340805992663362,0.0089259035198047,0.506305613279485,0.202446800326224,"TBX15"
"ENSG00000013583",1373.46634134984,-0.283275517321439,0.0967416098645754,-2.92816625356953,0.00340967671544662,0.00892836190047141,-0.267650607691041,0.094810782995843,"HEBP1"
"ENSG00000204147",126.747267760704,-0.475389894837881,0.162370571054516,-2.92780823366241,0.00341360515634712,0.00893687124447528,-0.425078665554386,0.158341866865709,"ASAH2B"
"ENSG00000182871",10204.8222554787,0.74477890411737,0.254394437468737,2.92765404592975,0.00341529827933362,0.00893774938296689,0.630575430266406,0.268504778666549,"COL18A1"
"ENSG00000198892",86.4259722275239,0.560084135595244,0.191305706801134,2.9276917294342,0.00341488440925324,0.00893774938296689,0.48962571510744,0.193946780590741,"SHISA4"
"ENSG00000036549",558.597662502977,-0.33548373365738,0.114601275274826,-2.92739965460989,0.00341809340103751,0.00894328650994831,-0.310814672802505,0.111890245502993,"ZZZ3"
"ENSG00000107104",1635.52113871698,-0.330084132913162,0.112807379323905,-2.92608635083514,0.00343255646513512,0.00897934401350467,-0.318180319922356,0.110570822713164,"KANK1"
"ENSG00000066855",590.230316205797,-0.361300513422852,0.123492445359543,-2.92568919799863,0.00343694116092408,0.0089890280740418,-0.33176348218247,0.120405067659606,"MTFR1"
"ENSG00000099804",663.059192155476,0.444012333588666,0.151838377019659,2.92424314790442,0.00345294913206678,0.00902910194097146,0.401472015277988,0.151675859647882,"CDC34"
"ENSG00000198042",174.207192271235,-0.313984077143801,0.107384290281755,-2.92392934124694,0.00345643196335384,0.00903641446177853,-0.292670824043324,0.105093267302984,"MAK16"
"ENSG00000135486",3874.80032898257,-0.171097516867751,0.0585257297980555,-2.92345806636033,0.00346166848687253,0.00904830798057647,-0.164526671240884,0.0578794715341346,"HNRNPA1"
"ENSG00000119913",15.435113243244,1.42197745909885,0.486419716444688,2.92335489501185,0.00346281582789234,0.00904951035927561,1.0252086996805,0.611205126244877,"TECTB"
"ENSG00000171159",137.781423143009,0.800027819580359,0.273688844758588,2.92312907486615,0.00346532832137414,0.00905427915840683,0.655969276542843,0.293016568328888,"BBLN"
"ENSG00000106536",29.1716445876297,-0.902577682425396,0.308784380771105,-2.92300303587718,0.00346673136285387,0.00905614784193135,-0.737846388229335,0.305692400467043,"POU6F2"
"ENSG00000165682",503.204487514217,-0.621562332793853,0.212673658840751,-2.9226108027759,0.00347110093396797,0.00906576371684631,-0.536501341137776,0.207477406581944,"CLEC1B"
"ENSG00000161202",544.874216935749,0.317703753039866,0.108710314409386,2.92248030709802,0.00347255579807478,0.00906776470397711,0.299798430237145,0.107572381598608,"DVL3"
"ENSG00000118946",28.9204634333657,-0.806217845381359,0.275879563362906,-2.92235436200404,0.0034739604551011,0.00906851423328759,-0.670474434031993,0.272386928393263,"PCDH17"
"ENSG00000161526",539.40583849366,0.345823393368182,0.118338198616147,2.92233105972762,0.0034742204004787,0.00906851423328759,0.323412146106535,0.117140655748375,"SAP30BP"
"ENSG00000134871",496.605984885925,0.737836496845634,0.252531676793477,2.92175819768165,0.00348061645471478,0.00908340857141223,0.615526641297869,0.266728224197837,"COL4A2"
"ENSG00000189308",166.305436276434,-0.490655401251178,0.167956678503647,-2.92132117414148,0.00348550306417189,0.00909435856973584,-0.437508349437986,0.163660091478156,"LIN54"
"ENSG00000113161",2170.85613895983,1.10523120391966,0.378365577208016,2.9210670063467,0.00348834792989647,0.00909997797602873,0.85340642973938,0.444202188789203,"HMGCR"
"ENSG00000189060",2847.91908816091,0.309537708559717,0.105991445489477,2.92040274694102,0.00349579287595203,0.00911759290903019,0.303211626682735,0.104657140558217,"H1-0"
"ENSG00000134086",194.444105930505,0.560327488010345,0.19192571981944,2.91950181839876,0.00350591348839841,0.0091421780527339,0.489532834553896,0.19484696540105,"VHL"
"ENSG00000215252",406.99238129517,-1.04966807870131,0.359575809896948,-2.91918435503806,0.00350948607210823,0.00914968190601523,-0.839056625342142,0.355164633972283,"GOLGA8A"
"ENSG00000068400",503.57852015472,0.335929211724537,0.115105621320618,2.91844314700176,0.00351784017931971,0.00916964636723881,0.314090568223477,0.113941459615937,"GRIPAP1"
"ENSG00000144120",308.363340994468,0.297555733201751,0.101968701779595,2.91810847847135,0.00352161813260235,0.00917767702570121,0.281245705095736,0.100731167065361,"TMEM177"
"ENSG00000136478",1076.1010841083,0.292230489779,0.100157161446001,2.91771936784126,0.00352601530440694,0.00918731792951152,0.27702555559622,0.0990310847596738,"TEX2"
"ENSG00000111331",368.918582053133,0.674657733425696,0.231313028964813,2.91664389353668,0.00353819477423052,0.00921722841264721,0.571226913289833,0.240594368670928,"OAS3"
"ENSG00000137513",417.134823434832,-0.242770341717902,0.0832530027264119,-2.91605508230976,0.0035448791125288,0.00923281471722141,-0.231980295634536,0.0818641508472205,"NARS2"
"ENSG00000155621",109.766917639647,-0.260701742519034,0.0894187741793697,-2.91551460989702,0.00355102480668749,0.00924699220823723,-0.248877420079207,0.0879759738062026,"C9orf85"
"ENSG00000015479",2241.82979098339,-0.388768902646915,0.133363754047797,-2.91510167378448,0.00355572682013227,0.00925423793066337,-0.355849242770316,0.129941546426185,"MATR3"
"ENSG00000020426",113.282479459555,-0.319540957120378,0.109617239817507,-2.91506114961804,0.00355618856504745,0.00925423793066337,-0.29752431206876,0.107329189585,"MNAT1"
"ENSG00000168140",267.494982314808,0.68534281793191,0.235107141964547,2.91502338978395,0.00355661886139728,0.00925423793066337,0.578329169451255,0.24493567349853,"VASN"
"ENSG00000176720",1924.08879531083,0.464877978064332,0.159470610459459,2.9151326173829,0.00355537427590502,0.00925423793066337,0.420448233755274,0.159636106653464,"BOK"
"ENSG00000127445",272.978402517426,0.423717513552631,0.14540309001295,2.91408878253477,0.0035672843878903,0.00928015535486341,0.38604421367956,0.144761207728806,"PIN1"
"ENSG00000197299",10.103279545258,-0.784773010605518,0.269320959074574,-2.91389505407271,0.00356949881052413,0.00928408165534585,-0.651729608768773,0.267751925976938,"BLM"
"ENSG00000184956",57.4126384088705,1.69076252463746,0.580264966127499,2.91377667675005,0.00357085254371014,0.00928576823829501,1.10859693131292,0.890711970341921,"MUC6"
"ENSG00000178917",21.712497263208,0.671700620410394,0.230542256266557,2.91356834659309,0.00357323608906128,0.00929013158542276,0.570396756911922,0.234507533937545,"ZNF852"
"ENSG00000172936",1514.3458075672,0.228939120665652,0.0786052042866639,2.91251861429859,0.00358526831186463,0.00931957405607299,0.222024786236046,0.0777391557521903,"MYD88"
"ENSG00000265681",30.064958763374,0.457070416954112,0.156969722779616,2.91183808482503,0.00359308834314554,0.00933805786140034,0.412002997672862,0.154620038659751,"RPL17"
"ENSG00000076826",324.586567226115,0.705950022682184,0.242547789190031,2.9105605334093,0.00360781072653758,0.00937397014404144,0.59221053792044,0.254156457102581,"CAMSAP3"
"ENSG00000166265",85.2590520068061,-0.525171768707274,0.180439433275623,-2.91051550746708,0.00360833060079007,0.00937397014404144,-0.467319524480187,0.1762747857514,"CYYR1"
"ENSG00000177868",102.387809497045,-0.405571400750299,0.139362987049736,-2.91018016573913,0.00361220463545364,0.00938218311903385,-0.369754044034701,0.136257283976071,"SVBP"
"ENSG00000154719",502.855522541108,-0.276192418164663,0.0949103651127288,-2.910034302751,0.00361389089761432,0.00938471154989943,-0.263269640115123,0.0931115775367461,"MRPL39"
"ENSG00000137393",587.160660967503,-0.434672679552749,0.149397723558383,-2.90950001914107,0.00362007364710175,0.0093970602598071,-0.391977818749241,0.145358037792092,"RNF144B"
"ENSG00000162105",305.822755353725,-0.323157181741353,0.111068528856533,-2.90952968467579,0.0036197301043667,0.0093970602598071,-0.302715708449623,0.108581072080273,"SHANK2"
"ENSG00000106809",35.5767599335818,-1.93517345454124,0.665285569592432,-2.90878615588606,0.00362834951235745,0.00941668631572998,-1.46870823983712,0.64952277151569,"OGN"
"ENSG00000143774",1549.56220225204,0.45897905031388,0.157806288002865,2.9084965885868,0.00363171138816572,0.00942355383062473,0.415117364632464,0.157902840199172,"GUK1"
"ENSG00000114790",682.694631707412,-0.522794009854566,0.179771680347927,-2.90809992342932,0.00363632126811858,0.00943302844313817,-0.459614493680507,0.174801933100441,"ARHGEF26"
"ENSG00000166562",1928.00668600472,0.375021003956392,0.128959208826112,2.90805912482039,0.00363679571451993,0.00943302844313817,0.34483906785441,0.127957196540426,"SEC11C"
"ENSG00000105612",672.68584429446,0.281448317442934,0.0968084858424665,2.90726907867277,0.00364599425598787,0.0094531627361828,0.267357740944296,0.095708458599057,"DNASE2"
"ENSG00000119471",3432.28163715632,-0.371178252589151,0.127670238275855,-2.90732012097567,0.0036453993295646,0.0094531627361828,-0.340660773895094,0.124411356605627,"HSDL2"
"ENSG00000132359",45.3228489930292,0.630517754360526,0.216901230382717,2.90693489035536,0.00364989158857273,0.00946140434241947,0.538038956252714,0.221679075344673,"RAP1GAP2"
"ENSG00000101040",256.066567779369,-0.409411792994537,0.140870573285798,-2.90629748601877,0.00365733555736354,0.00947883463548196,-0.374472010271214,0.137379486149298,"ZMYND8"
"ENSG00000148700",642.796346488061,-0.547224221829617,0.188294596297074,-2.90621309687643,0.00365832213573583,0.0094795255341661,-0.479872846159571,0.18330088525559,"ADD3"
"ENSG00000131116",183.609540522792,0.387390750140731,0.133301037525814,2.90613454576984,0.00365924068013351,0.00948003990449387,0.356262858938959,0.132314095032115,"ZNF428"
"ENSG00000043143",199.580821413875,0.375408671586214,0.129189734952619,2.90587074680429,0.00366232697190955,0.00948616897740726,0.346214370921149,0.127982899288043,"JADE2"
"ENSG00000113083",14.8481505978344,-0.93337225342668,0.321224919108493,-2.9056657746762,0.00366472665834563,0.00949051754204927,-0.756500065204912,0.319665914167156,"LOX"
"ENSG00000128915",414.707670571175,-0.340540497805022,0.117202073785471,-2.90558423418645,0.00366568168122618,0.00949112389675986,-0.317826135568076,0.114490964346289,"ICE2"
"ENSG00000134899",363.687216690022,-0.559983098101801,0.192735097126346,-2.90545472231614,0.00366719902224437,0.0094931856718186,-0.489997176544046,0.18772818133561,"ERCC5"
"ENSG00000102743",892.607471550661,0.70209854354312,0.24165885453872,2.90532927040182,0.00366866934194166,0.00949512493729191,0.5927418740792,0.252999600194211,"SLC25A15"
"ENSG00000105287",219.404977277958,0.455279755348354,0.156748808098016,2.90451813237179,0.00367818897432435,0.00951789230266399,0.410380386681918,0.156585981078626,"PRKD2"
"ENSG00000101938",15.8759930112865,-1.61538906913556,0.556207406569909,-2.90429262547499,0.00368083954271363,0.00952287943001918,-1.23445041485536,0.552159905871887,"CHRDL1"
"ENSG00000136152",882.007172031125,-0.281292031363888,0.0968620877943331,-2.90404675109992,0.0036837314857639,0.00952848894726276,-0.264065732848278,0.0948883640808791,"COG3"
"ENSG00000067704",2166.97658986631,0.359227857373086,0.123747597529449,2.90290772948217,0.00369715548307503,0.00956133354746923,0.336406350164525,0.122582871857872,"IARS2"
"ENSG00000154721",67.4148313335915,-0.529751061783298,0.18249703262308,-2.90279274226568,0.003698513139324,0.00956296622001959,-0.468118264327498,0.178278764707988,"JAM2"
"ENSG00000111145",191.589360800043,-0.509173747291038,0.175425077754616,-2.90251401799729,0.00370180592315622,0.00956584431487239,-0.451777523035236,0.170908088423234,"ELK3"
"ENSG00000148841",114.760401313468,-0.527145617894136,0.181615295376135,-2.90253977123672,0.00370150156864969,0.00956584431487239,-0.464282804798257,0.177043853095832,"ITPRIP"
"ENSG00000253626",32.5517589847981,-0.767151695411618,0.264299053447752,-2.90258964383038,0.00370091223374958,0.00956584431487239,-0.639480440343073,0.26059613277179,"EIF5AL1"
"ENSG00000100580",159.188474093713,-0.396891425684121,0.136747656233694,-2.90236364275126,0.00370358352803187,0.00956855979789396,-0.362864307672798,0.13341104395279,"TMED8"
"ENSG00000145390",253.597174044605,-0.50540920898878,0.174155115785202,-2.90206352371606,0.00370713359338913,0.00957585263695532,-0.450434364203401,0.169635001104892,"USP53"
"ENSG00000214226",34.6178202091841,-0.866440108243976,0.298578926491054,-2.90187964176345,0.00370931023493607,0.00957959563616482,-0.71029284981221,0.294819964222402,"C17orf67"
"ENSG00000180543",46.1090096965569,-0.75354080131521,0.259751042093972,-2.90101165808835,0.003719600397598,0.00960428688660037,-0.63057005918044,0.255268383980423,"TSPYL5"
"ENSG00000104856",72.8233106306194,0.657440955712424,0.226634667267661,2.90088433353389,0.00372111204248747,0.00960630610811569,0.564655479514805,0.233233043405515,"RELB"
"ENSG00000074696",3148.34144848284,0.375978130192733,0.12964558401099,2.90004579069089,0.00373108149581805,0.0096301546704451,0.346824447903225,0.128658688225643,"HACD3"
"ENSG00000135378",491.88959525574,-0.580836797161769,0.200306194614665,-2.89974455497566,0.00373466881699617,0.00963752443053147,-0.505486663349767,0.195161016124362,"PRRG4"
"ENSG00000106560",163.687997632038,-0.511522870637417,0.176459555818775,-2.89881082531317,0.00374580823857053,0.00966437610601992,-0.452544517495308,0.171897220506781,"GIMAP2"
"ENSG00000104765",642.611658071969,-0.537252893878776,0.18535676204422,-2.89848014150466,0.00374976054185661,0.00967267776138012,-0.472735136027624,0.180436082212634,"BNIP3L"
"ENSG00000091831",863.373681724662,-0.384714316646268,0.132743290075901,-2.89818277388102,0.00375331788948394,0.00967995755787376,-0.353743980752273,0.129399533321517,"ESR1"
"ENSG00000072315",29.2282371482286,0.941036167822023,0.324901725875522,2.89637171143423,0.00377504956476701,0.0097325247039446,0.739799981344602,0.357128795854185,"TRPC5"
"ENSG00000134444",377.259397230651,-0.263862581215179,0.0911014144086324,-2.89636097230754,0.00377517876827017,0.0097325247039446,-0.25156784012163,0.0894109829006079,"RELCH"
"ENSG00000164751",520.134541020743,-0.352406532110846,0.121682571005858,-2.89611346306844,0.00377815769049832,0.00973829760240816,-0.328191598384268,0.118899072251454,"PEX2"
"ENSG00000114698",631.02815988763,-0.629225964163398,0.217295135741646,-2.8957204311813,0.00378289245485401,0.00974859308291405,-0.540830107395688,0.211892438226502,"PLSCR4"
"ENSG00000023902",148.786205487409,-0.59526851358637,0.205586588003003,-2.89546375261442,0.00378598751232779,0.00975465980182147,-0.516094360012722,0.200507481259445,"PLEKHO1"
"ENSG00000205581",1135.69072967,-0.301801416741311,0.104278729806627,-2.89418002406595,0.00380150141118432,0.00979271523765461,-0.284515196596533,0.102105384537553,"HMGN1"
"ENSG00000100380",5442.32061386768,-0.309472782364537,0.106943695225003,-2.89379174446352,0.00380620514795037,0.00980291411931037,-0.29084485521474,0.104598061400121,"ST13"
"ENSG00000141574",70.0530969587558,0.693069470105247,0.239508190136025,2.89371929081686,0.00380708345867452,0.00980323631575548,0.582625066902877,0.248672611358398,"SECTM1"
"ENSG00000162430",378.094907576919,0.51263934016404,0.177159579813082,2.89365859133849,0.00380781942266243,0.00980323631575548,0.454532562475119,0.178533812806168,"SELENON"
"ENSG00000131773",130.992770693219,-0.32603686419005,0.112677318289905,-2.89354476249779,0.00380919991367459,0.00980487313068225,-0.30467915549502,0.110273623018813,"KHDRBS3"
"ENSG00000132613",1050.67323949849,0.584797074657546,0.202119016538184,2.89333029951225,0.003811802109015,0.00980773628440327,0.504538960568494,0.206449957331505,"MTSS2"
"ENSG00000142303",95.2443102657726,0.971538230475735,0.335779997304979,2.89337732525299,0.00381123138205752,0.00980773628440327,0.75973251061869,0.377386708503065,"ADAMTS10"
"ENSG00000099139",61.3989372637115,0.695631244293483,0.240513439809617,2.89227597777539,0.00382461826965864,0.00983878939787528,0.584011460531919,0.249607830803296,"PCSK5"
"ENSG00000065911",36.8542937360866,-0.80598915274739,0.278722367294874,-2.89172756592833,0.00383130014151187,0.0098540530695732,-0.667175367320597,0.274242422781908,"MTHFD2"
"ENSG00000164983",55.7753278166142,-0.697745366619588,0.241344083732347,-2.89108129699751,0.00383918792131149,0.00987241175234121,-0.590198528461335,0.236563894340321,"TMEM65"
"ENSG00000130758",41.3891651267564,0.7754890444008,0.268320181566622,2.89016293844544,0.0038504219639105,0.00989936644734342,0.63730533294141,0.283170693823043,"MAP3K10"
"ENSG00000147027",334.010736346731,-0.709058315504268,0.245343511233658,-2.89006345404824,0.00385164072193393,0.00990056652576769,-0.600075879572545,0.239883031048734,"TMEM47"
"ENSG00000163872",170.886644193617,0.331367419519508,0.114678340558777,2.88953797120626,0.00385808409513202,0.00991519328450286,0.309662932911605,0.113173971267634,"YEATS2"
"ENSG00000111231",278.974964477557,-0.46111269471237,0.15964319586171,-2.88839553871,0.00387212619046934,0.0099493390756673,-0.414862359188692,0.155404600578441,"GPN3"
"ENSG00000076864",234.303679107868,0.641516110089461,0.222158849027334,2.8876459924877,0.00388136436989529,0.00996724074391288,0.546496126212231,0.229353587733891,"RAP1GAP"
"ENSG00000150779",657.561409205854,-0.328307305977314,0.113693086769266,-2.88766287649131,0.00388115605382351,0.00996724074391288,-0.306724109104646,0.111100260226478,"TIMM8B"
"ENSG00000150977",153.776223283506,-0.312090828192081,0.108075930355877,-2.88769966785774,0.00388070215443082,0.00996724074391288,-0.293013567294182,0.105943995744357,"RILPL2"
"ENSG00000171433",54.1693364353579,-0.350700955515541,0.121464331399997,-2.88727523111818,0.0038859414119222,0.00997704848466608,-0.325358334117031,0.119091927423024,"GLOD5"
"ENSG00000144021",1151.18824782315,0.180738379309305,0.06262399067301,2.88608850006106,0.00390062456483818,0.0100127945058802,0.176091350804867,0.0620870179630987,"CIAO1"
"ENSG00000136732",146.961006580506,-0.444575448948238,0.154048496943618,-2.8859447366822,0.00390240673433147,0.010015416581717,-0.400912437521952,0.150089015067473,"GYPC"
"ENSG00000164885",151.635712033962,0.325512171176073,0.112802476762575,2.88568283709945,0.00390565528588232,0.0100209831331266,0.30506319367073,0.11144877624524,"CDK5"
"ENSG00000166262",46.920769140394,-0.48660899644612,0.168630802209945,-2.8856471656957,0.00390609793705041,0.0100209831331266,-0.433691357257015,0.164810579108179,"FAM227B"
"ENSG00000121152",11.0065260400697,0.917928298334013,0.318198823620721,2.88476333095481,0.0039170801210541,0.0100452428659521,0.730708272798707,0.337121430370653,"NCAPH"
"ENSG00000160299",277.946335209463,0.362195952883277,0.125553401920044,2.88479600985988,0.00391667356703104,0.0100452428659521,0.335157999874391,0.124317127235561,"PCNT"
"ENSG00000138663",444.383386089422,0.32626142052139,0.113102106269828,2.88466264052614,0.00391833303863036,0.0100464990821046,0.307839857388214,0.111818909623664,"COPS4"
"ENSG00000079156",190.987307454026,-0.535751930838563,0.185761625827634,-2.88408291245082,0.00392555383141561,0.0100630532991468,-0.47107353165736,0.180892239124684,"OSBPL6"
"ENSG00000128513",269.495303877867,-0.545168456912154,0.189059797567187,-2.88357685730842,0.00393186686906651,0.0100772745178372,-0.477461664695571,0.18403321623928,"POT1"
"ENSG00000014164",133.559883323611,0.932444952078389,0.323386666892286,2.88337475703341,0.003934390645286,0.0100817803105947,0.734288973200575,0.3603242348579,"ZC3H3"
"ENSG00000146094",43.4911580313574,0.599131514852977,0.207944553966492,2.8812080115814,0.00396154099138156,0.0101493770563397,0.51558517072034,0.210682073179101,"DOK3"
"ENSG00000142102",726.177550139279,1.32406792107043,0.459658068407754,2.88054972178988,0.0039698233062591,0.0101686174416746,0.947706339265791,0.594273343829413,"PGGHG"
"ENSG00000167183",33.2836280610704,1.04180384308342,0.361708591461012,2.88022974205663,0.00397385482770538,0.0101759577852966,0.800090184637874,0.412073390201248,"PRR15L"
"ENSG00000167526",6572.12480185715,-0.440870141228037,0.153069301503289,-2.88019960173766,0.00397423476621562,0.0101759577852966,-0.380437063156447,0.147703764756347,"RPL13"
"ENSG00000139190",187.973168672193,0.517418786668927,0.179668633747392,2.87985039946594,0.00397863909561618,0.0101852541965551,0.456201603100999,0.180895082631599,"VAMP1"
"ENSG00000185033",446.509960108598,0.45342648624265,0.157466659574349,2.8795078746721,0.00398296351014702,0.0101943424522931,0.408391324477175,0.157355562353128,"SEMA4B"
"ENSG00000136378",14.6274377837808,0.991087020652958,0.34426726286296,2.87883027973959,0.00399153079758311,0.0102142846415898,0.776499392857463,0.375186028401054,"ADAMTS7"
"ENSG00000213619",1036.88901137862,-0.345751236872172,0.120115905206205,-2.87848005040311,0.00399596553803729,0.0102236459917993,-0.314576795433296,0.116868422898069,"NDUFS3"
"ENSG00000177600",3251.91006863817,-0.499810867856882,0.173659575473807,-2.87810716163053,0.00400069211770689,0.0102337502276528,-0.431108023006363,0.167980733527178,"RPLP2"
"ENSG00000143952",429.010527228616,-0.325821513169618,0.113216403648524,-2.87786489121415,0.00400376575426249,0.0102379387144102,-0.309437898203759,0.110803130613395,"VPS54"
"ENSG00000168477",77.4808245606074,0.947126709418862,0.329108499051675,2.87785551618389,0.00400388473648017,0.0102379387144102,0.743091368189782,0.366698900336797,"TNXB"
"ENSG00000181072",25.6255040882973,-0.776114071052958,0.269800927953653,-2.87661750068658,0.00401962511231854,0.0102761911123856,-0.639798160344889,0.265749336535247,"CHRM2"
"ENSG00000132170",183.180027717194,-0.349223737364115,0.121406398705061,-2.87648543313193,0.00402130755724873,0.0102784964664603,-0.323301795197338,0.11857230289088,"PPARG"
"ENSG00000133169",18.6474078583377,-0.793138882478654,0.275785974293958,-2.8759217523994,0.0040284956308208,0.0102948706279866,-0.65477305298467,0.272729392045631,"BEX1"
"ENSG00000132549",385.930174960566,0.472681107839488,0.164395843759243,2.87526191070699,0.00403692476900377,0.0103144093748697,0.422374241917798,0.164668492274941,"VPS13B"
"ENSG00000167515",468.300094392508,-0.371922371337918,0.129365984587378,-2.87496263043327,0.0040407531955484,0.0103221879263854,-0.344796772859581,0.126280406806787,"TRAPPC2L"
"ENSG00000187954",568.109255182872,0.556204291749297,0.193552842704703,2.87365602063453,0.00405750612668645,0.0103629729706991,0.48533156258905,0.196589262989763,"ZFTRAF1"
"ENSG00000163032",390.684496958259,-0.412722645355688,0.143698111360044,-2.8721507989871,0.00407688372691247,0.0104084256638607,-0.371683167413183,0.139780909973038,"VSNL1"
"ENSG00000174842",54.7897724005023,-0.637034888912846,0.221793518804677,-2.87219794494469,0.00407627551741807,0.0104084256638607,-0.544474278329795,0.216878994235018,"GLMN"
"ENSG00000096401",714.271144747896,0.326550285542326,0.113711404964428,2.87174611591933,0.00408210775588354,0.0104177225652186,0.302249329372096,0.112493356418262,"CDC5L"
"ENSG00000103150",683.612281113011,0.327334434584076,0.113982137081098,2.8718046789312,0.00408135139375967,0.0104177225652186,0.307599802905584,0.112713663697528,"MLYCD"
"ENSG00000244165",25.4694943395633,0.825938923181213,0.287658460371165,2.87124850114092,0.00408853976253518,0.010432115215802,0.668844796023193,0.30536822541116,"P2RY11"
"ENSG00000172403",147.03666725735,-0.606067141975886,0.211119782040722,-2.87072644788437,0.00409529753823154,0.0104473333439947,-0.522724898741713,0.205822597868357,"SYNPO2"
"ENSG00000149761",289.307106165369,0.524206286711225,0.18265600991997,2.86990987562306,0.00410588807752834,0.0104702929360329,0.460816193861185,0.184426049118499,"NUDT22"
"ENSG00000161981",323.662310534064,-0.364709257255863,0.127078457299316,-2.86995345243168,0.00410532228064798,0.0104702929360329,-0.332666611472274,0.123784490197284,"SNRNP25"
"ENSG00000137809",15.4522798773486,0.891072398863471,0.310513860154937,2.86967028917438,0.00410900010804591,0.0104761997332557,0.713315864582092,0.329665984477292,"ITGA11"
"ENSG00000156928",431.336178885816,-0.296075339846802,0.103180741262645,-2.86948258195922,0.00411143976535149,0.0104803903098969,-0.278995154148415,0.101018032667754,"MALSU1"
"ENSG00000130962",129.473253958592,-0.50180881341435,0.174935145895114,-2.86854200078936,0.00412368443975523,0.0105095682024424,-0.44491459527453,0.170412623848476,"PRRG1"
"ENSG00000141378",288.3585966323,-0.338624519078453,0.118063963644642,-2.86814459404117,0.00412886789759307,0.0105199015564608,-0.314459108427902,0.115265801938517,"PTRH2"
"ENSG00000151655",50098.0907354245,0.458239458727462,0.159770606608681,2.86810864935755,0.00412933702292186,0.0105199015564608,0.430996763633921,0.159405591075857,"ITIH2"
"ENSG00000175467",412.113144549796,0.448824527874665,0.156555040764372,2.86688008053463,0.0041454005667731,0.0105587819427616,0.404165637888694,0.156325703450283,"SART1"
"ENSG00000095485",242.868822958602,0.249124283680283,0.0869001926451143,2.86678632230039,0.00414662878170514,0.0105598674158472,0.239868594170372,0.0857540398364767,"CWF19L1"
"ENSG00000149932",1391.44629616858,-0.339585422653206,0.118553692475914,-2.8644019056783,0.00417797536618657,0.0106376375306928,-0.315295087597159,0.115574615484982,"TMEM219"
"ENSG00000137802",101.498457689927,0.464619265815662,0.162263761153592,2.86335816766797,0.00419176432700038,0.0106706823529171,0.420087614318269,0.161914300655547,"MAPKBP1"
"ENSG00000135637",74.8408902750112,0.470321738980247,0.164259359394314,2.86328730803833,0.00419270195778346,0.0106710059880489,0.419074459987705,0.163663881657684,"CCDC142"
"ENSG00000186094",21.8299212953027,0.821452619931392,0.286948609324608,2.86271685325413,0.00420025727964874,0.0106881691812631,0.665651525307462,0.303164139392847,"AGBL4"
"ENSG00000137509",2318.58358330348,0.370814539634995,0.129542982743406,2.86248264307368,0.00420336282371906,0.0106940048187604,0.345789644545898,0.128359985196647,"PRCP"
"ENSG00000178761",349.197036722752,0.282486208139434,0.0987223813051628,2.86142011978251,0.00421747768102747,0.0107278421847774,0.26760236169769,0.0974743962171627,"FAM219B"
"ENSG00000179913",17.4294089589431,1.47513822593242,0.515556909900594,2.86125197355389,0.00421971531865579,0.0107314606693881,1.01585031676498,0.685649158811348,"B3GNT3"
"ENSG00000064652",162.925776145818,-0.282585298230353,0.0988747782254106,-2.85801195514317,0.00426304329763579,0.0108395573689982,-0.267163104275659,0.0969699955650952,"SNX24"
"ENSG00000178026",411.80977044823,0.669884771619088,0.234397109050738,2.85790543378281,0.00426447460781328,0.0108411030481695,0.563720140160262,0.243779522269654,"LRRC75B"
"ENSG00000128655",395.452589501838,0.873505239497176,0.305653638315494,2.85782706304824,0.0042655279408702,0.0108416874265438,0.697437702283695,0.33553501557047,"PDE11A"
"ENSG00000159289",21.3384125184514,0.938410779418103,0.328393601082034,2.85757936916586,0.00426885859416204,0.0108480587243268,0.736895538944769,0.359008426188428,"GOLGA6A"
"ENSG00000168288",1708.65111975464,-0.418746832486435,0.146566751902914,-2.85703835999458,0.00427614155867091,0.0108644692708339,-0.379538321457956,0.142567738579723,"MMADHC"
"ENSG00000126070",282.662400931389,-0.303296685114248,0.106179148182467,-2.85646184119914,0.00428391494678252,0.0108821192724944,-0.284680111755128,0.10387766534095,"AGO3"
"ENSG00000122884",335.419808536614,-0.976612934104872,0.341911015784909,-2.85633655839636,0.00428560586898472,0.0108843145970395,-0.778636146488336,0.336689960405932,"P4HA1"
"ENSG00000221983",4224.268210294,-0.340091755615398,0.119074972408237,-2.85611450279768,0.00428860440542467,0.0108898294314024,-0.314958871257499,0.116123661002293,"UBA52"
"ENSG00000141449",117.080637319926,-0.509982860225687,0.17858646214125,-2.85566360468199,0.0042946989800562,0.0109032022312803,-0.450695728727359,0.173796707256479,"GREB1L"
"ENSG00000139323",129.545481111256,-0.481596831541174,0.16866048455187,-2.85542184241183,0.0042979699986415,0.0109094029308105,-0.428933248228965,0.16420319616885,"POC1B"
"ENSG00000139668",296.41945712996,-0.246938142265887,0.0865132625050503,-2.85433857325022,0.00431265427441363,0.0109445655699556,-0.236228181534892,0.084981105396137,"WDFY2"
"ENSG00000158290",625.666873204042,-0.435704744652266,0.152679334920751,-2.85372440794572,0.00432099979553645,0.0109636313948801,-0.390517323628641,0.148302631225235,"CUL4B"
"ENSG00000115652",226.044461599825,0.316673028374376,0.111036683161483,2.85196765031096,0.00434495221807068,0.0110222814842232,0.297084705303199,0.109655375282353,"UXS1"
"ENSG00000184227",383.196315639405,0.613935906606484,0.21534712312256,2.85091297113395,0.00435938994862215,0.0110567767411981,0.524871967652229,0.221220371704959,"ACOT1"
"ENSG00000221909",69.8107644746117,-0.358005196610968,0.125631135217373,-2.8496534397427,0.00437668891861469,0.0110985143109555,-0.331893090871147,0.122722335384435,"FAM200A"
"ENSG00000168374",2053.0569597278,-0.389404778033243,0.136661243919314,-2.84941631486358,0.00437995264979265,0.0111046517595167,-0.349433637034964,0.132644771074969,"ARF4"
"ENSG00000183283",3351.41755975949,-0.205677489222809,0.0722081115291296,-2.84839867526291,0.0043939842662845,0.0111380817962845,-0.19899321565548,0.0711893880314518,"DAZAP2"
"ENSG00000213390",130.843088401093,0.280557020780227,0.0985207457309332,2.84769485552258,0.0044037126316038,0.0111605929754948,0.265321465414176,0.097198351449318,"ARHGAP19"
"ENSG00000119787",809.492361119091,-0.402484221517665,0.141344431283462,-2.84754212007471,0.00440582635377208,0.0111638009572292,-0.367464362940025,0.137542384260886,"ATL2"
"ENSG00000101940",564.964811827468,0.439140396775101,0.154245444107925,2.84702345223134,0.0044130111185398,0.0111798546058678,0.396418752378748,0.153830120873848,"WDR13"
"ENSG00000047365",207.672856050251,-0.463292781691782,0.162751286216379,-2.84663053953275,0.00441846094718532,0.011191507662686,-0.414522282794862,0.158338486470605,"ARAP2"
"ENSG00000196547",1464.73957649363,0.313659672681629,0.1101949383826,2.84640726049135,0.00442156061836261,0.0111972046742378,0.295607698703164,0.108897311376812,"MAN2A2"
"ENSG00000204237",138.925790474534,0.52725566915604,0.185240908028387,2.84632414496285,0.004422714972896,0.0111979741025286,0.462115804397343,0.186853257379712,"OXLD1"
"ENSG00000105771",175.68887083583,0.475963805363564,0.167225389021986,2.84624128038946,0.0044238661139121,0.0111987351001282,0.423653775132967,0.16736925471515,"SMG9"
"ENSG00000125821",130.31639990619,0.331034543165632,0.116349205103692,2.84518096080337,0.00443861988514481,0.0112296059584582,0.308519637672086,0.114916236364969,"DTD1"
"ENSG00000136536",661.669233203295,-0.55673871046793,0.195671625871272,-2.84527052907608,0.00443737186921027,0.0112296059584582,-0.483378161353045,0.19014121342145,"MARCHF7"
"ENSG00000145220",92.5350567733893,-0.270543943473153,0.0950882439669915,-2.84518813458231,0.00443851991626494,0.0112296059584582,-0.257135842904364,0.0934239333897611,"LYAR"
"ENSG00000186160",10.9921834641936,-1.10495010528838,0.388382658221703,-2.84500371450064,0.00444109051657541,0.0112336979329936,-0.863806904985958,0.389596981515825,"CYP4Z1"
"ENSG00000166226",1007.88117771119,0.235027493867443,0.0826386040485222,2.84403998075094,0.00445454579819155,0.0112655685706857,0.22712309650608,0.0816694492071166,"CCT2"
"ENSG00000147010",346.776606086305,0.270622792477362,0.0951613402764705,2.84383124166943,0.00445746499594943,0.0112707862755272,0.257547215645182,0.0939780544815407,"SH3KBP1"
"ENSG00000070882",41.8353996372167,-0.661723614514247,0.232696558248805,-2.84371895955039,0.00445903596846427,0.0112725936176652,-0.561106764947095,0.227593783065149,"OSBPL3"
"ENSG00000188257",987.544101009644,-1.58999086473158,0.559166469405296,-2.84350180443156,0.00446207567382666,0.01127811255934,-1.19266462259609,0.550449411629242,"PLA2G2A"
"ENSG00000150712",526.981978377696,0.323971500948577,0.113943770119865,2.8432576928758,0.00446549495307914,0.0112845885896814,0.302835582138926,0.112630889139233,"MTMR12"
"ENSG00000166881",237.873885796508,0.438940019698368,0.154384989639446,2.84315217900055,0.00446697362444681,0.0112861590365509,0.391396110272958,0.153862206530317,"NEMP1"
"ENSG00000141854",94.0360760694563,0.725561208143825,0.255268298738983,2.84234748979045,0.00447826514054983,0.011312517045372,0.599099361936755,0.268194164590145,"MISP3"
"ENSG00000187796",18.542959665047,0.910704784245831,0.320465747744152,2.84181629598962,0.00448573309342615,0.0113292081158735,0.720033695132112,0.345063053702158,"CARD9"
"ENSG00000119650",271.896631370913,-0.357243513886253,0.125717587437809,-2.841635137669,0.00448828254299544,0.0113334729499574,-0.330105516775087,0.122586848825525,"IFT43"
"ENSG00000135912",156.059851706889,0.279228356711656,0.0982785898692313,2.84119213638693,0.00449452245225766,0.0113452022885307,0.263734992603706,0.0969632843533881,"TTLL4"
"ENSG00000241837",478.715767615814,-0.407817669504768,0.143537979517675,-2.84118301563908,0.00449465100539088,0.0113452022885307,-0.372377815441306,0.139771731436369,"ATP5PO"
"ENSG00000140379",20.7790148658955,-0.794376528733768,0.279606477400715,-2.84105195315385,0.0044964986443179,0.0113455157437887,-0.649627243419218,0.275642087916069,"BCL2A1"
"ENSG00000216937",28.4118764585533,-0.487610627838273,0.171627368889597,-2.84110064142473,0.00449581218647111,0.0113455157437887,-0.433079275223518,0.168035002711237,"CCDC7"
"ENSG00000115282",1055.61393670343,0.472165139875544,0.16620038441217,2.84093891566818,0.00449809273045495,0.0113473632667503,0.420978552252612,0.166553495301812,"TTC31"
"ENSG00000164032",680.204864036688,-0.316853655674028,0.111534431621021,-2.8408595540313,0.004499212216293,0.0113480130344279,-0.29637890500701,0.108963182244508,"H2AZ1"
"ENSG00000214274",9991.57793128088,-0.44202190318081,0.155623099016893,-2.84033608103915,0.00450660272216066,0.0113644764297964,-0.385436929501986,0.150293263723466,"ANG"
"ENSG00000160602",94.6607680727383,0.63105086150503,0.222238821053044,2.83951677980874,0.00451819187544277,0.0113915193856912,0.535387912557092,0.228279494686598,"NEK8"
"ENSG00000103056",68.654820275731,0.90677121318205,0.319376857221024,2.83918885379513,0.00452283800483653,0.0114010501956113,0.713749295017476,0.352022864746611,"SMPD3"
"ENSG00000160255",498.355939181523,0.577664470000625,0.203517348274994,2.83840407167689,0.00453397455240001,0.0114269350989469,0.498037570036029,0.207556883329939,"ITGB2"
"ENSG00000115966",530.370284993505,-0.547737706928929,0.193001626439481,-2.83799529068053,0.00453978524360977,0.0114393899554768,-0.477705049341454,0.187633361758686,"ATF2"
"ENSG00000102554",19.8033227695061,-1.08889797509078,0.38377043190113,-2.83736808408238,0.00454871390133171,0.0114593601229922,-0.85314652500004,0.38220185586057,"KLF5"
"ENSG00000215126",46.1975773852307,-0.691999266173081,0.243892179810181,-2.83731633671755,0.00454945126559929,0.0114593601229922,-0.58227066131241,0.238549727052227,"ZNG1F"
"ENSG00000144485",34.123202219993,0.661709679848493,0.233328676532923,2.83595522711125,0.00456888505834292,0.0115061095405782,0.557162544495744,0.23878079823277,"HES6"
"ENSG00000087053",93.437740199313,-0.39215556832939,0.138346315729253,-2.83459350733162,0.00458840277395733,0.0115464279285019,-0.357820729802171,0.134866248562014,"MTMR2"
"ENSG00000135341",443.875547822509,-0.297177200287848,0.104838471698406,-2.83461972950876,0.00458802621595405,0.0115464279285019,-0.279270107490044,0.10253458111249,"MAP3K7"
"ENSG00000152348",116.104899693955,-0.352227250734291,0.12425879537876,-2.83462631084301,0.00458793171049592,0.0115464279285019,-0.325925931471815,0.121210749816303,"ATG10"
"ENSG00000171848",49.182486132508,0.87767112315347,0.309610354590364,2.83476024022094,0.00458600891848889,0.0115464279285019,0.696112578292825,0.337027592387887,"RRM2"
"ENSG00000066651",248.62771739241,-0.327646228021305,0.115618371887931,-2.83385955597862,0.00459895388892723,0.0115707676097107,-0.305309165592524,0.112890705803461,"TRMT11"
"ENSG00000141759",601.771788613801,-0.243561459501995,0.0859561730522308,-2.8335540177434,0.00460335270981406,0.0115796220438311,-0.236411802825184,0.0845965273411743,"TXNL4A"
"ENSG00000136891",97.6445012966283,-0.273863960511486,0.0966555120457549,-2.83340240732307,0.00460553685267916,0.0115829031905203,-0.260533144317764,0.0948161247796947,"TEX10"
"ENSG00000187051",519.921851151416,0.420300084726299,0.148358641367264,2.83300036218207,0.00461133337434427,0.0115952664642125,0.379895621966621,0.147682232779563,"RPS19BP1"
"ENSG00000163481",176.416616582596,0.381862648412104,0.134816702619915,2.8324580040255,0.00461916333910719,0.0116127371630104,0.350147185867498,0.133645860475937,"RNF25"
"ENSG00000184454",162.095943471782,0.419184537562953,0.148023281694528,2.83188247662293,0.00462748532946104,0.0116314379243383,0.379640568884662,0.147294204836974,"NCMAP"
"ENSG00000197594",2550.50149670318,-0.334966193016389,0.118287322848613,-2.83180128647503,0.00462866041193625,0.0116321708309892,-0.311452466241175,0.1153969477185,"ENPP1"
"ENSG00000105700",507.981586770718,0.287934693625014,0.101691976944034,2.83143963051753,0.00463389801960009,0.0116397625347042,0.276513753222472,0.100334197104272,"KXD1"
"ENSG00000198734",8865.08897643042,0.510996933065323,0.180473439613793,2.83142458058559,0.00463411609339425,0.0116397625347042,0.45797478524754,0.181722499657264,"F5"
"ENSG00000198824",210.51307687777,0.303545984851096,0.10720666747585,2.83140957552359,0.00463433352627369,0.0116397625347042,0.285518589845739,0.10578682201132,"CHAMP1"
"ENSG00000176410",210.888213550159,-0.36511923113719,0.128960403778555,-2.83125068190819,0.00463663656261016,0.0116433257645099,-0.335264348278021,0.125701498286192,"DNAJC30"
"ENSG00000159842",174.474426130435,0.507120782009867,0.179159431917023,2.83055587184904,0.00464671945957788,0.0116664203670485,0.446443306600982,0.180105207624731,"ABR"
"ENSG00000100336",37.8005192337886,-0.828489049323174,0.292744089759672,-2.83007950733803,0.00465364380097351,0.0116771248872913,-0.675935121075488,0.288064053898579,"APOL4"
"ENSG00000134748",359.85853085887,-0.149776780577102,0.0529221404729451,-2.83013459468199,0.00465284258466024,0.0116771248872913,-0.148046010512722,0.0525159911726551,"PRPF38A"
"ENSG00000165424",994.954441046592,0.27283241638334,0.0964010972905784,2.83017957317385,0.00465218848888639,0.0116771248872913,0.258808287801689,0.095254721123686,"ZCCHC24"
"ENSG00000197217",379.572055505948,0.253639302700943,0.0896392498928413,2.82955628258999,0.00466126005893791,0.0116940072286541,0.242025809106039,0.0884925584665372,"ENTPD4"
"ENSG00000141642",102.134537992157,-0.314656738075703,0.111228564956556,-2.82892023464118,0.00467053381196685,0.0117128091749249,-0.294386875257979,0.108815186953939,"ELAC1"
"ENSG00000154359",239.381940580128,-0.424235528699731,0.149961124624747,-2.82897003981072,0.00466980703661912,0.0117128091749249,-0.377118834835355,0.145506392959689,"LONRF1"
"ENSG00000106993",622.596803353458,-0.444958228851082,0.157372682265489,-2.82741720129313,0.00469251486232092,0.0117656923780836,-0.402011880540187,0.152951771888267,"CDC37L1"
"ENSG00000109906",195.421037721933,1.08528904877221,0.383912657692214,2.82691655778199,0.00469985726941771,0.0117818584937459,0.813159439226879,0.453207986417257,"ZBTB16"
"ENSG00000108231",41.8823422126075,-1.1386344335247,0.403024402857107,-2.82522454087824,0.00472474932342575,0.0118420044911905,-0.885155115985628,0.399404820613312,"LGI1"
"ENSG00000161904",372.522301932135,0.337216802402456,0.119364541469083,2.82510030409491,0.00472658172342554,0.0118443424001943,0.313447030675242,0.118003589254901,"LEMD2"
"ENSG00000196466",89.9214082344716,-0.481355381996253,0.170426923411077,-2.82440926798404,0.00473678573634966,0.0118676538543824,-0.427133196647039,0.165810467420917,"ZNF799"
"ENSG00000197956",239.882334892144,-0.756855131910133,0.268005541816701,-2.82402791666067,0.00474242539995805,0.0118795229862724,-0.626734894451556,0.26209227829275,"S100A6"
"ENSG00000111860",76.1733921191535,-0.559273785541742,0.19812384284568,-2.82284947388873,0.00475989138327635,0.011921006268255,-0.485406156290842,0.192873382725337,"CEP85L"
"ENSG00000088247",598.987625164752,0.370521126032607,0.131302046156116,2.82189910119194,0.00477401947053442,0.0119541156997064,0.342348237336764,0.130176022278942,"KHSRP"
"ENSG00000196396",334.539366907084,0.212573613100239,0.0753520574125495,2.82107244844567,0.00478633920701066,0.0119826853012935,0.205520985384533,0.0744885184332303,"PTPN1"
"ENSG00000117222",309.648736872832,0.331327835694813,0.117487806449326,2.82010402362665,0.00480080838562284,0.012016624183481,0.308481873931793,0.116090223035336,"RBBP5"
"ENSG00000174547",461.646519626184,-0.334929399939544,0.118774114320456,-2.81988547635803,0.0048040791567954,0.0120225254093078,-0.312394695965751,0.115932192213738,"MRPL11"
"ENSG00000134986",629.41141384137,-0.550815892218407,0.19534573417175,-2.81969757135379,0.00480689294890032,0.0120272809892097,-0.479297576545513,0.189795837628035,"NREP"
"ENSG00000172943",455.741931319876,-0.417513718452693,0.148092591279567,-2.81927485261243,0.00481322842201202,0.0120398113518475,-0.376782494508346,0.143878919698259,"PHF8"
"ENSG00000214827",11.4332883619838,-0.699307527671744,0.248048117837253,-2.81924141883861,0.00481372983108955,0.0120398113518475,-0.585397880602644,0.245262622374203,"MTCP1"
"ENSG00000152457",32.001684746048,-0.48635292360803,0.172569794846358,-2.81829693337145,0.00482791389921093,0.0120729941874665,-0.431448086593069,0.168599339254574,"DCLRE1C"
"ENSG00000185900",14.14554867458,1.20647056905355,0.428116412686232,2.81808997109807,0.00483102705836282,0.0120784850456523,0.881739418755266,0.504637529718656,"POMK"
"ENSG00000106211",1326.53269050365,0.6601792022342,0.234359715062552,2.81694830554813,0.00484823283985545,0.0121192013612183,0.558011813675648,0.243409343042684,"HSPB1"
"ENSG00000175104",177.085759431615,0.351410456803468,0.124803087269033,2.81571926218416,0.00486681742507445,0.0121633481811941,0.328375806326116,0.123266842733757,"TRAF6"
"ENSG00000124614",12.1001943148981,-0.610708757989475,0.216908521569085,-2.81551298018028,0.00486994296102362,0.0121688496915614,-0.521644491018859,0.214652599567516,"RPS10"
"ENSG00000172728",75.5117217936807,0.428514362476614,0.152209814930242,2.81528732344232,0.00487336413801259,0.0121750877117787,0.386303509281478,0.151014460521044,"POFUT3"
"ENSG00000112149",70.9296834796817,-0.700942752411184,0.248988218178559,-2.81516433805117,0.00487522963218514,0.0121774375521437,-0.586637240352677,0.243279274182291,"CD83"
"ENSG00000100985",21.7059772927277,1.39792296577348,0.49674805589116,2.81414884103697,0.00489065782483117,0.012209449422606,0.96536863428607,0.647357639914044,"MMP9"
"ENSG00000155307",66.2723653086061,-0.883172148049156,0.313834022294597,-2.81413768205195,0.0048908276055616,0.012209449422606,-0.711742988373161,0.308619071952085,"SAMSN1"
"ENSG00000188827",57.194627840261,0.591703265563562,0.210256559043447,2.81419646671424,0.00488993327385619,0.012209449422606,0.503165902612448,0.213573715482144,"SLX4"
"ENSG00000137073",202.523904070931,0.285721152728953,0.101536859129375,2.81396485157075,0.00489345785221526,0.0122133665357913,0.269906914891262,0.100255197025372,"UBAP2"
"ENSG00000154274",575.254203195491,0.299772936227061,0.106533845025254,2.81387512255845,0.00489482391122162,0.0122133665357913,0.279429535902873,0.105266246264439,"PGCKA1"
"ENSG00000189334",188.96997277333,0.626778670894566,0.222747580308433,2.81385176003565,0.0048951796452507,0.0122133665357913,0.5303986735819,0.229360688519576,"S100A14"
"ENSG00000116649",235.774415620305,0.558248252103911,0.198484523644694,2.81255304873658,0.00491499154971516,0.0122604734262125,0.482475948015469,0.201594074808253,"SRM"
"ENSG00000173762",27.6897858957501,0.845628043297683,0.300717860780557,2.81203132099547,0.00492297093153464,0.0122780517682487,0.673003882558786,0.322640838006629,"CD7"
"ENSG00000100104",276.817194968812,0.190049944842214,0.0676049972503346,2.81118190329152,0.00493598712254394,0.012308183040798,0.184161946183358,0.0669338829893282,"SRRD"
"ENSG00000139970",34.1502996521799,0.668648921747952,0.237887732603331,2.81077512669768,0.00494223144543999,0.0123214200361036,0.560026132083731,0.243811421117002,"RTN1"
"ENSG00000159200",1633.58892362248,-0.337502390515511,0.120111460257124,-2.80990997689159,0.00495553590003932,0.0123499121067419,-0.309495339288522,0.116912249493397,"RCAN1"
"ENSG00000167969",1439.43642903221,0.463222770891537,0.164853040275687,2.80991342420425,0.0049554828223311,0.0123499121067419,0.413715181152806,0.164976894272876,"ECI1"
"ENSG00000141337",38.5914027039586,0.49402826749605,0.175854777216858,2.80929682613531,0.00496498466419797,0.012368777311037,0.436438367955332,0.175327363811298,"ARSG"
"ENSG00000146776",162.798037457365,-0.318973641067332,0.113540689781348,-2.80933330316734,0.00496442209105172,0.012368777311037,-0.297942074779662,0.111121387739862,"ATXN7L1"
"ENSG00000163995",21.6578978295926,0.663979646595541,0.236369059577421,2.80908020610904,0.0049683267108486,0.0123747615351935,0.556960960854056,0.240644890631196,"ABLIM2"
"ENSG00000151789",22.379670634718,1.86337174839564,0.663534528943551,2.80825136766041,0.00498113294831721,0.0124043117831557,1.01280131930175,1.36450926761481,"ZNF385D"
"ENSG00000118655",47.3209219179987,0.37866559470288,0.134866936183931,2.80769776060203,0.00498970325324705,0.0124233042799264,0.346808558401024,0.132777790643005,"DCLRE1B"
"ENSG00000163378",78.7379234368947,-0.440025458911811,0.156728914010586,-2.807557633444,0.00499187465361978,0.012426360690028,-0.395427867767218,0.152502743490032,"EOGT"
"ENSG00000197622",625.921105682104,0.27264858495941,0.0971297808080934,2.80705446559281,0.00499967875104525,0.0124434348650778,0.259647477831649,0.0958871569598503,"CDC42SE1"
"ENSG00000154710",14.9089597152878,-0.511334182014518,0.182215333908156,-2.80620829788261,0.00501282763092853,0.0124738024170866,-0.450080777654958,0.179746026427097,"RABGEF1"
"ENSG00000158042",297.832082518463,-0.32356739156506,0.115342765420493,-2.8052681967999,0.00502747283256411,0.0125078812005932,-0.301566408844018,0.112582858439429,"MRPL17"
"ENSG00000163161",440.581591865154,0.235255267792689,0.0838764338909686,2.80478385738834,0.00503503311941445,0.0125243238334046,0.226136603520354,0.0828195069738063,"ERCC3"
"ENSG00000119917",544.068194769227,0.497068289933316,0.177255273452838,2.80425106825141,0.0050433615527148,0.0125426706088106,0.438003195219425,0.178207388933319,"IFIT3"
"ENSG00000147813",1243.65999642406,0.629898920792482,0.224632105040284,2.80413576981581,0.00504516550891956,0.0125447873636327,0.534933537888604,0.231699088883959,"NAPRT"
"ENSG00000134884",891.662349047606,-0.418163013759319,0.149145394557638,-2.80372729576787,0.00505156117801155,0.0125570888094266,-0.376317645393712,0.14483612766409,"ARGLU1"
"ENSG00000197124",61.4548947797657,-0.62694887609965,0.223614982179104,-2.8036979901351,0.0050520203116765,0.0125570888094266,-0.533261768338799,0.21816834478556,"ZNF682"
"ENSG00000186566",338.619504472497,0.303294484261207,0.108206135410929,2.80293241329987,0.00506402803841463,0.0125845589191708,0.284970572291033,0.10680275999301,"GPATCH8"
"ENSG00000171960",129.183731587629,-0.315321473780363,0.112532218013592,-2.80205508561359,0.0050778202468481,0.0126164524193248,-0.294691643095569,0.110036913820685,"PPIH"
"ENSG00000138821",791.034587892239,-0.484746706605912,0.173009366880182,-2.80185238144721,0.00508101172412033,0.0126220000678808,-0.427556979803702,0.167715452922634,"SLC39A8"
"ENSG00000149311",599.384405668961,-0.369909485359714,0.132038801186042,-2.80152108347692,0.00508623175119203,0.0126325838966599,-0.339340568990369,0.128533312745351,"ATM"
"ENSG00000149196",276.668329960196,-0.275907792367447,0.0984907096889024,-2.80135855695368,0.00508879433828189,0.0126365647411956,-0.260426698500574,0.0964778885556157,"HIKESHI"
"ENSG00000004478",1452.49643645985,0.325198353066037,0.116140121937485,2.8000517619663,0.00510944128155927,0.0126854429404128,0.307904829496178,0.114709146710489,"FKBP4"
"ENSG00000135913",162.803694854511,-0.39777367472718,0.142075319380662,-2.79973802952662,0.00511440941140901,0.0126953835427246,-0.364278718656509,0.138463266917877,"USP37"
"ENSG00000124541",300.614476700331,0.2504957602611,0.0894733665119905,2.79966843795389,0.00511551202464205,0.0126957269211003,0.24083370409755,0.0882940964885762,"RRP36"
"ENSG00000115310",7661.81051553164,-0.445984084651277,0.159304599981401,-2.79956815247863,0.00511710133188072,0.012696504981799,-0.399453108553638,0.154670060975089,"RTN4"
"ENSG00000140264",5038.54062314876,-0.359733461831213,0.128497944999113,-2.79952696390356,0.00511775421072514,0.012696504981799,-0.324399978658631,0.12469476320867,"SERF2"
"ENSG00000114270",33.7403639232186,1.44804052683272,0.517274749311226,2.79936441661003,0.00512033147780228,0.0127005056964478,0.558597657761838,0.626043409663772,"COL7A1"
"ENSG00000136854",77.1299018888845,0.598106497280818,0.213667994258494,2.79923298459587,0.00512241625452064,0.0127032835575473,0.510385982628982,0.217688006269139,"STXBP1"
"ENSG00000125730",244072.036551332,0.351191883017875,0.12549777388379,2.79839133515687,0.00513578470755554,0.0127340379396754,0.375961278702266,0.122989082861563,"C3"
"ENSG00000206535",121.156094333151,-0.352845958476184,0.126120456445993,-2.7976901481266,0.00514694617508897,0.0127593096104729,-0.32480629991841,0.123044215717922,"LNP1"
"ENSG00000145916",374.948581214364,0.27155106652316,0.0971059602675289,2.7964407722763,0.00516688803195093,0.0128063343050952,0.257568489581847,0.0958587432335858,"RMND5B"
"ENSG00000151414",518.257454895125,-0.606226602502129,0.216818728793724,-2.79600662671017,0.00517383395652791,0.0128211364335868,-0.521184217324577,0.210813007053692,"NEK7"
"ENSG00000119285",297.357187189465,0.308101692101238,0.110204939092913,2.79571582396575,0.00517849124710965,0.0128302626570278,0.288754694270846,0.108781349662107,"HEATR1"
"ENSG00000074054",633.255009223868,0.28792630428018,0.10301374040209,2.79502815018973,0.00518951961741522,0.0128527858090577,0.272551745971706,0.101679199252704,"CLASP1"
"ENSG00000182400",554.06228281568,-0.459310978100568,0.164331485882154,-2.79502723190826,0.00518953435826754,0.0128527858090577,-0.407608572138556,0.159391994683512,"TRAPPC6B"
"ENSG00000197070",279.135852025654,0.608318081725964,0.217647826951564,2.79496510599824,0.00519053173171176,0.0128528382132249,0.516636371666991,0.22330917415848,"ARRDC1"
"ENSG00000168671",23.2685625635453,1.00209564954021,0.358590143364655,2.79454320784597,0.00519730949560722,0.0128672013574962,0.76152676023924,0.402974634779679,"UGT3A2"
"ENSG00000134709",762.063351103417,-0.55054586493412,0.197016520907835,-2.7944147140415,0.00519937532752149,0.0128674766094263,-0.477385904082348,0.191259733466767,"HOOK1"
"ENSG00000164855",387.446530706886,0.665365953079222,0.23810562938641,2.7944150450951,0.00519937000412423,0.0128674766094263,0.554764694882972,0.247562522888619,"TMEM184A"
"ENSG00000181541",14.0988400856608,1.06445813290816,0.381132704508445,2.7928805907145,0.00522409724224904,0.012926228959115,0.802379955597236,0.427990497614875,"MAB21L2"
"ENSG00000168246",291.805924582189,-0.319792510316742,0.114509293562189,-2.79272101301599,0.00522667487499327,0.0129301768891697,-0.300580119923467,0.111782573754951,"UBTD2"
"ENSG00000188659",13.2541092793384,-1.36022050146336,0.487135214192168,-2.79228530772316,0.00523371860479817,0.0129451698573685,-1.02562777571654,0.48649997396919,"SAXO2"
"ENSG00000140943",1500.37542284001,0.155206435824961,0.0556000236925862,2.79148146920046,0.00524673618555172,0.0129749302439846,0.152490327834003,0.0551563769959833,"MBTPS1"
"ENSG00000126267",2021.08874370397,-0.423638456334306,0.151789787591207,-2.79095493219365,0.00525527891719572,0.012993615441089,-0.378858210024891,0.147222416310517,"COX6B1"
"ENSG00000164305",469.618464920077,0.253499317572993,0.0908369793637955,2.79070615677065,0.00525931951104954,0.0130011642287792,0.241559792593482,0.0896467761660213,"CASP3"
"ENSG00000068831",95.2353896479936,-0.709589316287591,0.254362259507554,-2.78968003217678,0.00527601543554904,0.0130399885910341,-0.591222713264245,0.248400257082403,"RASGRP2"
"ENSG00000177119",2277.97871909434,0.449888803347895,0.161340553964583,2.78844216344177,0.0052962203243354,0.01308746936753,0.403197946269103,0.161094476652912,"ANO6"
"ENSG00000004139",128.291781252751,0.417224474694498,0.14966515525444,2.78771951951803,0.00530804783237156,0.0131142348960413,0.376794543406471,0.148526875421512,"SARM1"
"ENSG00000138835",465.002464982954,0.392849446159686,0.14093740386423,2.78740373661296,0.00531322373491547,0.013124559792476,0.363080215655613,0.139702155231369,"RGS3"
"ENSG00000176058",162.120656006892,0.806819731388017,0.289459373543985,2.78733323267355,0.0053143799660581,0.0131249534108274,0.645300307588247,0.312214857354561,"TPRN"
"ENSG00000188158",10.2823591376693,-0.736707578377572,0.264363713145194,-2.78671974157421,0.00532445052478574,0.0131473585163783,-0.60945506431223,0.262434733442454,"NHS"
"ENSG00000186111",124.909732159593,0.678879636911145,0.243654408067771,2.78623991371548,0.00533233898697248,0.0131643681047215,0.56338053895045,0.253554837959072,"PIP5K1C"
"ENSG00000141568",273.187878861585,0.364153462528635,0.130737709641662,2.7853743462903,0.00534659577933774,0.0131970903694714,0.335066404222521,0.129245931027936,"FOXK2"
"ENSG00000120314",414.518713110299,0.195427993833056,0.070177852716363,2.78475311324948,0.00535684934018632,0.0132174434806771,0.189819064987789,0.0694278111985221,"WDR55"
"ENSG00000181513",1182.57221721208,0.461834120533753,0.165840452601742,2.78480981743837,0.00535591269165821,0.0132174434806771,0.41438901324222,0.165799184937293,"ACBD4"
"ENSG00000116209",4689.22254185507,-0.322268663261987,0.115735955795549,-2.78451636785448,0.00536076153529361,0.0132246180201753,-0.292513666918426,0.112476231346155,"TMEM59"
"ENSG00000103653",502.41222721106,0.44418425346497,0.159603258899531,2.78305252992722,0.00538500866636375,0.01328194531685,0.39961335686269,0.159213857215138,"CSK"
"ENSG00000166183",1435.34847944052,0.716460895625246,0.257452821763815,2.78288228001059,0.00538783511866737,0.0132864276404523,0.58950424394076,0.271455404092132,"ASPG"
"ENSG00000115963",747.417452728221,-0.519739076435673,0.186788950228034,-2.78249369569865,0.00539429132981665,0.0132998576120536,-0.454577369197408,0.18124812392785,"RND3"
"ENSG00000198853",224.023563605982,0.537860832157873,0.193366851634606,2.78155654710786,0.00540989051774473,0.0133358207370581,0.466338870732293,0.1956052309828,"RUSC2"
"ENSG00000172572",46.8136859805158,-0.70247928741922,0.252573573772615,-2.7812857731967,0.00541440522808293,0.0133444513726956,-0.584836910726427,0.247065559444673,"PDE3A"
"ENSG00000164318",53.9706148047358,-0.704554857401266,0.253326897152368,-2.78120825431932,0.00541569835423328,0.0133451402829563,-0.586213403536852,0.247415661594434,"EGFLAM"
"ENSG00000186818",74.5468983086858,0.740272898217497,0.266216072710169,2.78072203034652,0.00542381562933592,0.0133626415748198,0.602879257270886,0.28057436392385,"LILRB4"
"ENSG00000166246",9.99035565008063,0.790999110396103,0.284549546041173,2.77982910674421,0.00543875117187813,0.0133969313244055,0.641491430628462,0.289395461703763,"DNAAF8"
"ENSG00000106346",101.197557133558,-0.288176147401242,0.103672239910078,-2.77968478014169,0.00544116874241449,0.0134003792859389,-0.271151579826373,0.101445664328509,"USP42"
"ENSG00000135046",281.196125333955,-0.513709653024415,0.184824145342515,-2.77945098608416,0.00544508701341837,0.0134075211555389,-0.449472631232069,0.179365611212608,"ANXA1"
"ENSG00000180448",131.616609764619,0.628734047378326,0.226223328244876,2.77926265277891,0.00544824523723371,0.013412789228388,0.530116461866956,0.232765477264561,"ARHGAP45"
"ENSG00000143190",176.099405132055,-0.299603659513797,0.10781113223771,-2.77896774938982,0.00545319389226768,0.0134224622893244,-0.278019498433511,0.10524829423993,"POU2F1"
"ENSG00000107960",163.615802501,0.208187152975473,0.0749192657664162,2.77881998502976,0.00545567499207869,0.0134235501673908,0.201131753981916,0.0741004969740406,"STN1"
"ENSG00000198040",378.419505887004,-0.384886390239167,0.138504796492148,-2.77886686950215,0.00545488764822358,0.0134235501673908,-0.350837510498453,0.134677919725053,"ZNF84"
"ENSG00000160445",442.060595912876,0.409793627508041,0.147513641068745,2.77800496644961,0.005469378225229,0.0134547521885959,0.370744291742312,0.146617198070569,"ZER1"
"ENSG00000168710",1867.1518715901,-0.164275028282818,0.0591473065287708,-2.7773881504293,0.00547976964520788,0.0134777969640962,-0.16011159577347,0.0585216098490806,"AHCYL1"
"ENSG00000162688",1652.92808815657,-0.58698775577155,0.21135311109999,-2.77728467168789,0.00548151468275928,0.0134795708466957,-0.500012411033305,0.204614138413836,"AGL"
"ENSG00000112799",56.1664143298396,-0.630806681817394,0.227163698483818,-2.77688154413603,0.00548831770129787,0.013493779804909,-0.534415100942371,0.221632526151553,"LY86"
"ENSG00000109332",3286.64316896085,-0.440527604118716,0.158707103528878,-2.77572707411019,0.00550784225576738,0.013539255253815,-0.389893934736809,0.15377479482705,"UBE2D3"
"ENSG00000143889",201.5004567923,-0.313985297570527,0.113132752268548,-2.7753704499755,0.00551388619264631,0.013551582156502,-0.293133737025518,0.110481817944068,"HNRNPLL"
"ENSG00000177030",153.207017482804,0.421971480682342,0.152124792115651,2.77385082874292,0.00553970733391886,0.0136125021945457,0.37996789648506,0.151286782513547,"DEAF1"
"ENSG00000105438",1507.39989342108,-0.278998180897357,0.100651210148539,-2.77193071484802,0.00557248960463359,0.0136905016112345,-0.262561315174012,0.0984446096087161,"KDELR1"
"ENSG00000117597",302.804931060736,0.323646461211577,0.116783745865406,2.77133139387892,0.00558275765011864,0.0137131692577354,0.301785203546675,0.115298942583134,"UTP25"
"ENSG00000156502",419.234912037769,-0.200975068306415,0.0725374502678359,-2.77063871923176,0.00559464637061729,0.0137398086393485,-0.193666370628911,0.0714904209854487,"SUPV3L1"
"ENSG00000163191",337.44765803255,-0.517087919384744,0.186692356609508,-2.76973267023622,0.00561023182187681,0.013775515137417,-0.45188868323231,0.181163681735874,"S100A11"
"ENSG00000112144",281.595282540544,-0.431955249789468,0.155959305403682,-2.76966641183354,0.00561137310498677,0.0137757483312056,-0.387836845400264,0.151465662009232,"CILK1"
"ENSG00000142875",452.856285651313,-0.561403906449603,0.20272837324308,-2.76924190466648,0.00561869009775284,0.0137911397887796,-0.481633747581557,0.1964411710174,"PRKACB"
"ENSG00000100884",11.8869226523589,-1.47566546927588,0.533487728676779,-2.76607200119861,0.00567360063941529,0.0139233226502408,-1.09535561009218,0.532889137713491,"CPNE6"
"ENSG00000164951",64.9212287255725,-0.616819926346746,0.223008425036541,-2.76590414127034,0.00567652183658357,0.0139278953597576,-0.52364661049962,0.217149799148457,"PDP1"
"ENSG00000122257",630.122935842039,-0.381773093450118,0.138046608753275,-2.76553764629196,0.005682904512762,0.0139409578563489,-0.348333284726728,0.134223877903774,"RBBP6"
"ENSG00000130558",45.824433937407,-0.690735465648875,0.249809691317745,-2.76504671218017,0.00569146449592103,0.0139567557372502,-0.575545667053711,0.243918865099924,"OLFM1"
"ENSG00000198242",3611.59430963919,-0.27409089064781,0.0991263218212349,-2.76506669078378,0.00569111591983639,0.0139567557372502,-0.258634486545066,0.096990326467584,"RPL23A"
"ENSG00000178184",35.7279110941976,-0.406050026839679,0.146921484026368,-2.7637212456063,0.00571463359720621,0.0140109620001521,-0.36643135648904,0.143090307524758,"PARD6G"
"ENSG00000115841",383.280376897846,-0.531893290471378,0.192486419024738,-2.76327697905285,0.00572241837107577,0.0140274362825514,-0.46127863024685,0.186598551457545,"RMDN2"
"ENSG00000076053",252.80246628823,-0.501939623805092,0.181698588621936,-2.76248499018057,0.00573631992316097,0.0140570368804701,-0.439694923002823,0.176216708379252,"RBM7"
"ENSG00000133114",203.005593169895,-0.290701724842022,0.105232635683669,-2.76246739382139,0.00573662913252058,0.0140570368804701,-0.273183801277614,0.102922335261014,"GPALPP1"
"ENSG00000184164",472.865191963905,0.554316031573931,0.20066557594371,2.76238726531463,0.00573803736865661,0.0140578712310631,0.479751056959025,0.203655262628506,"CRELD2"
"ENSG00000176635",39.9495713014554,-0.751415077619949,0.272032311160222,-2.76222730459904,0.00574084956598082,0.0140621442578053,-0.616645740606684,0.266478144429499,"HORMAD2"
"ENSG00000135315",80.9797094568559,-0.439906257608,0.15927910209992,-2.76185797011862,0.00574734741761355,0.0140754419829427,-0.391700667432186,0.154782561395238,"CEP162"
"ENSG00000131187",6631.7022619763,0.679313635088037,0.245976313560202,2.76170345532794,0.00575006782631163,0.0140768674230604,0.562810639535795,0.257094959537532,"F12"
"ENSG00000198355",304.815596768864,-0.547473251174505,0.19823419032552,-2.761749879148,0.00574925036013685,0.0140768674230604,-0.475867689902831,0.19241611069165,"PIM3"
"ENSG00000181789",2024.64696456385,0.240566451888418,0.0871500939553872,2.76036939227588,0.00577360385922991,0.0141318587861352,0.230740707747347,0.0860639438024151,"COPG1"
"ENSG00000204590",516.82321222522,0.273978588341539,0.0992647447428379,2.76007951313759,0.00577872948811865,0.0141417755465744,0.259931430674719,0.0979888613881687,"GNL1"
"ENSG00000101162",10.0252696474892,-0.73295266206342,0.265618298638938,-2.75942081482776,0.005790391817226,0.0141676823388957,-0.602975262037324,0.263266521949037,"TUBB1"
"ENSG00000152056",13.5412547901983,0.787136082876922,0.285302989231216,2.75894789955744,0.00579877791904664,0.0141855648610494,0.633981739581114,0.294350119940071,"AP1S3"
"ENSG00000186501",506.463599222244,0.314706714583558,0.114131378788231,2.75740745380368,0.00582617028491465,0.0142499271728007,0.294420415306454,0.112713687519301,"TMEM222"
"ENSG00000133063",11.5679128765061,1.94482470211043,0.705613315401189,2.75621882362674,0.00584738630384437,0.01429916197556,-0.231052748511044,0.371485656795767,"CHIT1"
"ENSG00000121895",23.2634475663597,-0.636965654348454,0.231157909973838,-2.75554340502795,0.0058594729480651,0.0143260577222331,-0.536548964095841,0.226602013537901,"TMEM156"
"ENSG00000179528",48.100057232227,0.784557908758137,0.28472871474274,2.75545762733135,0.00586100955412682,0.0143271540641726,0.627381531159108,0.303319550951345,"LBX2"
"ENSG00000032742",313.174169468297,-0.301483241192019,0.109433187405133,-2.75495257280497,0.00587006437711085,0.0143444064446112,-0.281712006017622,0.106865197368452,"IFT88"
"ENSG00000121207",181.161387573695,-0.527210795935154,0.191369078698904,-2.75494243646674,0.00587024623451049,0.0143444064446112,-0.45817480208175,0.18559901266398,"LRAT"
"ENSG00000092621",3048.24619768573,0.380461958977094,0.138124653152968,2.7544826379093,0.00587850088385959,0.0143619117901086,0.353253840192697,0.136737619917388,"PHGDH"
"ENSG00000105202",728.101716792275,-0.308768651487017,0.112118155094694,-2.7539576549956,0.00588793856333975,0.0143823003942358,-0.288427293945972,0.109439980885735,"FBL"
"ENSG00000113328",2086.99086058372,-0.597285724781393,0.216992336495848,-2.7525659865542,0.00591302287144104,0.0144408939204958,-0.500079579279258,0.209502749808806,"CCNG1"
"ENSG00000135535",3670.23386005706,-0.663174422990098,0.240967546581401,-2.75213169739466,0.00592087046713238,0.014457014564142,-0.545616221468356,0.233146681142398,"CD164"
"ENSG00000173681",86.7648304608594,-0.318783660526086,0.115833752533522,-2.75207919586158,0.00592181980437625,0.014457014564142,-0.294698870774801,0.113138435734352,"BCLAF3"
"ENSG00000160679",730.982150015118,-0.279979871005392,0.101755800674172,-2.75148806407512,0.00593251817178776,0.0144804475806002,-0.26405472454972,0.0995263112160351,"CHTOP"
"ENSG00000080839",44.0561845259534,-0.473515564482533,0.172101317867502,-2.75137674917216,0.00593453470872955,0.0144826847034538,-0.418542178758465,0.167582480300502,"RBL1"
"ENSG00000105976",1787.35808306621,-0.458816779530342,0.166773089985078,-2.75114396196289,0.00593875378690125,0.0144902950997668,-0.407430402323346,0.161683915094624,"MET"
"ENSG00000112685",344.828191260195,0.338766799342524,0.123174665499568,2.75029607727013,0.00595414386745375,0.014525154374448,0.31363816609649,0.121680865654315,"EXOC2"
"ENSG00000129472",209.920439883719,-0.268044925765169,0.0974893208866742,-2.74947987458807,0.00596899282402804,0.0145536955952651,-0.25355368336747,0.0954896287889511,"RAB2B"
"ENSG00000132481",167.15065134127,0.597115991819774,0.217179680623287,2.74941002816701,0.005970265069879,0.0145536955952651,0.506052418624487,0.222047997168258,"TRIM47"
"ENSG00000144426",211.071452760852,0.738095084646189,0.26844463498007,2.74952443993149,0.00596818119824628,0.0145536955952651,0.600200533374783,0.28443185008026,"NBEAL1"
"ENSG00000162552",18.7766804150688,1.1281036608959,0.410301217624894,2.7494523838514,0.00596949353599932,0.0145536955952651,0.819592493186503,0.48042006887024,"WNT4"
"ENSG00000163322",80.0774776429144,-0.497449334221716,0.180963853932818,-2.74888782157785,0.00597978475802569,0.0145742032810378,-0.436717184780614,0.175870849780559,"ABRAXAS1"
"ENSG00000102471",677.91053952851,-0.561874077795515,0.20441608115474,-2.7486784533854,0.00598360532440793,0.0145808157877392,-0.486927635236841,0.198287232131027,"NDFIP2"
"ENSG00000068120",1094.23386186987,0.34592806130491,0.125870951340365,2.74827557606595,0.00599096324848946,0.0145960440654353,0.31926829925304,0.124482770836564,"COASY"
"ENSG00000140939",211.556719107312,0.686239004919438,0.249727545828243,2.74795078229543,0.00599690103297778,0.0146078074005894,0.564571903648362,0.261006205769584,"NOL3"
"ENSG00000140044",139.517171080696,0.327101798176569,0.119038540113236,2.74786466522029,0.00599847628918379,0.014608941698741,0.303826510014487,0.117394359686563,"JDP2"
"ENSG00000148123",100.192111893994,-0.613978802041497,0.223452080478775,-2.74769785417064,0.00600152866261451,0.0146136723454749,-0.520627432701177,0.217287900520851,"PLPPR1"
"ENSG00000105520",123.974909889525,0.634071909327061,0.230790336456565,2.74739366934627,0.00600709835768634,0.0146218260264926,0.530618272830173,0.237663545563558,"PLPPR2"
"ENSG00000124207",847.247274145598,0.386533614893425,0.140688173468005,2.74744923731155,0.00600608054774935,0.0146218260264926,0.351653614358951,0.139495536086885,"CSE1L"
"ENSG00000023516",339.409490553517,-0.562069863602542,0.204614204717058,-2.74697382021828,0.00601479354307665,0.0146341504870103,-0.481774907429808,0.198307986997232,"AKAP11"
"ENSG00000084444",87.1227949580589,0.327483059428976,0.119215625540895,2.74698100977241,0.00601466169496063,0.0146341504870103,0.303348599867644,0.117498362146663,"FAM234B"
"ENSG00000182134",92.5608327312667,0.519048946483197,0.188955636078609,2.746935509599,0.00601549615947895,0.0146341504870103,0.45130916155537,0.189891961912653,"TDRKH"
"ENSG00000039560",881.260772849351,0.31059298000977,0.113094566568132,2.7463121300585,0.0060269393300695,0.0146592801070931,0.288716468316674,0.111676338856954,"RAI14"
"ENSG00000153814",294.345851963158,-0.549845738374305,0.20024685701152,-2.74583954315285,0.006035627515579,0.0146772350305259,-0.476068750831148,0.194138210838488,"JAZF1"
"ENSG00000183605",454.624466123132,-0.321801766098475,0.117198271275883,-2.74578935845359,0.0060365507891765,0.0146772350305259,-0.299422427698471,0.114274071130266,"SFXN4"
"ENSG00000144224",2092.78081455971,-0.37174768254955,0.1353974032923,-2.7456042251195,0.00603995788243434,0.0146828075111024,-0.338982893307325,0.131554920231165,"UBXN4"
"ENSG00000054983",270.132806161831,-0.403919539436052,0.14713877419676,-2.74516042179278,0.00604813245276523,0.0146999652710185,-0.357488538747063,0.142455608975027,"GALC"
"ENSG00000160326",44.314899702264,0.604790011072078,0.22032757050209,2.74495838035095,0.00605185722585589,0.0147063034764892,0.511334722586298,0.223774004623137,"SLC2A6"
"ENSG00000140299",725.066099276793,-0.444156359904425,0.161843299248394,-2.74436051394839,0.00606289141245665,0.0147303982905341,-0.392466228752755,0.156620941713894,"BNIP2"
"ENSG00000179639",37.7456710665422,-0.779744900880045,0.284264243625209,-2.74302842642463,0.00608754153851998,0.0147875593904343,-0.635123643104193,0.27858893247347,"FCER1A"
"ENSG00000077150",233.02165635806,0.469162646093459,0.17113030190374,2.74155214403443,0.00611496540142569,0.0148514359850896,0.414826925846107,0.171064787405471,"NFKB2"
"ENSG00000184924",180.264236211116,-0.380817065006923,0.138946592569545,-2.74074418065572,0.00613002143683504,0.0148852567756123,-0.345980595533289,0.135111455906688,"PTRHD1"
"ENSG00000114268",35.2283510246596,0.703736924761528,0.256806062223683,2.740343894797,0.00613749294457515,0.0149006513199846,0.576621782237529,0.265930822088005,"PFKFB4"
"ENSG00000180098",129.892578451784,-0.304594184737444,0.111159135682367,-2.74016330612546,0.00614086639360154,0.0149060927245866,-0.284818805626935,0.108615683683638,"TRNAU1AP"
"ENSG00000204576",106.012633082408,-0.387817070965712,0.141545071203416,-2.73988396535812,0.00614608784981535,0.0149160170747777,-0.352426295467163,0.137774672600197,"PRR3"
"ENSG00000117528",2922.1299025159,-0.454124523583504,0.165773060769216,-2.73943499309408,0.00615448844689327,0.0149336518414664,-0.397504628906268,0.160161512610922,"ABCD3"
"ENSG00000105618",518.074612269591,0.376990994936146,0.137661691504535,2.73853234560704,0.00617140893488728,0.014971949518468,0.344039303828591,0.136370960586302,"PRPF31"
"ENSG00000168939",33.6972375114341,0.43401711672633,0.158538756012845,2.73760894586032,0.00618876176624017,0.0150112817638758,0.388586544211638,0.156016847620728,"SPRY3"
"ENSG00000167014",15.8351345542556,-0.935634280829176,0.341786524867112,-2.73748147675791,0.00619116065535395,0.0150143343504126,-0.732662437231138,0.339118124388401,"TERB2"
"ENSG00000108654",6609.13707951704,0.344908002217293,0.126014229385982,2.73705599675445,0.00619917398674998,0.0150309990256998,0.319739178453849,0.124643509679003,"DDX5"
"ENSG00000134996",456.679201711108,-0.241062916337413,0.0880788331852548,-2.73689952080075,0.00620212334432544,0.0150326133931128,-0.227544598790872,0.0864038382242574,"OSTF1"
"ENSG00000166272",1092.62936213323,-0.290823857806723,0.106259842947857,-2.7369121743332,0.00620188479561218,0.0150326133931128,-0.276483726203079,0.1038850056167,"WBP1L"
"ENSG00000161996",125.174142448594,0.765086710941744,0.279553531721126,2.7368164738658,0.00620368917854521,0.015033641031608,0.612695613559876,0.298062534858234,"WDR90"
"ENSG00000157873",748.670688419105,0.569097919181213,0.207967638444489,2.73647344095373,0.00621016077136615,0.0150465544195449,0.485772718534752,0.211901634183449,"TNFRSF14"
"ENSG00000010322",841.925217128453,0.495643441120089,0.181174915950923,2.73571779249149,0.00622443813700409,0.0150783721272853,0.437935333727825,0.181985304781954,"NISCH"
"ENSG00000133265",202.635424197577,0.45348173921908,0.165792303633162,2.73523999173369,0.00623348103904697,0.015097500250201,0.402563213197446,0.165579291586915,"HSPBP1"
"ENSG00000050426",910.326145778222,-0.245573152042293,0.0898050992232965,-2.73451234023678,0.00624727536285384,0.0151281271707437,-0.231497172639913,0.0880057107782911,"LETMD1"
"ENSG00000156671",240.116126862467,-0.431923737039694,0.157994831525263,-2.73378396539909,0.00626111091514567,0.0151588426459742,-0.38571474959632,0.153253062463425,"SAMD8"
"ENSG00000152495",50.756693648,-0.577344929026743,0.211247895356554,-2.7330209754387,0.00627563355999277,0.0151912100479619,-0.493878502227549,0.205352874102221,"CAMK4"
"ENSG00000111801",565.627095346334,0.327191587537869,0.119756661006643,2.73213685808858,0.00629249964654066,0.015229237196021,0.298726402650524,0.118257396847137,"BTN3A3"
"ENSG00000072786",205.90998946546,0.44419591007308,0.162586440610832,2.73205999469728,0.00629396787633048,0.0152299910052871,0.395378816503414,0.161922349703279,"STK10"
"ENSG00000151715",743.235431073501,0.73491252568729,0.269032094632937,2.73169090360759,0.0063010224800834,0.0152442598259423,0.593857985379756,0.285416543433196,"TMEM45B"
"ENSG00000117748",420.248217402841,0.263126662056181,0.0963400519664883,2.73122815158652,0.0063098773222646,0.015262877976288,0.249940188640063,0.0950566195551385,"RPA2"
"ENSG00000125630",378.342017532369,0.333629199079478,0.1221613789286,2.73105298913231,0.0063132320080189,0.0152681874756754,0.309192118110085,0.12060623443459,"POLR1B"
"ENSG00000172113",131.674256819432,0.23718304974615,0.0868621566485956,2.73056828079556,0.00632252344007355,0.0152878500664846,0.226681632435357,0.0856303689145393,"NME6"
"ENSG00000111644",23.7180286771374,0.603633348123328,0.221160434083368,2.72939122508587,0.00634513781430867,0.0153397143707653,0.510519080371582,0.222340989048619,"ACRBP"
"ENSG00000010030",21.5014757893364,0.784054402763512,0.287297007515633,2.72907263999556,0.00635127118705952,0.0153517232327567,0.626493452332637,0.301409841829054,"ETV7"
"ENSG00000122033",629.001641551558,-0.255051202913241,0.0935029806865932,-2.72773339459767,0.00637711262215104,0.0154113555035317,-0.244642549922668,0.0916901531727299,"MTIF3"
"ENSG00000090372",308.381783104439,0.4023570134556,0.147512275582663,2.72761715502197,0.00637935998130525,0.015413957334165,0.363952445411461,0.14635405768989,"STRN4"
"ENSG00000162300",254.017844512912,0.415092683384221,0.152227864259004,2.72678517434871,0.00639546619188637,0.0154500381435552,0.373312559238383,0.151208262283703,"ZFPL1"
"ENSG00000060237",1383.0687700427,0.278187485126263,0.102043557174789,2.72616412861579,0.00640751277982699,0.0154763003594207,0.263957834541274,0.100743492079303,"WNK1"
"ENSG00000196998",287.270670675242,-0.35639847186167,0.130735773408518,-2.72609755210619,0.00640880539285885,0.0154765832359464,-0.326370309749003,0.127159587877274,"WDR45"
"ENSG00000144554",34.8353035126971,0.523328848379818,0.19201067504068,2.72551954868625,0.00642003745517846,0.0155008643196185,0.453667993574449,0.191623739430646,"FANCD2"
"ENSG00000197223",258.438460327077,-0.457703170082921,0.168020129479228,-2.72409723466799,0.00644775205151018,0.0155649254694138,-0.405770324667984,0.162889599986591,"C1D"
"ENSG00000188994",236.015048152335,-0.508223498532289,0.186584617034958,-2.72382314581201,0.00645310518160432,0.0155749922678281,-0.442262226785647,0.180744529459253,"ZNF292"
"ENSG00000129028",23.1998081615317,-0.612118033645301,0.224779058751735,-2.72319866914905,0.00646531654421426,0.0156016051358367,-0.517267750048878,0.220053356199659,"THAP10"
"ENSG00000162819",385.135984336453,-0.530937698600588,0.194997444587408,-2.72279311005327,0.00647325820152217,0.0156164656645336,-0.459999203234136,0.188934580750639,"BROX"
"ENSG00000171992",1267.17331125886,0.484150537702966,0.177815890371432,2.72276305954235,0.00647384699962211,0.0156164656645336,0.425991997520896,0.17839883775716,"SYNPO"
"ENSG00000027075",143.690978056183,-0.390834738257192,0.143568771922972,-2.72228238092671,0.00648327178174383,0.0156363356436049,-0.353302391753358,0.139400212010255,"PRKCH"
"ENSG00000070444",94.3434920681688,0.575928129288565,0.21160059771147,2.72176986037571,0.00649333449088229,0.0156577366129956,0.489688979648831,0.215031573647662,"MNT"
"ENSG00000137275",657.165460411008,0.186923891840585,0.0686789276797341,2.72170661592526,0.00649457719098415,0.0156578654635593,0.181639162516756,0.0679228042418703,"RIPK1"
"ENSG00000175581",291.258647092291,-0.259474197050896,0.0953710110123764,-2.72068204265155,0.00651473901921582,0.0157035983022694,-0.245471206944766,0.0934653832388763,"MRPL48"
"ENSG00000204673",521.295492302625,0.324982732097347,0.119457039995731,2.72049878440785,0.00651835115375632,0.015709429121427,0.301625290696001,0.117961525559465,"AKT1S1"
"ENSG00000149480",556.219962272837,0.272468640476776,0.10015866713419,2.72037007153591,0.00652088924174705,0.0157126697944439,0.258388706223422,0.0988006856308253,"MTA2"
"ENSG00000058085",19.4857816896055,1.30360461085037,0.479331719653765,2.71962934518917,0.00653551290286336,0.0157450252294783,0.88153053768922,0.613906950827544,"LAMC2"
"ENSG00000115234",1252.15338331701,0.245932889311655,0.0904316134626591,2.71954552058507,0.00653716965197542,0.0157461353161193,0.234884647098705,0.0892749793741569,"SNX17"
"ENSG00000166716",551.471162351437,0.229286803450075,0.0843187999160707,2.71928447366782,0.00654233152680699,0.015755686278021,0.219943772426803,0.0832497561291994,"ZNF592"
"ENSG00000169093",669.199092956634,0.371299135916744,0.136587076065872,2.71840606455092,0.00655972789576509,0.0157946922962039,0.345950084088737,0.135147344931046,"ASMTL"
"ENSG00000056972",116.954091686727,-0.391982115089181,0.144208056562482,-2.71817070719169,0.00656439606899761,0.0158001533170791,-0.354625682087863,0.140129066846864,"TRAF3IP2"
"ENSG00000182771",51.810356629479,1.19335094933155,0.43901865861143,2.71822376093535,0.00656334351880165,0.0158001533170791,0.830052197532996,0.54816087967431,"GRID1"
"ENSG00000212747",14.8807637927555,-0.587943893570265,0.216313459949069,-2.71801807297935,0.00656742507461549,0.0158045546577203,-0.499629224713418,0.212730520879619,"RTL8B"
"ENSG00000239998",47.9892652704046,0.693890676091167,0.255333312467913,2.71758772635031,0.00657597201521191,0.0158222309123319,0.56734090859474,0.265324551008507,"LILRA2"
"ENSG00000196116",259.626223668639,0.27182199836418,0.100029931922931,2.71740661158909,0.00657957205210919,0.0158280002993001,0.257326694740267,0.0986366818276582,"TDRD7"
"ENSG00000119929",323.823103714218,-0.251580049267313,0.0925927152672717,-2.71706093228953,0.00658644807529008,0.0158416469417737,-0.238706353622959,0.0907881389550047,"CUTC"
"ENSG00000173200",34.9036506066512,-0.631853410998624,0.232574021659815,-2.71678412958277,0.00659195870912791,0.0158520051807083,-0.531186012324667,0.226624665067263,"PARP15"
"ENSG00000008323",96.0436260634777,0.559317990022151,0.205921812038042,2.71616680373239,0.00660426347028253,0.0158786948228159,0.47784772936476,0.208718621002639,"PLEKHG6"
"ENSG00000072163",555.622008875438,0.641033960088814,0.236024425731768,2.71596449435841,0.0066083004645966,0.0158855000761145,0.536224902071145,0.244251431066272,"LIMS2"
"ENSG00000127993",143.619712995353,-0.27376850039471,0.100804057299052,-2.71584802963368,0.00661062547304816,0.0158881882033867,-0.257686693220946,0.0986370424193871,"RBM48"
"ENSG00000182700",226.056412376894,-0.396921930937723,0.14616057957776,-2.7156565202764,0.00661445021162158,0.0158944791907665,-0.359328772493599,0.14192665494719,"IGIP"
"ENSG00000124193",2502.69857686404,-0.475698076981513,0.17518180419291,-2.71545369208366,0.0066185031744266,0.015901316203376,-0.41775380947076,0.169560675669425,"SRSF6"
"ENSG00000005339",516.063241669295,-0.33760116000845,0.124329408082449,-2.71537655664354,0.0066200450997404,0.0159021189168367,-0.304088163762193,0.120631117165251,"CREBBP"
"ENSG00000149313",558.074144667173,-0.447137353877185,0.164679277545965,-2.71520108990265,0.00662355385543975,0.0159076450311419,-0.395388672103383,0.159406690636,"AASDHPPT"
"ENSG00000017427",1000.89368511112,-0.816777185884606,0.300884116609245,-2.71459057091187,0.00663577525480218,0.0159311847200448,-0.648228884178603,0.292719642839274,"IGF1"
"ENSG00000147050",347.486965279322,-0.427453279468174,0.157463951341371,-2.71461039702659,0.00663537805635364,0.0159311847200448,-0.381916244779647,0.152622357548273,"KDM6A"
"ENSG00000112578",104.857643230395,0.367346042660158,0.135347040239528,2.71410473409728,0.00664551524309549,0.0159516597430438,0.335743968927953,0.133601440341205,"BYSL"
"ENSG00000184990",585.567964912515,0.534161663821939,0.196847693126751,2.71357847957095,0.00665608002041184,0.015974106735097,0.463355109890924,0.199104216201139,"SIVA1"
"ENSG00000147044",422.257290967546,0.286312535781398,0.105546707000795,2.71266194765547,0.00667451583307131,0.0160154320135259,0.269371221114721,0.104076812230134,"CASK"
"ENSG00000168385",2438.21303795518,-0.199188589439835,0.0734318173956617,-2.71256515914044,0.00667646538749464,0.0160171908330456,-0.191949245621998,0.0722785506459295,"SEPTIN2"
"ENSG00000146834",564.9438876946,0.245048634532295,0.0903414739055675,2.71247107157495,0.0066783610289556,0.0160188196952504,0.233201332939475,0.0891430943694526,"MEPCE"
"ENSG00000099797",1120.22286778142,0.346222562617017,0.127648356922427,2.7123150737257,0.00668150508211876,0.0160234418781741,0.31835938070435,0.12621656839008,"TECR"
"ENSG00000134287",791.682421002152,0.157316969991573,0.0580035140870683,2.71219722576509,0.00668388112693742,0.01602622089187,0.153922352544513,0.0575268745377564,"ARF3"
"ENSG00000113389",235.101614321304,0.558495414643483,0.205967963904259,2.71156447855692,0.00669665153804032,0.0160539173615875,0.476771857748979,0.209111673543309,"NPR3"
"ENSG00000116898",1005.14501707248,-0.25942029092674,0.095702493512416,-2.71069521185552,0.00671423126415535,0.0160931310438502,-0.245570170381988,0.0937052652009535,"MRPS15"
"ENSG00000214655",1027.76040676228,0.38978682366794,0.143817875430952,2.71028078046586,0.00672262716455826,0.0161103220328675,0.355168182339352,0.142536995860383,"ZSWIM8"
"ENSG00000198917",412.698705811783,0.484093264467134,0.178622789188235,2.71014279122576,0.00672542476034884,0.0161140932474527,0.425974165845503,0.179077608584498,"SPOUT1"
"ENSG00000105171",379.936587545337,0.192838689104585,0.071161599972719,2.70987005883107,0.00673095721906234,0.0161244146190274,0.186875418154317,0.070392893857298,"POP4"
"ENSG00000113300",183.455681322174,-0.298177470145864,0.110048362969075,-2.7095130004765,0.0067382064386118,0.0161388440914613,-0.272134248967628,0.107146036093646,"CNOT6"
"ENSG00000086504",594.195037476625,0.373075455029912,0.137778643967034,2.7077886985096,0.00677331314968465,0.0162199783428061,0.34016051422831,0.136429853615405,"MRPL28"
"ENSG00000104979",541.711653646426,-0.286731180523129,0.105906708002453,-2.70739395012154,0.0067813732972796,0.0162363267561344,-0.268533828526542,0.103466015246601,"C19orf53"
"ENSG00000136710",376.94221864732,-0.172261645182092,0.0636384139603294,-2.70688149596996,0.00679184967139332,0.0162584532315572,-0.168863135053743,0.0629263480229881,"VMA22"
"ENSG00000103254",91.1762095023072,0.759292047377778,0.280627714482276,2.70569159136181,0.00681623164356746,0.0163138530847499,0.60569731015084,0.298473195937212,"ANTKMT"
"ENSG00000153044",18.9372408561158,-0.584182436650915,0.215917184154285,-2.70558565747822,0.0068184061106765,0.0163160913946141,-0.495886081708613,0.211667688648547,"CENPH"
"ENSG00000155592",99.2352663902767,0.290731051296626,0.107463386211642,2.70539633586503,0.00682229380054166,0.0163224277990063,0.271534813462826,0.105598797128431,"ZKSCAN2"
"ENSG00000184371",252.730546287695,0.53450729267165,0.197577210676522,2.70530842520476,0.00682409970937252,0.0163237821172963,0.459959897117112,0.199675739120761,"CSF1"
"ENSG00000105398",11595.8357952883,-0.516556053825548,0.190999210104074,-2.70449314185164,0.0068408681808139,0.0163609210660483,-0.442065614230381,0.184285152102732,"SULT2A1"
"ENSG00000148225",60.897649270326,0.468955324124541,0.173402698961811,2.70442920976577,0.0068421846784238,0.0163610976164416,0.411996891821012,0.172696872881558,"WDR31"
"ENSG00000163825",1623.7251994314,0.425419005659497,0.157310117781717,2.70433339990126,0.00684415803349958,0.016362844501372,0.383947269587,0.156509024419106,"RTP3"
"ENSG00000148834",3755.93010065256,-0.303158087365695,0.112113870985445,-2.70401944648805,0.0068506279824529,0.0163753391461465,-0.282097125149125,0.109291915796439,"GSTO1"
"ENSG00000163156",135.259563251797,-0.357529673750901,0.132257377301897,-2.70328718930201,0.00686573969269421,0.016408482264297,-0.327262901355775,0.12869519392764,"SCNM1"
"ENSG00000176055",133.827126089641,-0.521205666893097,0.192819818325297,-2.70307104020707,0.00687020611817663,0.0164161767244852,-0.45251306633764,0.186915429308426,"MBLAC2"
"ENSG00000131781",6361.27907256679,-0.46861761630242,0.173395167925474,-2.70259905110986,0.00687996820264344,0.0164365199339509,-0.400340024247365,0.166697693735362,"FMO5"
"ENSG00000161091",295.541545579756,0.515712566550926,0.190831929557707,2.70244380878083,0.00688318178053118,0.0164382316928122,0.446797727682934,0.192389518990301,"MFSD12"
"ENSG00000196655",220.82611851122,-0.299828143981832,0.110946038962929,-2.70246821594067,0.00688267645329975,0.0164382316928122,-0.280236525805839,0.10832346989417,"TRAPPC4"
"ENSG00000180801",42.4371690222211,0.590039985011172,0.218460002786771,2.70090624134563,0.00691508293362664,0.0165114221806544,0.498032184174799,0.221550125105571,"ARSJ"
"ENSG00000122642",467.969501031303,0.25865491937958,0.0957804104835839,2.70049917382545,0.00692355089847676,0.0165286439037797,0.245506002239374,0.0944873988925436,"FKBP9"
"ENSG00000166839",12.2236910725662,-0.793936837152202,0.294077984332581,-2.69974931633888,0.00693917409077254,0.0165629380128918,-0.636943538527487,0.290889212814011,"ANKDD1A"
"ENSG00000159885",31.9067292993249,-0.363999082397831,0.134864708706817,-2.69899431725412,0.00695493639421117,0.0165975516705065,-0.333373040574496,0.131463241110346,"ZNF222"
"ENSG00000145029",219.447394814451,0.371303154898367,0.137610195002059,2.69822417512606,0.00697104796909426,0.0166329861473532,0.339218990431853,0.136142235473859,"NICN1"
"ENSG00000170004",191.185616772727,0.541688155337368,0.200775738407355,2.69797615804722,0.00697624368290775,0.0166423671551302,0.464551056809234,0.203102430541041,"CHD3"
"ENSG00000174348",134.557479850776,0.816235993208917,0.302547816584181,2.69787434734902,0.00697837752361403,0.0166444417528809,0.637332971234066,0.328463747914698,"PODN"
"ENSG00000078596",55.4916042847308,-0.663096924994188,0.245815420728134,-2.6975399795099,0.00698538963189017,0.0166581488667752,-0.550915729182925,0.239112693269297,"ITM2A"
"ENSG00000117153",501.825348221951,0.193789762436128,0.0718575248130587,2.69686108643852,0.006999646332949,0.0166891241614644,0.187697784858729,0.0710694516468202,"KLHL12"
"ENSG00000167191",138.933865391558,0.698628115910278,0.25919169318009,2.69541090356188,0.00703018762159383,0.0167589082429666,0.56820729283604,0.271664197198248,"GPRC5B"
"ENSG00000092470",30.4013001926795,0.668309054749148,0.247955992735761,2.69527284811924,0.00703310134009589,0.0167628190158766,0.549425744927342,0.254706543385726,"WDR76"
"ENSG00000084623",1655.02380027485,-0.217135187797898,0.0805671314239627,-2.69508401205553,0.00703708856119772,0.0167662518995167,-0.208570925789938,0.0792090708206393,"EIF3I"
"ENSG00000149292",144.901342612843,0.352098262350708,0.130642892854276,2.69511991550472,0.00703633031358531,0.0167662518995167,0.322851961624555,0.128771266011019,"TTC12"
"ENSG00000065534",2162.20104206644,0.451305911732233,0.167469444625571,2.69485524802011,0.00704192156928838,0.0167747312070293,0.404402677398145,0.167136594311086,"MYLK"
"ENSG00000153310",252.485641810837,-0.385769797365975,0.143216711437909,-2.69360882185333,0.0070683067256302,0.0168345380516728,-0.341679073958628,0.138523810687105,"CYRIB"
"ENSG00000102870",196.963653130943,0.341302931254783,0.126711295317009,2.693547804092,0.00706960066530443,0.0168345744907575,0.314537203234276,0.124994833792524,"ZNF629"
"ENSG00000178449",407.143461198095,-0.48073293177715,0.178487165619097,-2.69337534779988,0.00707325891515429,0.0168402399415771,-0.420643075599936,0.172688173074948,"COX14"
"ENSG00000049239",3806.31219532688,0.382538875787135,0.142085521319994,2.69231426420719,0.00709580470370991,0.0168908632668676,0.347414806298169,0.140635699103421,"H6PD"
"ENSG00000236287",246.767858548249,-0.435318876735991,0.161713518813455,-2.69191394714596,0.00710432734579179,0.0169080936071393,-0.388684933300491,0.156717075158121,"ZBED5"
"ENSG00000136160",547.408781466439,-0.551765442329616,0.204986739789209,-2.69171285370461,0.00710861203769782,0.016915233343273,-0.473008386404102,0.198388230345417,"EDNRB"
"ENSG00000132256",416.694219096305,0.360634737300124,0.134008069682868,2.69114194506025,0.00712078901683926,0.0169411471260762,0.326531250749093,0.132120052230028,"TRIM5"
"ENSG00000122376",997.069685069277,0.30909612733922,0.114872288324289,2.69078062122895,0.00712850540934997,0.0169549069404995,0.284068264612115,0.113429929948442,"SHLD2"
"ENSG00000215421",127.635339985549,0.29979957508542,0.111418569165593,2.69075053943522,0.0071291481712445,0.0169549069404995,0.279913579880768,0.109746920445063,"ZNF407"
"ENSG00000242732",130.488049522271,0.426073472812072,0.158390370730327,2.69002131157012,0.0071447456116906,0.0169889327656707,0.380674215308364,0.157203808809291,"RTL5"
"ENSG00000118200",173.669543627423,-0.450558368675218,0.167533716666416,-2.68935935786792,0.00715893064377456,0.0170195884535818,-0.399712598779064,0.162416510466653,"CAMSAP2"
"ENSG00000085185",92.0802077438319,0.495181438694833,0.184161360933854,2.68884545696146,0.00716996047238907,0.0170427332694484,0.433163567444907,0.184579102350345,"BCORL1"
"ENSG00000164930",66.307189361634,-0.57602168872123,0.214240310445,-2.68867090196411,0.00717371040640651,0.0170485688106044,-0.48977264298247,0.208061459098136,"FZD6"
"ENSG00000165322",501.060019260042,-0.492384906054187,0.183147889263231,-2.68845525894378,0.00717834545784816,0.0170565053777349,-0.429336533952752,0.177043302507583,"ARHGAP12"
"ENSG00000119686",284.957006218853,0.376761680229428,0.14017397211392,2.68781482430441,0.00719212687115656,0.0170861678790414,0.342593879847686,0.1386054905497,"FLVCR2"
"ENSG00000170653",344.86266779637,0.276168363132071,0.102773874208918,2.68714559276687,0.00720655332975186,0.017117351820226,0.260273588708782,0.101431788077121,"ATF7"
"ENSG00000134291",553.403397988616,0.269529422270428,0.100338335029861,2.68620584734853,0.0072268550306539,0.0171624771525233,0.255249938385061,0.0989521001056017,"TMEM106C"
"ENSG00000125841",43.8004561142664,0.56336809373132,0.20979872858645,2.68527887431491,0.00724693107600234,0.0172070504141834,0.477487265799076,0.212302241181197,"NRSN2"
"ENSG00000155438",291.865794598481,-0.271879419966692,0.101255120803294,-2.68509303835473,0.00725096186120479,0.0172115220869434,-0.25519876550628,0.0989902857562452,"NIFK"
"ENSG00000160360",18.9704156987174,0.986097638859997,0.367251909171156,2.68507151150147,0.00725142890902893,0.0172115220869434,0.730393629424207,0.412208325193974,"GPSM1"
"ENSG00000121775",133.404393688363,0.27417480782332,0.102126043276518,2.68467081487687,0.007260127375142,0.0172290621883777,0.258653063567626,0.100548017849448,"TMEM39B"
"ENSG00000168906",2022.03218065329,0.358355282037835,0.133491339496459,2.68448337839429,0.00726419952707816,0.017235619205895,0.328109231368747,0.132040622792388,"MAT2A"
"ENSG00000242247",664.532575001957,-0.296134256521628,0.110355168910138,-2.68346521006886,0.00728635557364327,0.017285073420286,-0.275092754234719,0.107577481810479,"ARFGAP3"
"ENSG00000085365",238.423149172667,-0.760714245319682,0.283621874323465,-2.6821423669604,0.00731523211606948,0.0173504496559486,-0.615693658406579,0.275988757515689,"SCAMP1"
"ENSG00000187688",62.0164567061969,0.510486005412682,0.190388723192046,2.68128278216222,0.007334051118963,0.0173919519150337,0.442258557199884,0.190374654364088,"TRPV2"
"ENSG00000173166",2870.34180340228,-0.461939258515482,0.172305285982048,-2.68093492247017,0.00734167919422537,0.017406905865509,-0.396581566885666,0.165731318472995,"RAPH1"
"ENSG00000163875",452.136547194386,-0.347754390649157,0.129724556616719,-2.68071365760474,0.00734653492540082,0.0174152824681,-0.319373531138716,0.126095315064937,"MEAF6"
"ENSG00000171798",23.5018633723154,-1.37660628267352,0.513548205209913,-2.68057850988074,0.00734950220439984,0.0174191802021833,-1.00682163429841,0.509701309845415,"KNDC1"
"ENSG00000049618",416.130923802643,-0.218840759851096,0.0816445343894812,-2.68040918461397,0.00735322139678076,0.017424858335136,-0.209292807672985,0.0802313618154135,"ARID1B"
"ENSG00000181019",46.3648397027994,0.962819422511801,0.3592389845483,2.68016407997153,0.00735860805759831,0.0174344850974157,0.712532555331693,0.408325079866735,"NQO1"
"ENSG00000107863",718.610463776002,0.340346921759756,0.127017201678391,2.67953408878836,0.00737246961031856,0.0174641840391245,0.310771073172958,0.125375191861251,"ARHGAP21"
"ENSG00000139370",343.881187296146,-0.245744356018225,0.0917343928513464,-2.67886828897912,0.00738714450655385,0.0174957986280425,-0.23267368604225,0.0898741944969468,"SLC15A4"
"ENSG00000181619",11.8029170108403,-0.517801194588192,0.193343338864575,-2.67814343969139,0.00740315069946248,0.0175305543361732,-0.448262111225244,0.189862011817836,"GPR135"
"ENSG00000188153",91.5656076962406,0.878065608175125,0.327961990853327,2.67733954745938,0.00742093870316319,0.0175695160880861,0.668750064971604,0.363219705911832,"COL4A5"
"ENSG00000115760",1738.73163161076,0.425379572949455,0.158928551048036,2.67654597077957,0.00743853604241208,0.0176080125016896,0.383392652034905,0.158009433963676,"BIRC6"
"ENSG00000113761",87.7404105340745,0.278211633805949,0.103967866870946,2.67593865469309,0.00745202837644699,0.0176352767490147,0.260339152524163,0.102262383907178,"ZNF346"
"ENSG00000166743",107.256049812082,1.34146511587423,0.501312313313832,2.6759069750486,0.00745273278380052,0.0176352767490147,0.84978624888165,0.698474338565931,"ACSM1"
"ENSG00000080200",237.006100349613,0.452420547972098,0.169097462302484,2.67550170068669,0.007461749463051,0.0176407601778649,0.399969007469899,0.16854382885892,"CRYBG3"
"ENSG00000084636",59.6198191451557,1.0649788071496,0.398022448417904,2.67567523234626,0.00745788747576209,0.0176407601778649,0.759715740547948,0.472513148094222,"COL16A1"
"ENSG00000125247",344.969289543299,-0.288795997575262,0.107938029052775,-2.675572271512,0.00746017867664968,0.0176407601778649,-0.268167968008434,0.105311962566165,"TMTC4"
"ENSG00000138111",90.983259766015,0.405118666188726,0.151408720111148,2.67566270880126,0.00745816613012706,0.0176407601778649,0.364269349896187,0.149592553333267,"SLC68A1"
"ENSG00000166347",15246.6252298123,-0.227630283403808,0.0850793018047396,-2.6755071865332,0.00746162734681733,0.0176407601778649,-0.21193403911243,0.0833256392361002,"CYB5A"
"ENSG00000160194",547.835369919391,-0.297795252337739,0.111316970322451,-2.67520083842668,0.00746844947302388,0.0176534301188209,-0.276892327095437,0.10854434256959,"NDUFV3"
"ENSG00000143384",3419.57345351385,-0.264687292789322,0.0989768137708003,-2.6742353355833,0.00748998705721211,0.0177011612987354,-0.247794798495451,0.0967145662342103,"MCL1"
"ENSG00000247746",34.9387385259606,-0.430303440579861,0.160968683533149,-2.67321214993503,0.00751287215193362,0.0177520593597197,-0.3837532645579,0.156883038492205,"USP51"
"ENSG00000198218",626.248345178518,0.153329209108619,0.0573602652417872,2.67309100580864,0.00751558587070867,0.0177552850482236,0.155186348290297,0.0567914073730411,"QRICH1"
"ENSG00000041880",471.722345746208,0.428487082646639,0.160332959800053,2.67248283310551,0.00752922267964999,0.0177811203229187,0.38402642209081,0.15948333031834,"PARP3"
"ENSG00000101916",48.0544710277761,0.985220454385155,0.368651760854502,2.67249626612796,0.00752892123700457,0.0177811203229187,0.723875921733842,0.422080780535954,"TLR8"
"ENSG00000170390",16.196877686731,-0.598829613904468,0.224086482709421,-2.67231475394697,0.00753299536125237,0.0177868394774478,-0.50680008186489,0.219307149892583,"DCLK2"
"ENSG00000116273",162.841727035776,-0.318234539021247,0.119090613267592,-2.67220505705338,0.0075354585166223,0.0177894650941096,-0.294850962564679,0.116059244928923,"PHF13"
"ENSG00000106089",14.8227185109428,0.856716931638951,0.320611413861669,2.67213484797703,0.00753703538385802,0.0177899978242873,0.665098537705716,0.338834058789657,"STX1A"
"ENSG00000000460",88.7220010609592,-0.450866936513932,0.168773832149361,-2.67142678916555,0.00755295464170451,0.0178243772741856,-0.398780188200914,0.163563137509251,"FIRRM"
"ENSG00000108771",465.403593508297,0.411586990011162,0.15411523619823,2.67064438380226,0.00757058048554983,0.0178627710883063,0.369293166181073,0.152974616438027,"DHX58"
"ENSG00000048028",297.852598766919,0.326008862674473,0.122091374384973,2.67020388882279,0.0075805200699703,0.0178798149840969,0.301812991507796,0.120392505070456,"USP28"
"ENSG00000157388",97.0856016578471,0.40056377288695,0.150011134395208,2.6702269434991,0.00757999956087209,0.0178798149840969,0.360095628639106,0.148404723189012,"CACNA1D"
"ENSG00000163520",116.951393174814,0.766092174450256,0.28694302298575,2.66984074566016,0.0075887230395919,0.0178959569298347,0.604704843748254,0.306767197001878,"FBLN2"
"ENSG00000166925",184.674834840663,0.532621065494745,0.199546874972018,2.66915262676718,0.00760428865158929,0.0179294527913368,0.456637648383619,0.201538551948426,"TSC22D4"
"ENSG00000147533",642.383884155643,-0.232181254087178,0.0870332337014171,-2.66773098289921,0.00763653766543722,0.0180022658734371,-0.223405888754648,0.0854626555213261,"GOLGA7"
"ENSG00000137770",235.358389572715,-0.511742619005572,0.191876431101107,-2.6670426173182,0.0076521967723945,0.0180359510750709,-0.443066959653026,0.18559746380228,"CTDSPL2"
"ENSG00000167740",638.661250472965,-0.250423699159228,0.0939165852973979,-2.6664480865252,0.0076657444598142,0.018064648569521,-0.239785352170521,0.0920245522608107,"CYB5D2"
"ENSG00000134905",540.424237583714,0.316238813048026,0.118605291127858,2.66631286041967,0.00766882888239697,0.0180686830826125,0.294429494188598,0.116980376705856,"CARS2"
"ENSG00000111897",4343.33893409803,-0.434691075312007,0.163065452275596,-2.66574598877841,0.00768177097741649,0.0180936371743036,-0.37216094803624,0.156811223633225,"SERINC1"
"ENSG00000125503",483.060403247539,0.555074492353755,0.208226184478734,2.6657285861685,0.00768216860127277,0.0180936371743036,0.472938517762157,0.211461216727988,"PPP1R12C"
"ENSG00000111875",240.898511413985,-0.369998719542393,0.138808696471709,-2.66552981871566,0.00768671145185985,0.0181010987256639,-0.339103747421016,0.134931154255643,"ASF1A"
"ENSG00000164466",2264.46577184298,-0.256593084842352,0.0963045350665724,-2.66439254044451,0.00771275039257146,0.0181591687533254,-0.242832862123488,0.0942298708263849,"SFXN1"
"ENSG00000145362",32.4291505809785,-0.569624735939284,0.213835590222596,-2.66384438318394,0.00772532912332307,0.0181855324937728,-0.485185984749138,0.207903416762997,"ANK2"
"ENSG00000186767",19.6896776033464,-0.57867161097207,0.217270893297153,-2.6633646237218,0.00773635339202399,0.0182082282372878,-0.489351506494717,0.212301596616636,"SPIN4"
"ENSG00000166004",131.947123689751,-0.38563194646277,0.144828958483052,-2.66267154374308,0.00775230439187865,0.0182425093160812,-0.348945564289795,0.140570992898884,"CEP295"
"ENSG00000129007",85.3281250281263,0.347031417652558,0.130368496221181,2.66192698168269,0.0077694730636259,0.0182796430228196,0.3183238170201,0.128533674372268,"CALML4"
"ENSG00000065054",2176.11660181464,0.605956969939505,0.227722038342974,2.6609500527431,0.00779205150015507,0.0183294890210902,0.507968189917755,0.233951873454861,"NHERF2"
"ENSG00000171219",22.6548046509231,0.71854676127466,0.27010093411316,2.66028980474989,0.00780734419214984,0.0183605193759743,0.57718272791387,0.280190016418219,"CDC42BPG"
"ENSG00000213853",1008.33405369611,-0.339804791775614,0.127733670311771,-2.66026014085575,0.00780803189929212,0.0183605193759743,-0.304270251932133,0.123704291120984,"EMP2"
"ENSG00000104218",166.502613645172,-0.315560198625761,0.118692575881619,-2.65863468108141,0.00784579849659884,0.0184460326796822,-0.292579717563197,0.115661515604286,"CSPP1"
"ENSG00000185340",111.975926275355,0.574145743697469,0.215960140444546,2.65857274641334,0.00784724074297799,0.0184461295522314,0.484149052739404,0.219623808914533,"GAS2L1"
"ENSG00000183048",370.013882349072,0.695777050562816,0.261783291591871,2.6578359769712,0.00786441580725597,0.0184832021632153,0.561767205467717,0.275099827333126,"SLC25A10"
"ENSG00000211452",3635.6492953986,0.320576829559208,0.120646067744913,2.65716766034196,0.00788002426388845,0.0185165803066849,0.297016887835302,0.11907223146901,"DIO1"
"ENSG00000166348",61.2853194753038,0.425821802805281,0.160278254704902,2.65676590744818,0.00788942050427372,0.0185353515987273,-1.18644777567974,0.148009860649632,"USP54"
"ENSG00000172366",686.059814300355,0.632102810795743,0.237931247645596,2.65666160729453,0.00789186152795048,0.0185377785685987,0.525157179312002,0.245877882973837,"MCRIP2"
"ENSG00000070269",272.985449093222,-0.278700862006607,0.104921177078716,-2.65628798462215,0.007900611284723,0.0185550210800327,-0.261786048750275,0.102513530853845,"TMEM260"
"ENSG00000090054",315.581353763153,0.356973250063454,0.134396939522164,2.65611145114345,0.00790474849090189,0.0185614265438228,0.324302480623612,0.132811633092408,"SPTLC1"
"ENSG00000108588",1543.78896301153,0.367803285018625,0.138477670522844,2.65604760413665,0.00790624527537496,0.0185616307588421,0.335292512321872,0.136999747393898,"CCDC47"
"ENSG00000122254",12.1762270599518,1.21464504456861,0.457483203272259,2.65505932432179,0.0079294462123342,0.0186127810361191,0.826992119597021,0.555054974844526,"HS3ST2"
"ENSG00000185201",2306.10705109422,-0.4365078779913,0.164411656180023,-2.65496916783896,0.00793156576526464,0.0186144375874286,-0.380394243468302,0.158481164542288,"IFITM2"
"ENSG00000168734",405.326660201329,-0.268182426358146,0.101028175944472,-2.65453101425435,0.00794187385678656,0.01863530764542,-0.252690359404222,0.0987855497322179,"PKIG"
"ENSG00000142599",512.174615626125,-0.418931678486269,0.157823411026185,-2.65443305123322,0.00794418019549126,0.0186373978000424,-0.371427001247467,0.152556050250592,"RERE"
"ENSG00000129245",405.275451872317,0.266275725599977,0.100340332770982,2.65372575759468,0.00796084978281551,0.0186707839000062,0.259975108115659,0.0987427926014841,"FXR2"
"ENSG00000130311",244.561835958044,0.324444029817625,0.122260594787247,2.65370891072637,0.00796124721362865,0.0186707839000062,0.305188793142634,0.120461838071981,"DDA1"
"ENSG00000068912",699.744975592713,-0.335666780183181,0.126526077352265,-2.65294544182098,0.00797927670162154,0.0187097341146125,-0.321854249421327,0.123455695016923,"ERLEC1"
"ENSG00000091073",74.3038075908958,0.64443668634562,0.242930600778518,2.65276043561576,0.00798365116416476,0.0187166579820857,0.529431185295058,0.25054707080462,"DTX2"
"ENSG00000124535",467.482812404141,-0.159073723490922,0.0599895195028416,-2.65169190900732,0.00800895846885346,0.0187726450420019,-0.154707616445439,0.0593422405859665,"WRNIP1"
"ENSG00000140265",232.836161680765,0.200049124662148,0.0754791122325341,2.65039053514357,0.00803987759915151,0.0188417637006815,0.193121835517548,0.0744774198040907,"ZSCAN29"
"ENSG00000100448",15.7694912560093,1.21733722944972,0.459429809501031,2.64966966503942,0.00805705059210102,0.0188752896967263,0.821693653558517,0.567871533286161,"CTSG"
"ENSG00000181856",80.3964355045719,0.826614046827578,0.311962482712971,2.64972261933216,0.00805578796700213,0.0188752896967263,0.636286068817442,0.33932769270221,"SLC2A4"
"ENSG00000162627",216.612412384522,0.308860429795956,0.116575770633547,2.64943931416805,0.00806254506598164,0.0188848013411696,0.287254948972969,0.114837631238298,"SNX7"
"ENSG00000105755",500.637800098139,0.354732308913204,0.133932322507585,2.64859372458887,0.00808274337073017,0.0189287440802265,0.332316531860788,0.13223434650337,"ETHE1"
"ENSG00000185437",73.3553509537752,-0.363571471348745,0.137294630758847,-2.64811135977593,0.00809428573149984,0.0189524036885874,-0.33129197546731,0.133540803239458,"SH3BGR"
"ENSG00000116062",545.355815165137,0.304900861216937,0.115142744421998,2.64802496021353,0.00809635471778534,0.0189538773496376,0.284957159367422,0.113494927823088,"MSH6"
"ENSG00000108947",38.5143509260285,0.520860373437847,0.196714834916496,2.64779407033002,0.00810188609684472,0.018963454640188,0.447600800310377,0.196544568840456,"EFNB3"
"ENSG00000117505",405.082509387706,-0.306107412336217,0.115629666775775,-2.6473086092154,0.00811352721907334,0.0189873265848417,-0.285101216299126,0.112665241719183,"DR1"
"ENSG00000188167",14.6937100133254,0.923070145135462,0.348694868322679,2.64721459646278,0.00811578332907478,0.0189892310841654,0.692424081358343,0.380367639710828,"TMPPE"
"ENSG00000175274",193.808339489802,0.55914371132153,0.211240577245427,2.64695220308878,0.00812208319409063,0.0190005947642852,0.473337519263401,0.214408553435445,"TP53I11"
"ENSG00000170743",149.077876229829,0.449305900689522,0.169765870630323,2.6466208963044,0.0081300438702599,0.019015838975989,0.396523386258873,0.168938374847032,"SYT9"
"ENSG00000174010",218.920483021509,-0.556348601115839,0.210243543178498,-2.64621016514878,0.00813992265978756,0.0190355633639011,-0.475563217056887,0.203338860044416,"KLHL15"
"ENSG00000156869",512.080246282271,0.625050504122847,0.236255106588297,2.64565923314442,0.00815319039155871,0.0190632045276615,0.519847238166277,0.243691669555129,"FRRS1"
"ENSG00000131876",343.603988158689,-0.294786061383159,0.111436656675462,-2.64532399102449,0.00816127327570364,0.0190787151896154,-0.274538844209688,0.108633655567128,"SNRPA1"
"ENSG00000197121",77.6348147955774,-0.649400405893562,0.245533874926385,-2.64485055713091,0.00817270026055169,0.0191020365046021,-0.536800343834846,0.238115665306049,"PGAP1"
"ENSG00000171953",186.784604637693,0.310248786825758,0.117347449370308,2.64384772306997,0.00819695235645466,0.0191553203274906,0.294964341021945,0.115608494528512,"ATPAF2"
"ENSG00000161714",27.1592188372369,0.650840562949333,0.246179669509747,2.64376243678224,0.00819901785099994,0.0191567469434366,0.53331015263973,0.251948482533261,"PLCD3"
"ENSG00000166816",1976.40727978314,0.397006586209358,0.150187324275821,2.64340940970658,0.00820757254524878,0.0191733321736596,0.354071862670928,0.148848523130086,"LDHD"
"ENSG00000108395",213.43972995777,0.313466260832182,0.118592828712265,2.64321430086407,0.00821230392775429,0.0191809816414428,0.291177845040188,0.116866696939115,"TRIM37"
"ENSG00000085831",12.092106148074,0.78993664903428,0.298919883573286,2.64263668107783,0.00822632549971553,0.0192103230807475,0.61971926949502,0.310513631196838,"TTC39A"
"ENSG00000065243",556.3910686442,-0.520935853685279,0.197240126167166,-2.64112512909149,0.00826311947312739,0.0192928233699584,-0.445261823126192,0.190202131383701,"PKN2"
"ENSG00000166444",561.083632529109,0.369292563120316,0.139869960871036,2.64025642690223,0.00828433186014007,0.0193389207926603,0.341154493502728,0.138259167834836,"DENND2B"
"ENSG00000171806",78.4125494079021,-0.368649119589029,0.139653956109451,-2.63973273553459,0.00829714313381164,0.0193653938131119,-0.335121759620073,0.135784756231801,"METTL18"
"ENSG00000105722",271.494576599078,0.425744777470111,0.161295774453467,2.63952840000117,0.00830214668203252,0.0193736375781,0.378564984419756,0.160329445910287,"ERF"
"ENSG00000127995",196.199018638121,-0.677278124746913,0.256623015088558,-2.63919479129022,0.0083103215342631,0.0193890839271603,-0.555518843376639,0.248707783505625,"CASD1"
"ENSG00000134365",1565.90909599437,-0.635234753647914,0.240697806378203,-2.63913810934274,0.00831171120195146,0.0193890839271603,-0.520756771770811,0.231980293180872,"CFHR4"
"ENSG00000198121",26.4066978470682,-0.658528792308533,0.249625486590307,-2.6380671353055,0.00833800730779857,0.019446980374575,-0.542804087842729,0.2431248021336,"LPAR1"
"ENSG00000183486",69.7648604846354,-0.640247117901415,0.24276821372622,-2.63727737694462,0.00835744624959443,0.0194888659798371,-0.53058088335714,0.235407635336758,"MX2"
"ENSG00000070756",5157.02325391461,-0.208459941783249,0.0790846806584975,-2.63590799188301,0.00839124810445592,0.0195642239318694,-0.200196864740206,0.0777514148652095,"PABPC1"
"ENSG00000145216",266.662764116647,0.164037804981384,0.0622542143611151,2.6349670727488,0.00841454454478187,0.01961506612546,0.158730171015437,0.0616680066965173,"FIP1L1"
"ENSG00000253352",1209.61517939037,-0.34027872779032,0.129151129540483,-2.6347328823296,0.00842035190432863,0.0196251289028838,-0.31186841726525,0.125366005867275,"TUG1"
"ENSG00000166436",324.823137802625,0.615667768159859,0.233686215908083,2.63459171422427,0.00842385426548055,0.0196298168600561,0.509807745671429,0.24045842810958,"TRIM66"
"ENSG00000131747",49.0089451336056,0.911953562966295,0.346166707481834,2.63443463295543,0.00842775296144812,0.0196335655918883,0.678742906529111,0.386627133812795,"TOP2A"
"ENSG00000204406",99.2701188870849,0.2991342605187,0.113549003682188,2.63440673910223,0.00842844544473286,0.0196335655918883,0.27837915522718,0.111714393635231,"MBD5"
"ENSG00000173599",2710.12449044576,0.418677867059062,0.159008212375188,2.63305813457716,0.00846198620670598,0.0197082098704212,0.370195189650423,0.157943997179116,"PC"
"ENSG00000001617",85.7213890559814,0.50007744701414,0.18998937869397,2.6321337037459,0.00848504636668448,0.019758422437879,0.432061589335854,0.190154390260867,"SEMA3F"
"ENSG00000112367",167.933339214045,0.234109097089846,0.0889451288659115,2.63206203729015,0.0084868364494295,0.0197590961438,0.219456596736705,0.0876867262974212,"FIG4"
"ENSG00000168071",74.2442313985006,0.769292550833672,0.292314622483465,2.63172791117279,0.00849518670057587,0.0197750403288158,0.602308397105362,0.312180265849317,"CCDC88B"
"ENSG00000187676",128.090598329745,-0.402406018759657,0.152924956824892,-2.63139534000611,0.0085035053860989,0.0197909054115924,-0.359392137622966,0.14805199055652,"B3GLCT"
"ENSG00000112972",11686.2068413186,1.18404048467788,0.449997822293851,2.63121381041861,0.00850804910323116,0.0197979806456595,0.787705140335514,0.578944588554486,"HMGCS1"
"ENSG00000011028",142.911942899489,0.63312067862789,0.24069864273567,2.630345860833,0.00852980405052208,0.0198450963295942,0.520185090905523,0.24834347577188,"MRC2"
"ENSG00000125266",113.328202431972,-0.549339099371557,0.208896710451778,-2.62971637123202,0.00854561315873735,0.0198783644607661,-0.467850130843724,0.202026675274407,"EFNB2"
"ENSG00000109790",674.557064482499,0.506786744178669,0.192723122419438,2.62961048895685,0.00854827487636137,0.0198810434591369,0.438825065765825,0.193903474535814,"KLHL5"
"ENSG00000162711",20.2806477892089,-0.663999781086156,0.252519645760081,-2.62949751528252,0.00855111567819032,0.0198841379404899,-0.544877044926597,0.247307369914868,"NLRP3"
"ENSG00000007047",213.781749892266,0.499502730121766,0.190000223811862,2.6289586406823,0.00856467767415965,0.019912157206072,0.431472845498402,0.190844813168406,"MARK4"
"ENSG00000177732",121.014489423136,0.557109084323939,0.211937041237581,2.62865368446575,0.00857236110340685,0.0199265018162879,0.470586885288093,0.21503577720047,"SOX12"
"ENSG00000144645",44.2561141365227,-0.457912559433782,0.174270785899324,-2.62759220985161,0.00859915323314127,0.0199852518036254,-0.401682016473651,0.169007226950877,"OSBPL10"
"ENSG00000144747",335.628478113635,-0.345583098823879,0.131527357103209,-2.62746174206709,0.00860245146320808,0.0199893886277087,-0.317093951461199,0.12776693289021,"TMF1"
"ENSG00000164061",26.8063527732051,0.692383831490899,0.263597252901789,2.62667316851313,0.00862241071487199,0.0200322321284638,0.557078181342721,0.2727548604019,"BSN"
"ENSG00000164949",45.1315347401108,-0.865408059509121,0.32950731538059,-2.62636979245681,0.00863010035720819,0.0200465598629151,-0.674317838053504,0.322013262226417,"GEM"
"ENSG00000029363",1003.35583285578,-0.435660849763708,0.165910826329556,-2.6258735454571,0.00864269189499159,0.0200722669764437,-0.387288080521293,0.160332514152015,"BCLAF1"
"ENSG00000177106",1209.04908316642,0.585680007995923,0.22308394391099,2.625379477017,0.00865524446554222,0.020097874538506,0.493291738663022,0.228040342924162,"EPS8L2"
"ENSG00000178074",159.65754733345,-0.593106928524256,0.225926347171494,-2.62522249374503,0.00865923627758229,0.0201035981009784,-0.498870706546825,0.218508062440323,"C2orf69"
"ENSG00000185112",26.7506778922347,-0.559708730331541,0.213245082472562,-2.62472045705232,0.00867201324712647,0.0201297119907735,-0.476031160218424,0.207181153721531,"FAM43A"
"ENSG00000117707",2357.00322917961,-0.485539577082216,0.185026177161486,-2.62416693967822,0.00868611994203269,0.0201589027246258,-0.419271768955025,0.178393164400005,"PROX1"
"ENSG00000111639",1142.40210601665,-0.264302287289142,0.100735135019422,-2.62373487897925,0.00869714549516828,0.0201809336604486,-0.250075367436238,0.0984810465310714,"MRPL51"
"ENSG00000179041",44.4330843994776,0.589785751578693,0.224818453935585,2.62338674274345,0.00870603851693689,0.0201980093592936,0.487413144353628,0.227883361899961,"RRS1"
"ENSG00000102221",235.745465385874,-0.302654324979533,0.11537506969326,-2.62322116713931,0.00871027094038083,0.0202042683581843,-0.280657055903496,0.112360423972416,"JADE3"
"ENSG00000167977",210.654016125065,0.215166812835329,0.0820330415855473,2.62292862335166,0.00871775340380177,0.0202180625884189,0.206553900110771,0.0809214151017072,"KCTD5"
"ENSG00000104660",332.240219585967,-0.314614881924871,0.119997260583032,-2.62185053555596,0.00874537753114752,0.020278555930801,-0.289823155342548,0.116705309819735,"LEPROTL1"
"ENSG00000166783",791.409268361721,-0.219845363823766,0.083863181331649,-2.62147655661137,0.00875497834916591,0.020297243343039,-0.21215039812929,0.0823873760384011,"MARF1"
"ENSG00000204344",106.340674095169,0.540860604869351,0.206349436897838,2.62109077204376,0.00876489210982871,0.020316649563029,0.459475364205758,0.208238911727517,"WHR1"
"ENSG00000151575",12.4168460209999,-0.731059640264363,0.27892814688436,-2.62096044601569,0.00876824344977244,0.0203208402146988,-0.586570098935619,0.274614849200427,"TEX9"
"ENSG00000132840",8225.78309159808,0.230678288841756,0.0880215465955263,2.62070251846132,0.00877487944453419,0.0203326404024529,0.227597964077905,0.0866985766988812,"BHMT2"
"ENSG00000077348",132.939689592807,0.359930563291757,0.137346336667866,2.62060548554817,0.00877737708177742,0.0203348489633436,0.32651235721317,0.135567199444469,"EXOSC5"
"ENSG00000198746",137.830835654042,0.295677880975212,0.112874179961661,2.61953514147914,0.00880497002718954,0.0203951856752248,0.275815244774643,0.111071638686408,"GPATCH3"
"ENSG00000136213",39.7702571787262,-0.436194358496392,0.166535456916527,-2.61922816061343,0.00881289813164473,0.0204099589799885,-0.384680126534171,0.161688184050788,"CHST12"
"ENSG00000260001",10.276910752651,1.03317369263629,0.394569547444324,2.61848310222693,0.00883216658004388,0.0204509857884027,0.742865364601094,0.441223933908771,"TGFBR3L"
"ENSG00000135678",877.372661897433,0.325784050409932,0.124445625086627,2.61788271128979,0.00884772106274382,0.0204833999493732,0.323090946986365,0.122324518894029,"CPM"
"ENSG00000139899",220.328417101347,1.07811119337889,0.411839235652712,2.61779621766786,0.00884996389079996,0.0204849902577835,-0.105507743524638,0.279095664206674,"CBLN3"
"ENSG00000093010",2061.31266818952,0.431035298004539,0.16466623910552,2.61763006397641,0.00885427377407927,0.0204892275444103,0.381800802393827,0.163890272254557,"COMT"
"ENSG00000124164",993.728428638417,0.173588148967997,0.0663156225501527,2.61760566051713,0.00885490693663182,0.0204892275444103,0.167851987523429,0.0656199855457133,"VAPB"
"ENSG00000138640",2098.47397793494,-0.367169033572707,0.140283025794879,-2.61734469649649,0.00886168033580734,0.0205012973644771,-0.328336006058948,0.135597208010564,"FAM13A"
"ENSG00000079134",372.199826420016,-0.45071530747615,0.172270792039979,-2.61631877429083,0.00888835333901415,0.020559392140102,-0.395443812783049,0.166353069498105,"THOC1"
"ENSG00000176903",62.3640653164303,-0.380462148494343,0.145514288797998,-2.61460336051601,0.0089331127025808,0.0206592941932511,-0.343565255715683,0.141406524942398,"PNMA1"
"ENSG00000213203",69.0448094593386,-0.398561352361874,0.152442070450322,-2.6145102279476,0.00893554851167748,0.0206612981567871,-0.359078900337734,0.148005220527722,"GIMAP1"
"ENSG00000176386",138.873918930241,0.278036563211199,0.106348825859933,2.61438300764494,0.00893887681726824,0.0206653647368136,0.26106902194791,0.104643186925574,"CDC26"
"ENSG00000127951",539.871303362962,-0.720651572626487,0.275659903430229,-2.61427782444568,0.00894162942980097,0.0206680992051895,-0.576377656041619,0.266425770605964,"FGL2"
"ENSG00000204922",146.62513407274,0.60115996140016,0.229996792051569,2.61377541850832,0.00895478768788742,0.0206948805860498,0.498862398410764,0.235545251063388,"UQCC3"
"ENSG00000120458",92.5013309112257,-0.595031158684751,0.227782499572658,-2.61227776409991,0.00899411466185937,0.020782118925595,-0.498412857852679,0.220324942085093,"MSANTD2"
"ENSG00000113721",481.10872597281,0.485281862346748,0.185803389250907,2.61180306938012,0.00900661184206019,0.0208073436589866,0.420644693878063,0.186264275415607,"PDGFRB"
"ENSG00000132530",828.557789131496,-0.629993824778601,0.241229898105644,-2.61159097494085,0.00901220061433501,0.0208166023312868,-0.521220069949829,0.232989371777098,"XAF1"
"ENSG00000171466",210.749214774189,0.230945091907141,0.0884597155779882,2.61073744583244,0.00903472276285231,0.0208649640231036,0.220527819133591,0.0871268357051516,"ZNF562"
"ENSG00000128595",1071.29125862655,0.347979999148686,0.133312497457615,2.61025789618354,0.00904739872036383,0.020886910670228,0.318925902552284,0.131584742020736,"CALU"
"ENSG00000185920",73.4866000169818,-0.444684349584657,0.170356997950132,-2.61030867493232,0.00904605573211379,0.020886910670228,-0.392120996973175,0.16497439350657,"PTCH1"
"ENSG00000128335",1161.96542701434,0.330668117025864,0.126695881523663,2.60993580098423,0.00905592158956519,0.0209029213969522,0.304274050506946,0.124966381412237,"APOL2"
"ENSG00000164535",241.720074367717,0.308015593859505,0.11806691682261,2.60882220141552,0.00908544349260682,0.0209673880847785,0.286102843910145,0.116289645364072,"DAGLB"
"ENSG00000164488",68.3252849283686,0.927691271444262,0.355638092444427,2.60852617071448,0.0090933058094968,0.0209818549400341,0.680036238790792,0.401892955183406,"DACT2"
"ENSG00000102893",970.366238566777,0.245035447277264,0.0939767113327772,2.60740606690927,0.00912310978990747,0.0210449434245591,0.232722792135173,0.0926493701647827,"PHKB"
"ENSG00000173171",177.483989266833,0.260367770682476,0.0998580647899693,2.60737849496789,0.00912384452889132,0.0210449434245591,0.24584941673605,0.0984489426264106,"MTX1"
"ENSG00000254999",1425.37448461458,-0.243309426405598,0.0933193500630851,-2.60727733574138,0.00912654067934089,0.0210474749665795,-0.233407124642635,0.0914080508124232,"BRK1"
"ENSG00000152213",15.5573750940042,-0.652205361061002,0.250173540848932,-2.60701175211346,0.00913362254300021,0.0210601181087812,-0.534795105018862,0.245219924209021,"ARL11"
"ENSG00000163939",513.375371434315,-0.280748554028078,0.107745750427802,-2.60565779080263,0.00916980261602972,0.0211398391249601,-0.262214257618695,0.105075235986541,"PBRM1"
"ENSG00000091317",2520.80192860891,-0.409398707833239,0.157164495578366,-2.60490581111625,0.00918995195461505,0.0211825818337643,-0.364507256953263,0.151887869485934,"CMTM6"
"ENSG00000198879",51.5972781284521,-0.460433599275796,0.176837468886381,-2.60371063991889,0.00922205795820137,0.0212528645331138,-0.402531654943126,0.171220878234808,"SFMBT2"
"ENSG00000044012",28.3185599742594,0.91404308922523,0.351074568970212,2.60355824663217,0.00922615890177735,0.0212585943473575,0.670010209202471,0.389551719356426,"GUCA2B"
"ENSG00000084674",154965.39657224,0.494289525866112,0.189900414679937,2.60288808057213,0.00924421256961038,0.0212964659127717,0.426952333168204,0.19078276470954,"APOB"
"ENSG00000135697",19.7401091125663,0.81492585734442,0.313173838834182,2.60215176458562,0.00926408459851229,0.0213380909369455,0.623179194375018,0.33231534545134,"BCO1"
"ENSG00000184432",2170.92340508035,0.281383194786268,0.108137024538823,2.60209855030038,0.00926552224567198,0.0213380909369455,0.263348787656805,0.10658874868265,"COPB2"
"ENSG00000112335",1650.86415113706,-0.432700786743699,0.166312584649763,-2.60173207971556,0.00927542829174124,0.0213571683961289,-0.382397071360031,0.160622497068997,"SNX3"
"ENSG00000154065",84.5857467306392,0.757218927522205,0.291127121334314,2.60099067394226,0.00929549809481391,0.0213996376842665,0.590872111474264,0.310337867708854,"ANKRD29"
"ENSG00000136450",1415.13483152589,-0.206371929279609,0.0793484180070705,-2.60083230974082,0.00929979002179568,0.0214057754242941,-0.201783469530031,0.0780916522465396,"SRSF1"
"ENSG00000124191",24.5423548394249,-0.599695283892711,0.230598579316942,-2.60060268224147,0.00930601644062643,0.0214163629535549,-0.501192061069159,0.224439026832776,"TOX2"
"ENSG00000082898",1463.61984220076,-0.407675750943408,0.156780968126698,-2.60028851597572,0.00931454117930042,0.0214291105583253,-0.363608017202533,0.15150189058305,"XPO1"
"ENSG00000163545",47.2406848245328,0.490627082917928,0.188682507474356,2.60027858165182,0.0093148108556354,0.0214291105583253,0.423754699929194,0.1876085406886,"NUAK2"
"ENSG00000092094",391.928133748072,-0.282171888091933,0.108528036632934,-2.59999071987547,0.00932262815377102,0.0214433477065949,-0.265132014367005,0.105923033277809,"OSGEP"
"ENSG00000125734",644.385257308366,0.262274350778153,0.100887596955079,2.59966892555616,0.00933137386731963,0.0214559672261841,0.248117149659936,0.0994515320825895,"GPR108"
"ENSG00000178163",84.0463940829813,-0.507353482732963,0.195158336042075,-2.59970182684679,0.00933047934148438,0.0214559672261841,-0.436629359780331,0.188586277968418,"ZNF518B"
"ENSG00000149923",818.142559459642,0.254993606902132,0.0980988807490407,2.59935286677188,0.00933997082552952,0.0214719846147934,0.241401837827949,0.0966972442041729,"PPP4C"
"ENSG00000085840",13.7340679608731,0.808350193183721,0.311036125838796,2.59889487436155,0.00935244098892917,0.0214951963322352,0.625229004666816,0.325142950851337,"ORC1"
"ENSG00000089693",3142.44434128786,0.219353225142387,0.0844035632598866,2.59886214124607,0.00935333281082905,0.0214951963322352,0.210471256505414,0.0833057584151754,"MLF2"
"ENSG00000121351",12.3693029809657,-1.0414854945895,0.400791468927179,-2.59857201396353,0.00936124071806474,0.021509615234562,-0.78038267895561,0.398353128780013,"IAPP"
"ENSG00000147180",13.0850077578552,-0.733884970711237,0.282517077861826,-2.59766586949539,0.00938597763094969,0.0215591428388539,-0.587950059921521,0.277706680633405,"ZNF711"
"ENSG00000198189",1896.78841236312,-0.487727497016136,0.187756301551286,-2.59766246451607,0.00938607069362832,0.0215591428388539,-0.415277307716106,0.180468601628811,"HSD17B11"
"ENSG00000166446",88.8209734200351,-0.367564224777616,0.141535171837744,-2.59698151353497,0.00940469855389482,0.021598161723457,-0.333001325710754,0.13723736259847,"CDYL2"
"ENSG00000116005",4309.63787226491,0.47040549534342,0.181145519077859,2.5968376018246,0.00940863957169963,0.0216034441229504,0.411240775506523,0.181213011146862,"PCYOX1"
"ENSG00000168476",95.1892912317732,0.543244247199515,0.209285475293895,2.59570926475738,0.00943959013773154,0.0216707312560372,0.459341303396605,0.211340474048698,"REEP4"
"ENSG00000182919",3097.2223737483,-0.359207719576912,0.13838943327228,-2.59562967405303,0.00944177675551339,0.0216719722390323,-0.318618617636632,0.133543225177168,"BKGD"
"ENSG00000104894",59.9698754461289,0.586384801184365,0.225943392457485,2.5952730673224,0.0094515794603239,0.0216906911582054,0.487146048587951,0.229587294931109,"CD37"
"ENSG00000235568",84.5924529093817,0.828884909985274,0.319399573378483,2.59513468104436,0.00945538598254254,0.0216956451457224,0.628243781104813,0.348654559776999,"NFAM1"
"ENSG00000185187",1442.99782130003,0.594052912797606,0.228930877614208,2.59490077960868,0.00946182290123459,0.02170663187274,0.493957879216827,0.234645211809528,"SIGIRR"
"ENSG00000171503",3530.31324006962,0.364727900431762,0.140597953207697,2.59411955942894,0.00948335025325577,0.0217522281244539,0.329462615379204,0.138891827058573,"ETFDH"
"ENSG00000166126",610.991637526827,1.10081256546731,0.424466057006321,2.59340540261601,0.00950306780970663,0.0217925652334895,0.748859598917157,0.524444692795045,"AMN"
"ENSG00000166415",1370.70367843404,-0.500267137828755,0.192902877667095,-2.59336275269101,0.00950424651152184,0.0217925652334895,-0.430778208750359,0.185989666390667,"WDR72"
"ENSG00000120885",71647.0735737116,0.285276696649573,0.110029474304165,2.59272979766271,0.00952175461140958,0.0218252936803945,0.266958632295054,0.108432539257214,"CLU"
"ENSG00000182199",4504.66559585801,0.227331513385998,0.0876804709666659,2.59272687383744,0.00952183555371305,0.0218252936803945,0.217465342926425,0.0864993362554368,"SHMT2"
"ENSG00000113812",177.409594437776,0.288635799536457,0.111344051921193,2.59228754977182,0.00953400464459872,0.021849382967935,0.269654627776596,0.109571369611717,"ACTR8"
"ENSG00000101460",494.801687370052,0.465646608335398,0.179635141249039,2.59217993259929,0.00953698770870753,0.021852415623537,0.406226473265534,0.179594153745993,"MAP1LC3A"
"ENSG00000198589",858.67287424492,0.459728984449065,0.177376599729599,2.59182431701756,0.0095468510155386,0.0218712094084881,0.400418640480538,0.177104699413923,"LRBA"
"ENSG00000130590",34.6098681065152,0.531910723372985,0.205262776063308,2.59136475484931,0.00955961084364311,0.02189663123998,0.451878655453572,0.20536237633075,"SAMD10"
"ENSG00000140443",67.1299223395744,-0.444528400323787,0.171572932288036,-2.59090052490048,0.00957251571066592,0.0219223763866111,-0.391350952523639,0.165909638331879,"IGF1R"
"ENSG00000135823",127.501150487445,-0.23085219582692,0.0891168671190992,-2.59044335028519,0.00958523962907165,0.0219476982532795,-0.220000403920503,0.0874240624637409,"STX6"
"ENSG00000116478",755.71682769059,-0.173178240784505,0.066865629346097,-2.58994407856588,0.00959915240351459,0.0219757330107239,-0.167543558727516,0.0659635755912048,"HDAC1"
"ENSG00000174485",434.09653517262,-0.355807750986212,0.137406873448018,-2.58944652518287,0.00961303520375722,0.0220036894111035,-0.323517513326042,0.133177784411289,"DENND4A"
"ENSG00000168509",3857.63224163216,-0.263253171305103,0.101723210821177,-2.58793611782354,0.00965528850463773,0.0220965632630037,-0.24114887976187,0.0990267838689714,"HJV"
"ENSG00000112419",212.98245178462,-0.472294373555397,0.18260555372183,-2.58641845184436,0.00969791154394376,0.0221902508494201,-0.411193505084724,0.176257034487044,"PHACTR2"
"ENSG00000119862",165.792635153311,-0.335984888563392,0.129926069097052,-2.58596978187971,0.00971054433959799,0.0222114362013807,-0.307474196157547,0.126197504016719,"LGALSL"
"ENSG00000152242",208.645339481974,-0.286782858323566,0.110897445169843,-2.58601862183885,0.00970916848583846,0.0222114362013807,-0.267949340641839,0.108124838385401,"ARK2N"
"ENSG00000170175",263.601349690376,0.244592545627131,0.0945975519721396,2.58561178939564,0.00972063452971317,0.022230653850652,0.232197193287083,0.0931990600918542,"CHRNB1"
"ENSG00000205356",191.507962561349,0.455986710019241,0.176369013439327,2.58541282919919,0.00972624635759917,0.0222396247905784,0.398699142736717,0.175768593128917,"TECPR1"
"ENSG00000125971",706.803486954881,-0.286304357884515,0.110754543230692,-2.58503488464728,0.00973691453230459,0.0222601522369026,-0.265822940864035,0.107875872267126,"DYNLRB1"
"ENSG00000189164",60.0544369046002,-0.280822321502695,0.108682129335275,-2.58388681948237,0.00976938475194391,0.0223305068826551,-0.262706097068551,0.106268684602579,"ZNF527"
"ENSG00000107745",1910.88862172833,-0.164962502240821,0.0638635293028908,-2.58304706992375,0.00979319608841952,0.0223810483770407,-0.158827344803118,0.0630492106091529,"MICU1"
"ENSG00000065717",156.001034053543,0.602269338520148,0.233182549731173,2.58282336827726,0.00979954792956368,0.0223892939540444,0.496675254215161,0.238952108546546,"TLE2"
"ENSG00000198899",215116.249509965,-0.5379399369735,0.208277795114784,-2.58280022926609,0.00980020515396914,0.0223892939540444,-0.456709518456697,0.200660723686504,"MT-ATP6"
"ENSG00000101350",803.966742918665,0.21196368942817,0.0820768993062797,2.58250118144939,0.00980870263540749,0.0224048193785175,0.203521439730874,0.081031407655797,"KIF3B"
"ENSG00000159761",45.0294498848563,0.62063094564614,0.240373317526524,2.58194608300339,0.0098244932342805,0.0224369953031287,0.506042043607192,0.245731798280578,"C16orf86"
"ENSG00000061938",331.926208995281,0.748450581994742,0.289935373155276,2.58143935267225,0.0098389277033859,0.0224660635003085,0.582589549785119,0.309894825713972,"TNK2"
"ENSG00000141665",16.1528236735672,-0.610966491901779,0.236693160881011,-2.58125959207127,0.00984405281384,0.0224738684492834,-0.506049505848534,0.231139230400709,"FBXO15"
"ENSG00000066422",280.960232943146,-0.431769037308367,0.167275011184944,-2.58119269728214,0.00984596064202102,0.0224743269439752,-0.381345216287227,0.161561881709403,"ZBTB11"
"ENSG00000178502",18.2629517044054,0.960499754019049,0.372164555797613,2.58084693734612,0.00985582691069342,0.0224929480163268,0.695550055394149,0.415529796679781,"KLHL11"
"ENSG00000229314",90151.2695053858,-0.480351847869097,0.186301011191483,-2.57836414733887,0.00992693249905526,0.022651298662489,-0.416186434855827,0.179552202361526,"ORM1"
"ENSG00000121057",1938.20321536829,0.224723042747498,0.0871624394851242,2.57820965171416,0.00993137222549453,0.0226536881541275,0.213897876461917,0.08600552136648,"AKAP1"
"ENSG00000145945",141.061468400978,0.436639636755746,0.169361735634256,2.57814809892293,0.00993314155504922,0.0226536881541275,0.384486256533632,0.16820734359688,"FAM50B"
"ENSG00000182472",361.032870179813,1.19993086654562,0.465418868516186,2.57817408729291,0.00993239448739813,0.0226536881541275,0.764201269004406,0.610857845164265,"CAPN12"
"ENSG00000169136",14452.6538473008,0.532730476497112,0.206645280592901,2.57799488557695,0.00993754687861813,0.0226558860959111,0.455671933834902,0.208880176656675,"ATF5"
"ENSG00000183291",1746.39245782838,-0.405726019870541,0.15737803630519,-2.57803458091034,0.00993640535680129,0.0226558860959111,-0.358095446213074,0.151739887234201,"SELENOF"
"ENSG00000161800",65.631508166012,0.402386872212684,0.156113205476794,2.57753257313327,0.0099508502397895,0.0226822877868886,0.359099605997393,0.154019378304015,"RACGAP1"
"ENSG00000158435",425.368353570734,-0.217189398389344,0.0842807027574687,-2.57697659468196,0.00996686991490917,0.0227148709191092,-0.203737748231829,0.0826404856774823,"CNOT11"
"ENSG00000114631",33.6913168676116,0.761182235293036,0.295399826111097,2.57678633502906,0.00997235723145908,0.0227234432864988,0.591225251267105,0.312238793327545,"PODXL2"
"ENSG00000094963",75.1040197272277,0.925692902328611,0.359503655820976,2.57491930148711,0.010026347655821,0.022842514835878,0.670762292016308,0.407356418111939,"FMO2"
"ENSG00000173276",166.865799988936,-0.44460515603902,0.172705033905439,-2.57436130253421,0.0100425341866138,0.0228754334084701,-0.388566328802239,0.166579811550055,"ZBTB21"
"ENSG00000197323",420.989892023075,-0.486560639587788,0.189011306990573,-2.57424091359812,0.0100460295005253,0.022879436845514,-0.419535117489425,0.182116141837913,"TRIM33"
"ENSG00000003393",840.296107325125,0.260548864348379,0.101227062496183,2.57390521786802,0.0100557816506317,0.02289768613148,0.246351602663171,0.0997138688438217,"ALS2"
"ENSG00000158019",268.732112330086,0.177443031061759,0.0689560214215917,2.57327826350199,0.0100740176070436,0.0229352439589031,0.172628405886504,0.0681764955810394,"BABAM2"
"ENSG00000144057",72.3198216792664,-0.505246867221138,0.196352992193156,-2.57315593502195,0.0100775791555243,0.0229357335051886,-0.434164175408942,0.189596058946779,"ST6GAL2"
"ENSG00000179163",1640.917961776,-0.194065994780984,0.075419584344572,-2.57315121088905,0.0100777167193921,0.0229357335051886,-0.172838070962938,0.0738757972138576,"FUCA1"
"ENSG00000135124",215.554432263934,0.335553659780509,0.130422807102999,2.57281427408254,0.0100875324275174,0.0229541050709806,0.31501341800654,0.128345267055523,"P2RX4"
"ENSG00000096063",488.180030744631,0.284592275166686,0.110630520007549,2.57245717680135,0.0100979447465786,0.0229738276366777,0.272519991101524,0.108825747147999,"SRPK1"
"ENSG00000156738",27.468070048095,-0.772307804683014,0.3002342044244,-2.57235116219906,0.0101010377849097,0.0229768941734833,-0.60980439859392,0.292536317594682,"MS4A1"
"ENSG00000135605",68.9796171988242,-0.328240358915315,0.127614844573613,-2.57211737405654,0.0101078616731082,0.0229884447725242,-0.302477097568818,0.124301538370197,"TEC"
"ENSG00000113522",647.376154217222,0.227269465678244,0.088386055360259,2.57132717091967,0.0101309567879785,0.0230369908584672,0.21690995003944,0.0871399872755027,"RAD50"
"ENSG00000152061",497.616473129175,-0.37151333298831,0.144492451873964,-2.57116083345564,0.0101358242829981,0.0230440791762999,-0.33528690836894,0.139865951301253,"RABGAP1L"
"ENSG00000158125",2877.89812790078,0.332107516836195,0.129197554970736,2.57054026224737,0.0101540022966958,0.0230814216571645,0.309196826638791,0.127273454892129,"XDH"
"ENSG00000138075",1993.04783572396,-0.400478910957084,0.155804673309826,-2.57039087756187,0.0101583824634278,0.0230873922861195,-0.355863476914943,0.150300458168812,"ABCG5"
"ENSG00000064933",183.02768197599,-0.43218462334291,0.168161686419063,-2.57005405063491,0.0101682648708169,0.0231018766676747,-0.381730418760019,0.162445736111357,"PMS1"
"ENSG00000067182",1325.50551037109,0.276202273186236,0.107469393465572,2.57005519692189,0.010168231224569,0.0231018766676747,0.252612003784717,0.105928713415745,"TNFRSF1A"
"ENSG00000051108",2626.22177776644,-0.35296523921714,0.137370718304765,-2.56943578349838,0.0101864269324182,0.0231391471691197,-0.318175550753726,0.132805340121583,"HERPUD1"
"ENSG00000101751",235.697987996463,-0.356092954873154,0.138620407626473,-2.56883500034629,0.0102041030503332,0.0231753011489887,-0.323036110010827,0.13427746213362,"POLI"
"ENSG00000175826",213.576742527683,-0.414799005984862,0.161485946277756,-2.56863842053109,0.0102098927073097,0.0231844510838978,-0.367463798719241,0.156011752096598,"CTDNEP1"
"ENSG00000198087",482.675744668198,-0.57329397049556,0.223207063241971,-2.56844009400398,0.0102157367716161,0.0231937213890495,-0.478646378747834,0.214836380127161,"CD2AP"
"ENSG00000165417",352.318821704635,-0.495687044576662,0.193023746970914,-2.56801068446442,0.0102284003365396,0.0232184687639449,-0.426050841957283,0.18592650140651,"GTF2A1"
"ENSG00000204252",161.562447393659,0.63897886569158,0.248944032436951,2.56675711177536,0.0102654489852157,0.0232985522046803,0.51876608310072,0.257281034196763,"HLA-DOA"
"ENSG00000153071",534.472348077814,-0.351801503570899,0.137064589851895,-2.56668410091211,0.0102676104573967,0.023299441448136,-0.319814644368777,0.132799057372523,"DAB2"
"ENSG00000008226",21.1431626806695,-1.00292687932727,0.390919724662711,-2.56555711071527,0.0103010262050894,0.0233712409126672,-0.746987375150021,0.384985892259639,"DLEC1"
"ENSG00000096080",533.511215534957,0.2373676583207,0.0925310303762555,2.56527629007805,0.0103093677080078,0.0233861363272967,0.226291026281239,0.0912120790788797,"MRPS18A"
"ENSG00000095066",265.914414350876,0.57559647427482,0.224548920075584,2.5633455466233,0.0103668814947129,0.0235085018531501,0.479528114025193,0.228835505080398,"HOOK2"
"ENSG00000157800",223.141086737408,-0.240022188847708,0.0936346641541866,-2.56339028943883,0.0103655454520722,0.0235085018531501,-0.227489365794494,0.091617274816808,"SLC37A3"
"ENSG00000143258",192.361506441277,0.359555237211496,0.140278818541696,2.56314703067322,0.0103728111278073,0.0235178975906167,0.326053871434255,0.138280612206546,"USP21"
"ENSG00000136527",1098.34094811087,-0.267395202133737,0.104340535524934,-2.56271640535943,0.0103856841982297,0.0235430299851743,-0.251144078117341,0.101809764569608,"TRA2B"
"ENSG00000204308",1139.84211797692,-0.249287736745166,0.0972966835724561,-2.56214012227378,0.0104029337891578,0.0235780730363318,-0.235637250990851,0.0951185200227546,"RNF5"
"ENSG00000077943",10.7762068349077,-1.15436765751767,0.450599193600384,-2.5618502516483,0.0104116199730261,0.023593698548169,-0.833433866869825,0.448780651865845,"ITGA8"
"ENSG00000148835",71.2945485456142,-0.290260313628879,0.113303747555226,-2.5617891719548,0.010413451093376,0.0235937871442762,-0.268381138948537,0.110440509011698,"TAF5"
"ENSG00000155085",53.5344851082245,-0.329527352957567,0.128635536973747,-2.56171319924463,0.0104157290943201,0.0235948880343803,-0.302439680686838,0.125129427271338,"AK9"
"ENSG00000134569",18.8055050927468,-0.844355513698123,0.329663313607909,-2.56126623389575,0.0104291400905137,0.0236171411131241,-0.65007489297403,0.322791695102675,"LRP4"
"ENSG00000144369",10.5225764289896,-0.788623789497834,0.307900698522557,-2.56129262870139,0.0104283476994807,0.0236171411131241,-0.613935149680051,0.303855668007656,"FAM171B"
"ENSG00000156515",158.163065674993,0.421089436669291,0.164413703935354,2.56115777815492,0.0104323965721222,0.0236204528406812,0.372223419474645,0.1628446367578,"HK1"
"ENSG00000189143",21.7896497253547,1.00437874696515,0.392203202437843,2.56086319724614,0.010441246196425,0.0236364249350295,0.703463846092444,0.451783960569232,"CLDN4"
"ENSG00000154556",2335.33721294543,-0.284739915459104,0.111213991545267,-2.56028860670114,0.0104585269252593,0.0236714742131622,-0.264946258165965,0.108292093707897,"SORBS2"
"ENSG00000117834",474.668751993061,0.68525398067205,0.267892489996167,2.55794397477083,0.0105293054429947,0.0238275757068525,0.544529838847843,0.281119702054346,"SLC5A9"
"ENSG00000140057",28.0360701309096,0.8696988074556,0.34014500275553,2.55684722812368,0.0105625594834389,0.0238987211134141,0.641931386615053,0.371935359509753,"AK7"
"ENSG00000095261",520.469493642244,-0.361865959783269,0.141565208464785,-2.55617862402459,0.0105828777778902,0.0239364660408353,-0.314417749588971,0.13621807507622,"PSMD5"
"ENSG00000121716",70.7420505431973,1.27290171180449,0.497961090035282,2.5562272580661,0.0105813986603722,0.0239364660408353,0.766543127022802,0.68305114711678,"PILRB"
"ENSG00000064607",594.730930571742,0.439617435614954,0.171997693895353,2.55594959245458,0.0105898458365021,0.0239481123812069,0.388914642577874,0.171094790357079,"SUGP2"
"ENSG00000135597",611.187454239374,-0.325187513609915,0.127262315713575,-2.55525378260288,0.0106110401981797,0.0239919208739884,-0.298609448024317,0.123524832385277,"REPS1"
"ENSG00000092445",43.1692615428444,0.510276024944516,0.199738113257895,2.55472536824089,0.0106271608891261,0.0240242445512079,0.435177048527213,0.199084769535559,"TYRO3"
"ENSG00000090013",2233.70235897705,0.424293672107642,0.166094867184707,2.55452609282502,0.0106332459711874,0.0240338740698116,0.375726780346092,0.165034594533909,"BLVRB"
"ENSG00000176853",684.238330698771,-0.460918986188382,0.180454720622056,-2.55420852721127,0.0106429495711596,0.0240516776611547,-0.399184879705194,0.173700674624976,"FAM91A1"
"ENSG00000204219",2382.39489367288,-0.343437560054486,0.134469453442914,-2.55401915647918,0.0106487397694395,0.0240606328821761,-0.311687867096945,0.130228344923069,"TCEA3"
"ENSG00000183337",245.018273222513,0.292321965796798,0.114483589919212,2.55339622039353,0.0106678064279113,0.0240995778019698,0.272061410753198,0.112660535619803,"BCOR"
"ENSG00000157693",184.972754703566,0.281236938806652,0.110155141919624,2.55309860171449,0.0106769265716362,0.0241160431021036,0.267537660489821,0.108170069082363,"TMEM268"
"ENSG00000221994",24.6729355820543,-0.427876205933515,0.167825934463055,-2.54952375091769,0.0107870163214799,0.0243605243376679,-0.377203423611253,0.163343538071255,"ZNF630"
"ENSG00000144677",616.165871697417,0.19998291050941,0.0784553696410847,2.54900220882631,0.0108031616027042,0.0243886189405355,0.192803478789808,0.077484230799518,"CTDSPL"
"ENSG00000189298",89.7267252458299,0.285137869104175,0.111861064163001,2.54903590661965,0.0108021177776269,0.0243886189405355,0.264015815926043,0.109664600520806,"ZKSCAN3"
"ENSG00000171861",266.933968630155,0.235309802963005,0.0923412257110834,2.5482638025538,0.0108260570446995,0.0244361164153118,0.223714690732955,0.0909845962801388,"MRM3"
"ENSG00000121210",857.878479401024,0.291459176549393,0.114384085007466,2.54807455539265,0.0108319318884553,0.024440996614122,0.271626362195096,0.112593255983551,"TMEM131L"
"ENSG00000174574",494.551255872783,0.367427545950276,0.14419783806374,2.54807943644662,0.0108317803291638,0.024440996614122,0.331736867237794,0.142376924408561,"AKIRIN1"
"ENSG00000173786",798.812197457187,0.271357118517187,0.106500315985418,2.54794660472501,0.010835905496358,0.024445435215069,0.254530464578493,0.104886783201775,"CNP"
"ENSG00000183722",126.515697201775,-0.502178345363232,0.197095643612104,-2.54789165381833,0.0108376124373658,0.024445435215069,-0.429778223908833,0.189913375894294,"LHFPL6"
"ENSG00000103966",294.877074031535,0.335653726434817,0.131770254734448,2.54726476101338,0.0108571025430663,0.024485202480646,0.309091088014976,0.129737406391418,"EHD4"
"ENSG00000228278",27920.3529399941,-0.391866116060296,0.153856897529506,-2.54695189070185,0.0108668413344539,0.024502968489368,-0.343438835683776,0.148065986359813,"ORM2"
"ENSG00000157131",11888.0491399622,-0.299505542728303,0.117613378588604,-2.54652613777838,0.0108801063223036,0.0245286780547003,-0.275690950365311,0.114250454939641,"C8A"
"ENSG00000197321",519.106124806016,0.307733650909603,0.1208643474908,2.54610774226061,0.0108931560975058,0.0245538937133643,0.287076060140729,0.119003310792028,"SVIL"
"ENSG00000125991",2341.56980708745,0.201001701105834,0.0789542573558963,2.54579940128869,0.0109027821680233,0.0245713848038677,0.193337311836629,0.0779695088819435,"ERGIC3"
"ENSG00000110880",930.068432679994,0.312205553153563,0.122674606993299,2.54498922642253,0.0109281109860317,0.0246242528225387,0.288183508337352,0.12082496517225,"CORO1C"
"ENSG00000129219",203.557747328307,0.338128812318543,0.132873306447076,2.54474597915738,0.0109357259220255,0.0246371949844948,0.308868431814576,0.130829762029521,"PLD2"
"ENSG00000113558",1759.18365146116,-0.299049912492105,0.117519487626355,-2.54468359701254,0.0109376795752451,0.0246373805453682,-0.277188895542917,0.114263842437069,"SKP1"
"ENSG00000197408",5339.79774250125,-0.532488851103079,0.209267747677017,-2.54453377079835,0.0109423730257428,0.0246437364449076,-0.431198335842799,0.199270461331782,"CYP2B6"
"ENSG00000178567",493.670984879923,-0.446280860193226,0.17540962378779,-2.54422106698738,0.0109521745400657,0.0246594109165455,-0.390206692560138,0.169063317402545,"EPM2AIP1"
"ENSG00000204248",22.6686662490286,-0.792557984049923,0.311516549049394,-2.544192231419,0.0109530787665167,0.0246594109165455,-0.620326641290816,0.30402791741759,"COL11A2"
"ENSG00000128815",75.1829194939813,0.623284921683813,0.245121817745513,2.54275579145269,0.0109982067341875,0.024756777203336,0.506207467238273,0.251771421681774,"WDFY4"
"ENSG00000115042",1568.40665042547,0.274205999229051,0.107848585625011,2.54250899666375,0.0110059767802519,0.0247700325279994,0.26183813067366,0.106093173663333,"FAHD2A"
"ENSG00000103365",808.000857026666,0.162886713360649,0.0640723999825679,2.54222900039588,0.0110147980416629,0.0247856487808124,0.158768354907498,0.0634129919882104,"GGA2"
"ENSG00000163344",835.783559491225,0.317565643577851,0.124927552137153,2.54199844746183,0.0110220663098649,0.0247977657272184,0.28186687564833,0.123012883244902,"PMVK"
"ENSG00000131374",627.668851476314,0.366626206547016,0.144268032265886,2.54128513981063,0.0110445805966345,0.0248441736093098,0.330338743935065,0.14246914154625,"TBC1D5"
"ENSG00000071991",37.3928369493816,-0.722285213699004,0.284275480303327,-2.5407932225752,0.0110601308840825,0.0248706546916875,-0.575404962521181,0.275549206036088,"CDH19"
"ENSG00000181458",925.969186325489,-0.364143835294862,0.143316927850931,-2.54082920109493,0.011058992886824,0.0248706546916875,-0.328671953792968,0.138622554274748,"TMEM45A"
"ENSG00000122035",58.1770017492045,-0.338273957209379,0.133144211694067,-2.54065838015287,0.011064396863125,0.0248759988217049,-0.308679789709641,0.129594484978043,"RASL11A"
"ENSG00000167930",294.733993517642,0.4932206948966,0.194163527067625,2.54023349465019,0.0110778484305324,0.0249019894888833,0.422323209556026,0.194723966416169,"FAM234A"
"ENSG00000165782",321.737872626795,0.327867014120552,0.12907349871624,2.54015748686993,0.0110802563131753,0.0249031503276315,0.301119215448568,0.127084791426351,"PIP4P1"
"ENSG00000124767",2277.87500454939,-0.349579714414585,0.137643734144811,-2.53974302997913,0.0110933942501199,0.0249284227166886,-0.317704692473823,0.133043033458278,"GLO1"
"ENSG00000196705",30.7363129284695,-0.583215709270905,0.229667286888826,-2.53939390834194,0.0111044718502418,0.0249490574027789,-0.485396089688102,0.222255428507504,"ZNF431"
"ENSG00000172215",48.4563642768903,-0.557758107108206,0.219659070471165,-2.53919906841008,0.0111106583761545,0.0249586978639225,-0.468133153315086,0.212130308006847,"CXCR6"
"ENSG00000014123",702.0280625338,-0.477162304185942,0.187951196214085,-2.53875641016103,0.0111247249697402,0.0249856513769944,-0.40795780525394,0.180510456746894,"UFL1"
"ENSG00000184584",187.166722902049,0.448237874636502,0.176561825873991,2.53870208023563,0.0111264525310131,0.0249856513769944,0.391226339704569,0.175639433182052,"STING1"
"ENSG00000187609",73.9438489917742,0.818725727753215,0.322553148137209,2.53826611980529,0.0111403236569732,0.0250125343225971,0.61301482756198,0.351620333593235,"EXD3"
"ENSG00000156860",310.761680997246,0.526947636312213,0.207626613090209,2.53795806071963,0.011150134554679,0.0250302935288839,0.447737251274923,0.209473586725043,"FBRS"
"ENSG00000117174",143.70109923161,-0.280467921457918,0.110571405957169,-2.53653210818863,0.0111956475597546,0.0251281786177513,-0.261085824622589,0.107842118237288,"ZNHIT6"
"ENSG00000176973",24.6867129248224,-0.573740026979478,0.226272405829355,-2.53561641719658,0.0112249611566726,0.0251896776186724,-0.475428197860077,0.219378713953255,"FAM89B"
"ENSG00000196296",19.5052596255143,1.27542301367125,0.503210537491038,2.53457135462702,0.0112584995357402,0.0252606347797469,0.773944259947495,0.668649159395255,"ATP2A1"
"ENSG00000198843",1134.94399862467,-0.448105369396445,0.176802947227617,-2.53449038278504,0.0112611018125322,0.0252621684211619,-0.386319846669186,0.169836921942536,"SELENOT"
"ENSG00000161267",5589.71066551677,0.3041568090817,0.120036173708796,2.53387624483578,0.0112808564006581,0.0252965174216763,0.282018279553771,0.118217835021105,"BDH1"
"ENSG00000163121",27.0407435367819,0.699532638070324,0.276076611733665,2.53383520493642,0.0112821776014039,0.0252965174216763,0.550874818725886,0.286224149526536,"NEURL3"
"ENSG00000174109",99.1436365779224,0.342150126578604,0.135029957606862,2.53388309263024,0.0112806359624407,0.0252965174216763,0.311071813520889,0.132797101546093,"UQCC4"
"ENSG00000117266",195.401720438348,0.555502229973379,0.219383847038108,2.53210178175463,0.0113381074432704,0.0254175928142514,0.463588296784107,0.222618088743952,"CDK18"
"ENSG00000104381",46.2756262980655,-0.434728985994508,0.171740097123752,-2.53131908782637,0.0113634420583599,0.0254700507559356,-0.378701633864887,0.165999580068761,"GDAP1"
"ENSG00000154358",36.7098869649078,0.824630886367224,0.326044867831845,2.52919449967396,0.0114324652938523,0.0256203979674654,0.614323725676363,0.353133265597921,"OBSCN"
"ENSG00000152492",1363.59267726258,-0.257764252532297,0.10195466983417,-2.528224091663,0.0114641153562767,0.0256869541832434,-0.246354629485914,0.0996258593089728,"CCDC50"
"ENSG00000168488",453.965457062737,0.555374121888542,0.219723189041917,2.52760814327428,0.0114842449681724,0.0257276789605169,0.463489346710726,0.223043281923846,"ATXN2L"
"ENSG00000177485",589.014656062135,0.608723391071059,0.240911292249407,2.52675325173578,0.0115122353873053,0.025785997126448,0.496175837564934,0.247698294486624,"ZBTB33"
"ENSG00000116337",829.209249460622,0.379164783135456,0.150090810876971,2.52623582296625,0.0115292061709433,0.0258196170176289,0.345026751436724,0.14820163056777,"AMPD2"
"ENSG00000122692",690.08082876116,-0.15415510596032,0.0610249181129064,-2.52610098837178,0.0115336321612236,0.0258251362303861,-0.150179686693631,0.0603413034592294,"SMU1"
"ENSG00000108829",1242.172290223,0.292515036143217,0.115881597362823,2.52425788736203,0.0115942839164404,0.0259565281489294,0.276748851723194,0.113997745663411,"LRRC59"
"ENSG00000110696",1327.7593674817,-0.267426849333684,0.105968653471573,-2.52364110114341,0.011614643885792,0.0259976880993434,-0.250662219089625,0.103314246889797,"C11orf58"
"ENSG00000227345",196.704534199924,0.251995694575746,0.0998958139919724,2.52258512649985,0.0116495750174541,0.0260714439367332,0.238884264196933,0.0982736236453754,"PARG"
"ENSG00000167315",13878.1551025577,-0.406243303662912,0.161093396228802,-2.52178744239722,0.0116760237865573,0.0261261946250533,-0.351643386039711,0.154720816668237,"ACAA2"
"ENSG00000197933",133.738499263108,0.223759700841594,0.0887480742222566,2.52129077506764,0.0116925186563185,0.0261586577109753,0.213366854674532,0.0872580744315973,"ZNF823"
"ENSG00000196290",312.940397870807,0.176585068432918,0.0700519220861647,2.52077406549554,0.0117097010877853,0.0261926477271121,0.171726213525408,0.06922302660946,"NIF3L1"
"ENSG00000162852",676.987400379619,-0.33280631580083,0.132092468041268,-2.51949502296266,0.011752330183043,0.0262835364684804,-0.295125139340046,0.127474608533381,"CNST"
"ENSG00000232119",463.843128352382,-0.289752946403413,0.115024227838358,-2.51906013062395,0.0117668559984344,0.0263115533416079,-0.268975609179477,0.111908739321961,"MCTS1"
"ENSG00000185522",88.4089335692393,0.791587892887177,0.314301474659238,2.5185624526433,0.0117834984504918,0.0263442928509382,0.595467846085615,0.340106425807059,"LMNTD2"
"ENSG00000170860",616.399013069367,-0.254445279179575,0.101036267791737,-2.51835588092046,0.0117904123793207,0.0263552749382234,-0.238755664366814,0.0986352544897566,"LSM3"
"ENSG00000075618",209.050679417896,0.585414665996199,0.232502030826345,2.51789054880747,0.0118060001675993,0.0263856388060792,0.480627609689924,0.237397839753825,"FSCN1"
"ENSG00000088451",328.022891626587,-0.450504287932466,0.178946582804088,-2.51753501448911,0.0118179222414839,0.0264078011254882,-0.392512079348777,0.17233465960909,"TGDS"
"ENSG00000115594",1737.67954166014,-0.278564348606687,0.110658394875835,-2.51733588689094,0.0118246042181244,0.0264182486230827,-0.259882251519297,0.107738422448403,"IL1R1"
"ENSG00000126464",87.7149128372384,0.779396314786689,0.30962723042461,2.51720855984745,0.01182887859294,0.0264233144816165,0.589232335540615,0.333574243650692,"PRR12"
"ENSG00000168970",30.6469294211007,0.710340671295057,0.282201573586174,2.51713929964372,0.0118312042365741,0.0264240262898617,0.552672959943582,0.29390777706336,"JMJD7-PLA2G4B"
"ENSG00000167548",527.65891208011,0.512340158366545,0.203588580944679,2.51654663532314,0.0118511215153029,0.0264595329609085,0.435986944008651,0.204872779394128,"KMT2D"
"ENSG00000169435",30.4430089801821,-0.749566423743895,0.297850598750477,-2.51658525075466,0.0118498228870051,0.0264595329609085,-0.589390896805483,0.288955819508941,"RASSF6"
"ENSG00000239887",233.421772463969,0.408196364955925,0.162221182110473,2.51629509565491,0.0118595838269355,0.0264739370405956,0.361293450461309,0.160539063545167,"C1orf226"
"ENSG00000151948",503.656698028543,0.466921292985646,0.185565669893812,2.51620514318643,0.0118626113133838,0.0264762062302105,0.403225873822145,0.185260532619662,"GLT1D1"
"ENSG00000135338",19.4633071126587,-0.557288106812266,0.221485167900353,-2.51614188026799,0.0118647409331039,0.0264764710381772,-0.465013589467495,0.215454840276142,"LCA5"
"ENSG00000204764",32.3483022432078,-0.680913116767772,0.270822848656714,-2.5142380716587,0.0119289876635247,0.0266153281779302,-0.546660923898114,0.262324818406409,"RANBP17"
"ENSG00000103241",26.984376867264,-0.465465178585004,0.185214432035342,-2.51311506058116,0.0119670297393693,0.0266956817262854,-0.405617158212459,0.179376130569052,"FOXF1"
"ENSG00000197894",5648.11367787317,-0.217901532649263,0.0867391011434259,-2.51214884379486,0.0119998464355558,0.0267643534085258,-0.20651858309467,0.084985775766294,"ADH5"
"ENSG00000198478",1490.3372383016,-0.352746520963353,0.140422737637021,-2.51203278684943,0.0120037935685757,0.0267686223109533,-0.315174926610075,0.135552538779714,"SH3BGRL2"
"ENSG00000131196",37.2210421928606,-0.543557793160461,0.216424135299481,-2.51153963215933,0.0120205787530009,0.0268015139478424,-0.457091765380772,0.209341468000553,"NFATC1"
"ENSG00000130254",442.986878804721,0.480825197912273,0.191452090454456,2.51146486189272,0.0120231254753548,0.0268026532354421,0.413154980982712,0.191522420006446,"SAFB2"
"ENSG00000081386",169.698783152892,0.290576200473665,0.11570918212721,2.51126310921641,0.0120299996851284,0.0268134375917386,0.270110150180667,0.113657279644127,"ZNF510"
"ENSG00000130304",182.809066087282,0.418476800190223,0.166686654833963,2.51055971221613,0.0120539934057634,0.0268623691909751,0.368402272234096,0.165290470970614,"SLC27A1"
"ENSG00000184840",2157.45190432584,0.222695757039616,0.0887313676705025,2.50977487314949,0.0120808152744595,0.0269175857003781,0.212276070154609,0.0874580150800144,"TMED9"
"ENSG00000105499",151.680004264755,0.575174950446246,0.229190469550318,2.5095936649319,0.0120870155754207,0.0269268438351928,0.475100748556222,0.233174226358504,"PLA2G4C"
"ENSG00000001460",34.0136594824369,0.383506370980086,0.152843749212105,2.50914003979243,0.0121025493842899,0.0269568880381596,0.342770154414277,0.149734016586663,"STPG1"
"ENSG00000119714",11.0923539013485,0.736031111208675,0.293368085742518,2.50889973033629,0.0121107856393831,0.0269706704546885,0.57184590889396,0.299278969475595,"GPR68"
"ENSG00000113569",220.638102488127,0.331972696014186,0.132330057714216,2.50867189018479,0.012118599114569,0.0269835068395765,0.303150474277018,0.130258587253397,"NUP155"
"ENSG00000110911",782.252599316678,-0.31087152289476,0.123929679313135,-2.50845095878345,0.0121261799294659,0.0269958209251519,-0.286201409908683,0.12026771461178,"SLC11A2"
"ENSG00000142798",550.948475195126,0.741247659526553,0.29553032472124,2.50819492120051,0.0121349705993469,0.0270108238226544,0.573683937547337,0.315768361177001,"HSPG2"
"ENSG00000064601",1710.23487849416,0.259513401222093,0.103494583568568,2.50750708176103,0.0121586145162078,0.0270588774037175,0.238995444739217,0.101946053817427,"CTSA"
"ENSG00000173039",645.148972755223,0.347038573988251,0.138407675662599,2.5073650888715,0.0121635004859175,0.0270651761699492,0.309599517158795,0.136439507436988,"RELA"
"ENSG00000105672",14.9486237858086,0.735384357472142,0.29330360597377,2.5072462202797,0.0121675920873436,0.0270697055461246,0.568705255962613,0.302965201998771,"ETV2"
"ENSG00000154096",117.297939158793,1.07477395853817,0.428698658935361,2.50706162974077,0.0121739483356987,0.0270792707869249,0.702751822527533,0.526582554632818,"THY1"
"ENSG00000143815",644.474385532076,-0.455366920675822,0.181654261112875,-2.50677808429096,0.0121837177596897,0.0270964236527154,-0.39290296910712,0.174654989083771,"LBR"
"ENSG00000120549",431.336891443607,-0.28611245882276,0.114180575087398,-2.50578926059673,0.0122178415904052,0.0271677254482815,-0.269871676861587,0.111231213002354,"KIAA1217"
"ENSG00000108924",2342.6909388906,-0.396256350371732,0.158159873920093,-2.50541645330301,0.0122307289568595,0.0271917895045613,-0.351509341967031,0.152468890673238,"HLF"
"ENSG00000127399",183.401370246446,0.50831767584391,0.202899265177641,2.50527115215953,0.0122357550516923,0.0271936004426878,0.430251817972862,0.203993270293777,"LRRC61"
"ENSG00000130147",682.211514658791,0.361424060017368,0.144268749335972,2.50521378802339,0.012237739831606,0.0271936004426878,-0.348367201246979,0.13924895681343,"SH3BP4"
"ENSG00000205808",343.692520387103,-0.238690360197478,0.0952739716478124,-2.50530502790222,0.0122345830962828,0.0271936004426878,-0.224213747550571,0.093107748093491,"PLPP6"
"ENSG00000171097",223.050502704048,0.347877555451665,0.138920347735749,2.50415119974642,0.0122745566469464,0.0272708087772016,0.315392498151957,0.136897038643725,"KYAT1"
"ENSG00000105669",567.03048911747,0.434218592836907,0.17352367363362,2.50235938269565,0.0123368622476982,0.0274046108238899,0.382524396499214,0.172389755009364,"COPE"
"ENSG00000126062",447.319239635889,0.257749967245633,0.103030798299704,2.501678832924,0.0123605998384718,0.02745270875056,0.242851394840881,0.101394265301612,"TMEM115"
"ENSG00000127831",237.077468800934,-1.19771338314741,0.478811118275124,-2.50143185367555,0.0123692244800994,0.0274672304781563,-0.84131453316139,0.468994536762487,"VIL1"
"ENSG00000167393",71.4068804423754,0.690763127054929,0.27618986606489,2.50104443329806,0.0123827641366993,0.0274926598016498,0.540481612272602,0.288924289305484,"PPP2R3B"
"ENSG00000143476",26.4444611875596,0.955363917076164,0.382013494883092,2.50086431467175,0.0123890634330257,0.0275020079513094,0.662370783591557,0.434196015027963,"DTL"
"ENSG00000203727",157.488546457135,-0.606662490670855,0.242646026452098,-2.50019544742316,0.0124124806029349,0.0275493458560756,-0.496694178106422,0.233385409750079,"SAMD5"
"ENSG00000198093",61.3456598553008,0.325868811527904,0.130358280250961,2.49979372925565,0.01242656366747,0.0275759543647245,0.29734179896343,0.127607950383236,"ZNF649"
"ENSG00000168016",696.50735516908,0.392217506669226,0.1569628647927,2.49879171858405,0.0124617529210093,0.0276493830397721,0.34910315976266,0.155227681365157,"TRANK1"
"ENSG00000076067",152.927640281939,-0.350217273898238,0.140170951393483,-2.49850108326026,0.0124719761353066,0.0276674031672193,-0.316409201126756,0.13562583087936,"RBMS2"
"ENSG00000115275",724.428858752523,0.297446830239536,0.11906456872958,2.49819768729939,0.012482656132769,0.0276864303645614,0.282187555558839,0.117022400911934,"MOGS"
"ENSG00000178826",283.222943835766,0.447940793565714,0.17932226029742,2.49796535479069,0.012490840063699,0.027699915829318,0.389143778088161,0.178398375430646,"TMEM139"
"ENSG00000115415",2026.68801381294,0.553842941488019,0.221723441074918,2.49789981069652,0.0124931497187015,0.0277003720438572,0.4609810278622,0.225115108770149,"STAT1"
"ENSG00000130921",195.783937154151,-0.239781041888635,0.0959985140079973,-2.49775784934191,0.0124981534759988,0.0277068005834315,-0.226814013376668,0.0938557743071509,"MTRFR"
"ENSG00000135587",66.4477747144556,0.318342074602636,0.127496842624796,2.49686241673818,0.0125297559949045,0.0277721830688405,0.291335284134812,0.124705433727251,"SMPD2"
"ENSG00000135373",41.6003128321065,1.01738541574383,0.407592218382737,2.49608645567537,0.0125571992059178,0.0278283259964845,0.684955003818546,0.481402528872963,"EHF"
"ENSG00000160404",104.546517293683,0.41065273054101,0.1645513279511,2.4955904984434,0.0125747674603213,0.0278625695696046,0.36221679457347,0.16271019439111,"TOR2A"
"ENSG00000183918",29.5187640562233,-0.658754352498343,0.264043280757395,-2.49487262318791,0.0126002352449002,0.0279143020754427,-0.53098466660751,0.255658220121417,"SH2D1A"
"ENSG00000141639",13.8297467972086,-1.22715936057559,0.491950403430155,-2.49447780105301,0.0126142616530106,0.0279406744487783,-0.852560577283279,0.485972190843613,"MAPK4"
"ENSG00000144736",152.854265293987,-0.20434659611444,0.0819229280635656,-2.49437612820532,0.012617875908889,0.0279439788421249,-0.196062479872858,0.0805404107027271,"SHQ1"
"ENSG00000126882",58.2728050691827,0.514909368212309,0.206446421812218,2.49415496617649,0.0126257409199518,0.0279566944083561,0.434964672742683,0.206531868361161,"FAM78A"
"ENSG00000147421",231.52364311602,-0.24236925005041,0.0972368977433299,-2.49256460947753,0.0126824254474789,0.0280774867061556,-0.229156353483788,0.0950249239939667,"HMBOX1"
"ENSG00000015171",836.399905454271,-0.344936421454031,0.138395119382447,-2.49240307745837,0.012688195459605,0.0280855382348958,-0.31165574396069,0.133816480562186,"ZMYND11"
"ENSG00000113163",572.236033178598,-0.326835641557904,0.131141046248952,-2.49224518872188,0.012693837577149,0.0280933040075212,-0.298331937054648,0.127039296806326,"CERT1"
"ENSG00000067248",489.793746765633,0.317380507334795,0.127373024792832,2.4917403653639,0.0127118922274171,0.0281285332884324,0.29029734522923,0.125349158139421,"DHX29"
"ENSG00000117115",13.8946698423003,0.981196611291789,0.393857145557189,2.4912499934556,0.0127294517901179,0.0281626553971925,0.683903708082341,0.441450225319453,"PADI2"
"ENSG00000063180",27.2476644910113,-0.506858727645308,0.203615582640511,-2.48929242581684,0.0127997637640145,0.0283134559336382,-0.428614760584643,0.196972430189694,"CA11"
"ENSG00000069248",417.535406460948,0.266864588032287,0.1072191267638,2.48896438617878,0.0128115798640192,0.02833483293964,0.250224960057857,0.105458237577145,"NUP133"
"ENSG00000143198",1174.50303480463,-0.288209201073427,0.115826825485689,-2.48827678618401,0.0128363787765982,0.0283849114834887,-0.261068341124056,0.112255774832033,"MGST3"
"ENSG00000189283",87.712219894376,-0.301842246933973,0.121313003013906,-2.48812773103452,0.0128417601831485,0.0283920427491742,-0.278385299999679,0.118146000460627,"FHIT"
"ENSG00000131061",35.4793345153386,0.590361540358938,0.237416867632487,2.48660318976492,0.0128969161272133,0.0285092004249313,0.48179659139169,0.24012357841865,"ZNF341"
"ENSG00000153827",1758.90259999147,0.259495307951698,0.104360242798241,2.48653415317726,0.0128994187352165,0.028509945789468,0.245752294511001,0.102692667145067,"TRIP12"
"ENSG00000136709",864.680185271106,-0.165744968886082,0.0666587062044675,-2.48647143521927,0.0129016926624451,0.0285101855645774,-0.159670881286955,0.0657899900354908,"WDR33"
"ENSG00000179397",22.7739979088644,-0.498506151464798,0.200505733552827,-2.4862438725896,0.0129099462417612,0.0285236368885766,-0.424327154995441,0.194333018060937,"CATSPERE"
"ENSG00000107816",192.975694944568,0.483232592539286,0.194472379962073,2.484839197389,0.0129609965760606,0.0286287049981493,0.413349879248651,0.194409192344082,"LZTS2"
"ENSG00000139291",430.704287409784,0.43276631475428,0.174164346470836,2.48481577041227,0.0129618494982506,0.0286287049981493,0.379483166953685,0.172927829116168,"TMEM19"
"ENSG00000184678",198.892712181812,0.34285222672895,0.137988965857971,2.48463509090894,0.0129684292905763,0.0286384334182704,0.311158903467408,0.135717835293199,"H2BC21"
"ENSG00000111832",546.694141249627,-0.313751640639331,0.126299034756361,-2.48419666266317,0.0129844077851205,0.028668910430806,-0.291924122019128,0.12268432199533,"RWDD1"
"ENSG00000164654",427.988948459077,-0.250823099174181,0.100976018659946,-2.48398681689828,0.0129920617636279,0.0286810001978411,-0.235905750115156,0.0985845263635445,"MIOS"
"ENSG00000189233",502.583443272223,0.355020237194951,0.142941542594331,2.4836743101514,0.0130034676274466,0.0287013671052743,0.321292176644204,0.140898524541821,"NUGGC"
"ENSG00000002549",2778.101486597,0.278169352161286,0.11201160983694,2.48339750286803,0.0130135779294113,0.0287188680889421,0.259397075507098,0.110207029221354,"LAP3"
"ENSG00000168615",279.331920816101,0.624826858476834,0.251673090539704,2.48269235752187,0.0130393645722394,0.0287709525654608,0.501143414503542,0.259659307171064,"ADAM9"
"ENSG00000124782",801.775677560017,-0.31196928281333,0.12568884272958,-2.48207618145178,0.0130619346638343,0.0288159235563074,-0.286661090827463,0.121893277107277,"RREB1"
"ENSG00000198870",19.9369420742736,-0.548037657000586,0.220818657636999,-2.48184488967186,0.0130704156322125,0.0288298026828128,-0.456699090324598,0.21412999617608,"STKLD1"
"ENSG00000132182",613.416154599458,0.44974652537606,0.181248706594371,2.48137784719523,0.013087555915008,0.0288627740664983,0.390797091446145,0.180407592057941,"NUP210"
"ENSG00000157734",44.197357140504,-0.622671693435671,0.250963760201348,-2.48112194739234,0.0130969557685444,0.0288786668311263,-0.505858860968525,0.242125617775491,"SNX22"
"ENSG00000169019",109.898822779361,-0.48545447223622,0.195681297490985,-2.48084246405094,0.0131072287264943,0.0288964791381488,-0.413666094986373,0.188085465628539,"COMMD8"
"ENSG00000109062",2141.83040382809,0.315131730471044,0.127046515490799,2.48044371192429,0.0131218979785154,0.028923976022959,0.290325706430043,0.125065937040654,"NHERF1"
"ENSG00000148488",16.9380443835509,0.908692836537019,0.366458550277531,2.47966062150504,0.0131507484856592,0.0289827175363558,0.646515167218015,0.403814357081772,"ST8SIA6"
"ENSG00000103811",2324.10687869921,0.31936643470457,0.128806596955446,2.47942607174878,0.0131594006439296,0.0289969320297869,0.291669861967085,0.126756512319398,"CTSH"
"ENSG00000101190",142.923859419713,-0.269263899808396,0.108619706131442,-2.47895993644611,0.013176610558723,0.0290299957523673,-0.249835071628093,0.105875973899335,"TCFL5"
"ENSG00000165490",17.3308080653742,0.670310767443552,0.270409482972411,2.47887300428714,0.0131798223321305,0.0290322136230266,0.529599453145869,0.275157771850718,"DDIAS"
"ENSG00000206052",50.625701609144,-0.976751965589791,0.394080146937568,-2.47856171690002,0.013191328754554,0.0290526989599294,-0.714476604415737,0.384060373089638,"DOK6"
"ENSG00000232859",116.861400313512,-0.30758294860139,0.124106003078803,-2.47838896564967,0.0131977181608054,0.029061909567681,-0.27938228332148,0.120436282785256,"LYRM9"
"ENSG00000104549",1285.11251227891,1.09875808702705,0.443408319829544,2.47798256796226,0.0132127600442716,0.0290901670138594,0.695674494716497,0.557225099307241,"SQLE"
"ENSG00000134201",29.0250962053761,-1.10670911399831,0.446775087788606,-2.47710569422338,0.0132452671714755,0.0291568613241341,-0.785676815207309,0.43870793409443,"GSTM5"
"ENSG00000143157",414.07207724478,0.210222635959177,0.0848879183411979,2.47647297833609,0.0132687668680887,0.0292037085565455,0.201366432346303,0.083645940372994,"POGK"
"ENSG00000165689",495.51134450858,0.332290366159139,0.134201268455686,2.47605980169155,0.013284132545445,0.029232640664103,0.310511291717102,0.13196578609082,"ENTR1"
"ENSG00000139132",688.859350717582,-0.536812766766977,0.216897936773029,-2.47495561623862,0.013325273450968,0.0293182737726346,-0.446468583906154,0.207827084108154,"FGD4"
"ENSG00000197444",3623.66143069721,0.252113239150737,0.101873325591344,2.47477185698312,0.0133321310672737,0.0293284607571805,0.239866234790715,0.100231889451665,"OGDHL"
"ENSG00000137404",46.5809119053777,0.468434349552926,0.189299795921457,2.47456341552151,0.0133399135619854,0.0293406785761943,0.401647104040056,0.187342198451057,"NRM"
"ENSG00000106327",13475.9434696892,0.321651498216254,0.130000914750933,2.47422488397486,0.0133525617346469,0.0293635924166296,0.313066552501301,0.127540268154403,"TFR2"
"ENSG00000132970",161.242291806669,0.54572356779794,0.220590090201178,2.47392603765763,0.0133637360003066,0.0293832578790976,0.454023817364937,0.222907894655908,"WASF3"
"ENSG00000142279",19.4507076987886,0.73999568926787,0.299154186553797,2.47362638575274,0.0133749486858778,0.0294030012353093,0.565049110918454,0.312415000297399,"WTIP"
"ENSG00000139793",1123.74449429804,-0.617735190464445,0.249755663896703,-2.47335808456354,0.0133849953126518,0.0294201750060723,-0.49461475288578,0.238747904976885,"MBNL2"
"ENSG00000184009",8178.25665577095,-0.431618958628285,0.174544485684768,-2.47283067657491,0.013404763722869,0.0294587079244354,-0.37125457249931,0.167369331411559,"ACTG1"
"ENSG00000033867",87.163991962504,-0.657647555557714,0.265991070434534,-2.47244223079878,0.0134193400203774,0.029485819544107,-0.527210289620361,0.255959764038666,"SLC4A7"
"ENSG00000165684",129.21976838948,0.669317978081897,0.270738809886187,2.47219073749812,0.0134287846908719,0.0295016484632103,0.524759197519553,0.282418586414427,"SNAPC4"
"ENSG00000204262",561.945518783916,0.405702990300404,0.164134752433442,2.47176776572603,0.0134446823745728,0.0295316463369412,0.359162444374275,0.162469684432361,"COL5A2"
"ENSG00000108262",175.536853880555,0.40613341576432,0.164352335620312,2.47111435460566,0.0134692739715808,0.0295807274578537,0.358681662082446,0.162405145112429,"GIT1"
"ENSG00000168883",374.835832531969,0.144592519358333,0.0585185515285985,2.47088343066163,0.0134779744612221,0.0295948985584474,0.142244633375105,0.0579582856857048,"USP39"
"ENSG00000108590",105.143431315633,-0.269400100889519,0.10906063377164,-2.47018646025486,0.0135042642405289,0.0296476810056368,-0.2515691975565,0.106347935293794,"MED31"
"ENSG00000198712",282367.357597666,-0.464660703828827,0.188128377504732,-2.46991288604049,0.013514595858559,0.0296654166511817,-0.39978558691817,0.180610029845146,"MT-CO2"
"ENSG00000115339",42.7774588366989,-0.656615335085949,0.265916523642377,-2.46925360670333,0.0135395224548951,0.0297131000690492,-0.526437690321905,0.256340790653952,"GALNT3"
"ENSG00000178409",24.7316036134776,0.504175000665776,0.204183996300817,2.46921898777509,0.0135408324786796,0.0297131000690492,0.425945531572104,0.202415375673706,"BEND3"
"ENSG00000127249",12.5759045307832,1.01845393871968,0.412490587305374,2.4690355854489,0.0135477745217325,0.0297233793289668,0.688947422099975,0.470751849292137,"ATP13A4"
"ENSG00000121552",296.352038404373,0.642460587155189,0.260215718798262,2.46895379772684,0.0135508713188528,0.029725220223928,0.509712611907619,0.269870965654868,"CSTA"
"ENSG00000113810",300.693700033343,-0.343844480607086,0.13927991490973,-2.46872982963794,0.0135593548119681,0.0297388748049928,-0.311369388097356,0.134673833680355,"SMC4"
"ENSG00000172262",235.122931786105,-0.228996673055845,0.0927662461521741,-2.4685344352535,0.0135667598186731,0.0297501598555379,-0.211979971991348,0.0906089331856495,"ZNF131"
"ENSG00000120370",134.546401440121,-0.370166207642978,0.149965972924671,-2.46833465234755,0.0135743348342981,0.0297618138931504,-0.320863715644292,0.144146950285621,"GORAB"
"ENSG00000167105",81.5091249730294,-1.0483730324235,0.424903748630358,-2.46731885939544,0.0136129077065412,0.0298414157283253,-0.751171484523227,0.414384051184138,"TMEM92"
"ENSG00000164219",224.682699640964,-0.46119651317887,0.186974772459477,-2.46662427830378,0.0136393388583396,0.0298943791258365,-0.396721771383659,0.179606291245339,"PGGT1B"
"ENSG00000196653",60.071814535316,-0.433438503013177,0.17573671748828,-2.46640832495397,0.0136475658444128,0.0299074320751563,-0.378225285811422,0.16936608559531,"ZNF502"
"ENSG00000167196",552.87191134888,0.218079250974148,0.088427340901317,2.46619709188722,0.0136556172464122,0.0299200959670931,0.209010795982963,0.0871639830690242,"FBXO22"
"ENSG00000101003",30.8131734792127,0.614986629932753,0.249436665958201,2.46550212483921,0.0136821363678255,0.0299732125488835,0.494783038662515,0.253226933370446,"GINS1"
"ENSG00000182541",165.176671297317,0.352180878149766,0.142861899635995,2.46518406270044,0.0136942884089856,0.0299948429866419,0.318142150069339,0.14042013146229,"LIMK2"
"ENSG00000005801",198.578518103836,-0.404513147297502,0.164100885469858,-2.4650272065217,0.0137002848437352,0.0299979960506598,-0.356672683942426,0.158072041809197,"ZNF195"
"ENSG00000085117",544.849228286087,0.367639032263527,0.149140491723148,2.4650517643859,0.0136993458711987,0.0299979960506598,0.331092136695462,0.147107630641242,"CD82"
"ENSG00000090512",3588.5976336115,0.334070515588498,0.135543467099252,2.46467441580105,0.0137137801094317,0.0300225521983336,0.304324472040668,0.133486670002132,"FETUB"
"ENSG00000172992",364.778354502303,0.206786160540947,0.0839174664413364,2.46416114916319,0.0137334350094455,0.0300605827654795,0.197967021814726,0.082809995405785,"DCAKD"
"ENSG00000113555",163.246479153459,0.56712759379228,0.230211023245241,2.4635118935557,0.0137583330727571,0.0301100753384175,0.46487602554135,0.233816403969076,"PCDH12"
"ENSG00000214717",1049.64736755618,0.232392300952228,0.0943388398634557,2.46337882984981,0.0137634408030265,0.0301162475673337,0.2214380922319,0.0928907551436806,"ZBED1"
"ENSG00000163251",754.338919945767,-0.2015891932983,0.0818405652353196,-2.46319404953597,0.0137705364836729,0.0301249648097773,-0.193144432590285,0.0803528358218841,"FZD5"
"ENSG00000197822",334.515181033126,0.474731612346044,0.192733073581425,2.46315592609217,0.0137720008499202,0.0301249648097773,0.405705629274076,0.192525943004677,"OCLN"
"ENSG00000204152",63.304967890757,0.319306447470586,0.129657722523298,2.46268746092782,0.0137900063775752,0.0301593395294277,0.291042314352163,0.12684318391904,"TIMM23B"
"ENSG00000174137",17.912438039564,0.685323282912141,0.27832738377234,2.46229197294042,0.0138052231959915,0.0301876048162139,0.533164265216247,0.287016432075953,"FAM53A"
"ENSG00000187049",60.9311544348983,-0.328973708776637,0.133627819465815,-2.46186542661347,0.0138216516347883,0.0302185097016975,-0.302805076907079,0.129885225847857,"TMEM216"
"ENSG00000123143",467.424979743249,0.407349210928125,0.165474035220962,2.46171074745461,0.0138276133688481,0.0302265245914419,0.359293364549476,0.163803804988559,"PKN1"
"ENSG00000160050",17.314938608868,0.70502494645434,0.286410189817817,2.46159170140839,0.0138322032569094,0.0302315385259744,0.546596255303692,0.294251036894473,"CCDC28B"
"ENSG00000034152",814.295281399951,0.349950761619121,0.1421765508251,2.46138170878556,0.0138403029215442,0.0302442204589296,0.315142394691653,0.14008559425276,"MAP2K3"
"ENSG00000167280",344.223908211075,0.69780511628626,0.283549051679298,2.46096790715244,0.0138562759995069,0.0302741005326099,0.538816539542574,0.298802773509319,"ENGASE"
"ENSG00000119986",306.82176967904,-0.318573252029409,0.129454350927534,-2.46089258295954,0.0138591853247617,0.0302754328829954,-0.291693401506234,0.125435933811471,"AVPI1"
"ENSG00000162236",585.307272757299,0.274524457087042,0.111628995975409,2.45925760317254,0.0139224679114092,0.0304086284873281,0.256570596639105,0.10975824348887,"STX5"
"ENSG00000165972",28.3996370448602,-0.637043269578815,0.259061565407589,-2.45904199867138,0.0139308319843442,0.0304218500424408,-0.513882585895751,0.250458240569958,"CCDC38"
"ENSG00000162636",88.2039125393039,-0.490065145297693,0.19931017860653,-2.45880641281828,0.0139399762770614,0.0304367707568475,-0.416323437136977,0.191561959194453,"EEIG2"
"ENSG00000101166",405.317709441992,-0.362370762969125,0.147404909141969,-2.45833578459804,0.013958259634404,0.0304716375968436,-0.324377615237729,0.142193974179074,"PRELID3B"
"ENSG00000127603",2713.21344243158,0.305713045758508,0.124431851426855,2.45687130949921,0.0140152882781472,0.0305859912929034,0.282388819559847,0.122395651924026,"MACF1"
"ENSG00000196616",127922.656602948,-0.359275386016435,0.146232305945302,-2.45688108174141,0.0140149070532265,0.0305859912929034,-0.322662815450052,0.141090690988893,"ADH1B"
"ENSG00000111676",271.530885867883,0.629359343526849,0.256293575397752,2.45561888373566,0.0140642224786872,0.0306876952526344,0.500801388808976,0.264741280833832,"ATN1"
"ENSG00000126012",721.264286393929,0.367194040331888,0.149575001146278,2.45491584501335,0.0140917573103035,0.0307426804883938,0.328852571545753,0.14750328138609,"KDM5C"
"ENSG00000123636",362.824776172702,-0.375376794816479,0.152920952238117,-2.4547113349907,0.0140997759657688,0.0307499834959934,-0.332410589905469,0.147298280703292,"BAZ2B"
"ENSG00000158863",291.0443064105,0.518488032095252,0.211221551120025,2.45471179122544,0.0140997580727311,0.0307499834959934,0.433766108801808,0.212561938283558,"FHIP2B"
"ENSG00000197483",15.9598104729391,0.784254202285168,0.319544706907148,2.4542863184182,0.0141164533673168,0.0307812562163123,0.586220352745166,0.335745226803908,"ZNF628"
"ENSG00000182185",29.0750553317941,-0.346548225483423,0.141270492898384,-2.45308286517197,0.014163770636157,0.0308793184626002,-0.31277100234701,0.137979434294564,"RAD51B"
"ENSG00000187239",380.681745896625,-0.261998576681305,0.106815813143084,-2.45280702334164,0.0141746358558787,0.0308978900129966,-0.245512747058361,0.104062677780939,"FNBP1"
"ENSG00000154001",312.870262121295,-0.375661628544614,0.153175378603593,-2.45249355326746,0.0141869921533261,0.0309197051300599,-0.33512265602414,0.147718618958407,"PPP2R5E"
"ENSG00000164924",2372.12242016761,-0.353428899009559,0.144116842006868,-2.45237748820999,0.0141915695916909,0.0309245622714669,-0.317543566187789,0.139072909971341,"YWHAZ"
"ENSG00000243279",58.5483602395984,-0.439880937073154,0.179415178399996,-2.45174873718022,0.0142163892828088,0.0309735199896509,-0.382098978278626,0.172871058461772,"PRAF2"
"ENSG00000132466",1160.39703173903,0.299928013908852,0.1223875787225,2.45064096405489,0.0142602113668166,0.0310638555353254,0.276569645577392,0.120361090723396,"ANKRD17"
"ENSG00000163626",376.148083339561,-0.255525198988904,0.104277411560487,-2.45043672608506,0.0142683037572966,0.0310763419799117,-0.240117208090518,0.101690415891807,"COX18"
"ENSG00000090238",259.483648950085,-0.506488366824024,0.206701334117144,-2.45033912813054,0.0142721722489912,0.0310796261710583,-0.429810202584498,0.198323203678619,"YPEL3"
"ENSG00000167193",1152.78084567321,-0.221372683156841,0.0903524243866245,-2.45010230394673,0.0142815630998818,0.0310949329871083,-0.210228447075854,0.0884359224131742,"CRK"
"ENSG00000131788",130.891857958102,0.340011280617622,0.138788580227134,2.44985055730937,0.0142915516513071,0.0311115358864268,0.307892096962353,0.136210668452327,"PIAS3"
"ENSG00000067445",18.6855509223269,0.747699767897177,0.305257842135881,2.44940396179683,0.0143092863859337,0.0311398453813559,0.566434584679534,0.318524203475266,"TRO"
"ENSG00000116750",423.739637695493,-0.407369753451228,0.166312234289076,-2.44942745909575,0.0143083528021228,0.0311398453813559,-0.357496706660838,0.159943578701479,"UCHL5"
"ENSG00000086232",2186.40211497065,0.136684573956521,0.0558419672494461,2.44770341535339,0.01437699453765,0.0312820211671955,0.134163227072184,0.0553777091087337,"EIF2AK1"
"ENSG00000172671",133.534917912086,-0.251552696044651,0.102776025390097,-2.44758147719622,0.014381860409391,0.03128743789657,-0.236257774133794,0.100431990869905,"ZFAND4"
"ENSG00000170801",19.3174114865282,0.665316697579886,0.271866069129347,2.44722226539916,0.0143962029916505,0.0313134658166315,0.520453974241416,0.277440090029183,"HTRA3"
"ENSG00000095209",222.102629541052,-0.405915901947493,0.165937805992779,-2.44619301502128,0.0144373687069464,0.0313978190280238,-0.35473629260044,0.159532056594759,"TMEM38B"
"ENSG00000136286",44.5162133289407,0.580294011935841,0.237254530681627,2.44587115056842,0.0144502632305827,0.0314189977438518,0.474155499537048,0.24004239268359,"MYO1G"
"ENSG00000146826",137.661962610453,0.605078442844285,0.247391781608984,2.44583081502943,0.0144518798675958,0.0314189977438518,0.486111154848762,0.253403204795749,"TRAPPC14"
"ENSG00000165934",517.196480836877,0.288706876719133,0.118048755342351,2.44565794770015,0.0144588101480472,0.0314288747579973,0.267389450755987,0.116035421730052,"CPSF2"
"ENSG00000103852",255.488828903417,0.234611282752058,0.095950031589737,2.44514023460887,0.0144795828881762,0.0314688326684926,0.222956553156254,0.0943899638894218,"TTC23"
"ENSG00000104133",953.853366494231,0.280618910120868,0.114774100416769,2.44496719296324,0.0144865318836547,0.0314787388645317,0.263340166079768,0.112794133157779,"SPG11"
"ENSG00000138346",59.0647086311596,-0.55893728527948,0.22866425848905,-2.44435789385181,0.0145110234921301,0.0315267549995685,-0.462054872669209,0.21976961944057,"DNA2"
"ENSG00000147082",10.8355676462521,0.636437324853351,0.260381369586301,2.44425062309387,0.0145153391642761,0.0315309281367529,0.50711640492615,0.259463952184741,"CCNB3"
"ENSG00000133812",576.799559051052,0.462046780316847,0.189080669219965,2.44364895799755,0.0145395660841189,0.0315783449461414,0.396095955786585,0.188488739316995,"SBF2"
"ENSG00000115598",69.9834323889224,0.437727281024673,0.179168618226653,2.4431023990537,0.0145616049717997,0.0316209947317689,0.379357662923682,0.177193793491277,"IL1RL2"
"ENSG00000100321",75.0511742529487,0.46153257341135,0.18894846294845,2.44263735311395,0.0145803801985017,0.0316497575842507,0.392894298827909,0.18742639436988,"SYNGR1"
"ENSG00000172425",1385.68242590465,-0.388998459455607,0.159256178292039,-2.44259571984876,0.0145820620922121,0.0316497575842507,-0.344612460441742,0.153292976830239,"TTC36"
"ENSG00000244187",367.948597847749,-0.405034894378453,0.16582149949162,-2.44259577690601,0.0145820597871058,0.0316497575842507,-0.356433722270058,0.159567180662125,"TMEM141"
"ENSG00000111581",296.158588195598,-0.216784388607722,0.0887631692856545,-2.4422785976701,0.0145948787556095,0.0316723543260844,-0.206774630630109,0.0869669146004023,"NUP107"
"ENSG00000155975",363.355141518811,-0.349944449273711,0.143306046558997,-2.44193778055027,0.0146086641340292,0.0316970454826348,-0.309879328761768,0.138061551777958,"VPS37A"
"ENSG00000119844",563.731358831539,-0.359827550752906,0.147514744535764,-2.43926498252972,0.0147171721143241,0.0319272183320466,-0.322687049684276,0.142268860223908,"AFTPH"
"ENSG00000111802",732.970963351976,-0.319690030622023,0.131117435885545,-2.43819617477181,0.0147607611013153,0.0320141685884534,-0.291666521777559,0.126899953470052,"TDP2"
"ENSG00000156162",384.47663557666,-0.555079589548951,0.227663035437606,-2.4381630003395,0.0147621158666642,0.0320141685884534,-0.461249010023115,0.218229323526012,"DPY19L4"
"ENSG00000132205",38.9142079795415,0.665121874044418,0.272818054403068,2.43796868759188,0.0147700533406552,0.0320261070953666,0.519763859224768,0.281500208195754,"EMILIN2"
"ENSG00000197982",325.278646581443,0.400620951759971,0.164399846112271,2.43686938421086,0.0148150296137454,0.0321183401769426,0.354780760602718,0.16251501460782,"C1orf122"
"ENSG00000188706",913.400655954375,0.162675741802691,0.0667590660189401,2.43675880301469,0.014819560543873,0.0321228735792941,0.156817700849661,0.0660445752535093,"ZDHHC9"
"ENSG00000119041",332.321306579456,-0.270236756651502,0.111004704097624,-2.43446220453721,0.0149139373035162,0.0323221232161473,-0.250848881188282,0.10795596870681,"GTF3C3"
"ENSG00000166405",58.2221157078589,-0.627393378167376,0.257769837854723,-2.43392859067154,0.0149359413764229,0.0323644838976274,-0.504478223407728,0.247635610420369,"RIC3"
"ENSG00000105875",318.505497757653,0.321804726656333,0.132229667676904,2.43368021949995,0.0149461929478705,0.0323813684962421,0.293689780528176,0.129911078346136,"WDR91"
"ENSG00000177192",167.604682652783,0.504555452257686,0.207383357712255,2.43296018457642,0.0149759475813353,0.0324404945468675,0.424237849348506,0.207899022214501,"PUS1"
"ENSG00000183856",11.8848811543376,0.972589180144185,0.399967347206321,2.43167145252605,0.015029333284241,0.0325507817108599,0.663717898578355,0.445911115582391,"IQGAP3"
"ENSG00000139428",1985.36463008468,0.414125219004656,0.170338612881029,2.43118816104189,0.0150493968034439,0.0325835155918668,0.364937717806131,0.168752430144478,"MMAB"
"ENSG00000221968",218.536769363874,0.392796654595069,0.161564904629175,2.43120036183983,0.0150488900054388,0.0325835155918668,0.347079061270508,0.15955957555421,"FADS3"
"ENSG00000175416",411.976917189795,0.381356526078766,0.156911993997351,2.43038480592633,0.0150827997517082,0.0326504672033854,0.338847111309507,0.154827163485254,"CLTB"
"ENSG00000037042",131.603773449972,0.56919233011082,0.234280793708854,2.42953048391226,0.0151183934962335,0.0327221385453575,0.46332452457721,0.237818765500882,"TUBG2"
"ENSG00000103202",1107.04467678807,0.377826478678258,0.155518666909618,2.4294606312298,0.0151213070477933,0.0327230651859379,0.33606843298495,0.153465964986169,"NME4"
"ENSG00000135164",495.381892319931,-0.411883361424049,0.169571104888251,-2.42897138457337,0.0151417273632676,0.0327618705776139,-0.358457456820366,0.162779762697204,"DMTF1"
"ENSG00000178338",71.6334777528844,-0.358071137657803,0.147468686371909,-2.4281164121498,0.01517747075047,0.0328338120112862,-0.321339525130119,0.142395268406974,"ZNF354B"
"ENSG00000032389",212.766576342775,0.317395738368915,0.13076801752255,2.42716640033318,0.0152172745294005,0.0329145114377499,0.299530018249595,0.128398440537389,"EIPR1"
"ENSG00000156500",20.2451142588549,-0.36798755572866,0.151616938571325,-2.42708736369549,0.0152205901596004,0.0329145114377499,-0.328516013836629,0.14755264106636,"PABIR3"
"ENSG00000197272",121.621811089152,-0.638999329364475,0.263282610066259,-2.42704722960496,0.015222274050164,0.0329145114377499,-0.511614069052752,0.252434599315364,"IL27"
"ENSG00000152700",3127.38628858807,-0.240335114327054,0.0990301375960593,-2.42688862361651,0.0152289302256,0.03292349677344,-0.224385208851885,0.0965767690327323,"SAR1B"
"ENSG00000112159",2054.2982293544,0.583677204721441,0.240546500625321,2.42646308802715,0.0152468012278893,0.0329513107298737,0.472391762691442,0.24582847354398,"MDN1"
"ENSG00000153391",116.834822917023,-0.323151678920369,0.13317589468997,-2.42650278169828,0.0152451334524124,0.0329513107298737,-0.293842027438103,0.128994846730581,"INO80C"
"ENSG00000142694",23.6669029418125,0.746132969666192,0.307552216733353,2.42603671529732,0.0152647259038369,0.0329846350319903,0.560111800170636,0.323459214950888,"EVA1B"
"ENSG00000107742",107.274504634805,0.607976995362374,0.2506306714521,2.42578847927864,0.0152751702696551,0.0330017872941056,0.485619170287976,0.256681568245729,"SPOCK2"
"ENSG00000092978",97.7239873752001,-0.286321077849932,0.11804492588165,-2.42552634695194,0.015286206142765,0.0330202116613033,-0.265960540310442,0.114841238771427,"GPATCH2"
"ENSG00000172732",216.54345353321,0.340792204821537,0.140529218503892,2.4250629758686,0.015305731418205,0.0330569651988332,0.308180757746172,0.138155524434753,"MUS81"
"ENSG00000132024",264.15352104883,0.525457338303645,0.216705879810856,2.42474887512177,0.0153189793053359,0.0330760419025683,0.436688507005304,0.218331615248594,"CC2D1A"
"ENSG00000175895",195.560037926723,-0.461080060889965,0.190156931941318,-2.42473443477861,0.0153195886010832,0.0330760419025683,-0.394843963031845,0.18237646565056,"PLEKHF2"
"ENSG00000055957",44813.3483834693,0.29243199464429,0.120628954953728,2.42422720777499,0.0153410040744561,0.0331168486053926,0.29461114360816,0.118140519984176,"ITIH1"
"ENSG00000105516",213.226988470245,0.587867307362246,0.242531990120679,2.42387532906375,0.0153558761144916,0.0331435188399011,0.475255273871563,0.247662772687392,"DBP"
"ENSG00000131871",706.877380445676,-0.25120852836304,0.103673808973802,-2.42306645091548,0.0153901112163701,0.0332119659522584,-0.235271127356477,0.101041614506093,"SELENOS"
"ENSG00000100348",1715.69380370186,0.230876510513742,0.0952983208795933,2.42267133757212,0.0154068584737882,0.0332426579262365,0.221306062792958,0.0938433202312535,"TXN2"
"ENSG00000172201",18.2297289874228,-1.16125692043775,0.479454318195027,-2.42203871436483,0.0154337062176085,0.0332951296183898,-0.798223659697711,0.471381164591853,"ID4"
"ENSG00000132763",617.065245584031,0.29494233315938,0.121787362433343,2.42178110492219,0.0154446506350695,0.033312953910323,0.278315388968818,0.119570797095748,"MMACHC"
"ENSG00000153443",127.440291463943,0.610455045419318,0.252074454764592,2.42172514461813,0.0154470289854566,0.033312953910323,0.486588370909405,0.258573177243266,"UBALD1"
"ENSG00000136930",1926.03190521445,-0.210598841870586,0.086966966660894,-2.42159580765607,0.0154525271264154,0.0333193534468366,-0.200009967296939,0.0851961602171311,"PSMB7"
"ENSG00000116191",1024.15144563099,-0.443891005820911,0.183337558323723,-2.42116787132685,0.0154707310672345,0.0333531431523186,-0.38267856070811,0.175790911038651,"RALGPS2"
"ENSG00000174928",36.8616599054673,-0.363622320246396,0.150190010048863,-2.42108193566333,0.0154743889506096,0.033355567276314,-0.32618455962079,0.145498512969105,"MISO1"
"ENSG00000139835",523.749398746211,-0.340864478074613,0.140811486004567,-2.42071501229351,0.0154900157443536,0.0333837857734751,-0.3079289211711,0.136023654488455,"GRTP1"
"ENSG00000105851",24.8631786449721,0.785655959308125,0.324677829876393,2.41980168343256,0.0155289735671797,0.0334622693920603,0.57779029516672,0.34591199080673,"PIK3CG"
"ENSG00000198056",73.1954934379575,0.412972334634055,0.170699641918239,2.41929233121567,0.0155507372922216,0.0335036830615921,0.361105001913968,0.1682001683284,"PRIM1"
"ENSG00000204653",943.014598368113,0.559235692468053,0.231196507028031,2.41887604469841,0.0155685444107515,0.0335365601622961,0.457729134137957,0.234864900473833,"ASPDH"
"ENSG00000070495",168.758211044137,0.33632709906009,0.139066205822445,2.41846749949804,0.015586037828269,0.0335687508665122,0.30448358453106,0.13653953308819,"JMJD6"
"ENSG00000163125",434.69246584182,0.276970766013539,0.114548883813033,2.41792636291079,0.0156092352751934,0.0336132142023546,0.255497504309479,0.112587376097187,"RPRD2"
"ENSG00000166323",17.9727628967343,-0.414236938843015,0.171407160562492,-2.41668397915028,0.0156626087563246,0.0337226339960375,-0.361756059152233,0.166703029099969,"C11orf65"
"ENSG00000188277",27.5971452902727,0.577664975652981,0.239040533593579,2.4165984193925,0.0156662903523441,0.0337250455819102,0.467873732069457,0.240116370898382,"C15orf62"
"ENSG00000115145",362.529814840926,-0.290162947448936,0.120074267576044,-2.41652898082576,0.0156692788207574,0.0337259645175891,-0.266164265563059,0.116435072568822,"STAM2"
"ENSG00000167608",87.0463110964132,1.36768704719908,0.56602182743941,2.41631502690677,0.0156784900348621,0.0337402745666876,0.625165280016729,0.828012334471081,"TMC4"
"ENSG00000121316",129.482105623315,0.421601260407249,0.174495517746456,2.41611512921405,0.0156871003998009,0.0337532871161592,0.366941837251481,0.172478808479278,"PLBD1"
"ENSG00000084070",966.242168233499,-0.215355868487644,0.0891493315285966,-2.41567563990723,0.0157060455281296,0.0337885286639467,-0.204923233682831,0.0872994947744454,"SMAP2"
"ENSG00000153317",172.267121606364,-0.328678682494308,0.136083222317342,-2.41527704074966,0.0157232454010996,0.0338200047297627,-0.297397936218316,0.131502082734026,"ASAP1"
"ENSG00000099864",73.7583407316011,0.699249142367065,0.289616648381459,2.41439553380258,0.0157613419820547,0.0338964110643143,0.533532137535748,0.303893726644128,"PALM"
"ENSG00000120685",248.453064244627,0.27667643487838,0.114608903917143,2.4140919721072,0.0157744799596095,0.033919125126281,0.257586717805868,0.112478695357371,"PROSER1"
"ENSG00000075303",143.377082788535,-0.518131634112804,0.21466457148681,-2.41368023854202,0.0157923149462619,0.0339519298795695,-0.433423542543707,0.205667119948967,"SLC25A40"
"ENSG00000099889",224.432775922818,0.592393205345526,0.245438048466151,2.41361601857433,0.0157950983490103,0.0339523697735623,0.475303612827621,0.250953534985061,"ARVCF"
"ENSG00000187994",62.6406324342968,-0.402514526340434,0.166829044959145,-2.41273650184239,0.0158332615436396,0.0340288477772705,-0.353254785700572,0.160933317345454,"RINL"
"ENSG00000104331",1177.15829997752,-0.297978098325081,0.123563761212038,-2.41153308544683,0.0158856104786678,0.0341190779057325,-0.270128034692998,0.119527019230731,"BPNT2"
"ENSG00000152503",10.5213566040122,-0.649274844028908,0.269233915734714,-2.41156409383676,0.0158842596973781,0.0341190779057325,-0.514757294380711,0.261775408879399,"TRIM36"
"ENSG00000185730",49.8152540844961,0.429689788115988,0.178174371091327,2.41162511467905,0.0158816018145858,0.0341190779057325,0.37213213229616,0.175500334737398,"ZNF696"
"ENSG00000256087",68.7338193556097,-0.401668582689827,0.166554317532153,-2.41163716823062,0.0158810768447013,0.0341190779057325,-0.35301517444137,0.160388006906235,"ZNF432"
"ENSG00000111725",336.990629235544,0.259650958403056,0.107678602460216,2.41135148925237,0.0158935231640141,0.0341305049710341,0.243192863281396,0.10576993212381,"PRKAB1"
"ENSG00000031691",39.9840496751665,-0.567743964999409,0.235483728741626,-2.41096897876261,0.0159102016215168,0.0341607492741177,-0.462792245729176,0.226071190105095,"CENPQ"
"ENSG00000142188",489.744727749555,-0.319781753554613,0.132668821595828,-2.41037607561496,0.0159360841654158,0.0342107425602257,-0.282135778603694,0.127741562271097,"TMEM50B"
"ENSG00000134970",1026.93625518711,-0.849766146117177,0.352644212495851,-2.40969826245815,0.0159657187130744,0.0342687728360512,-0.629800020636591,0.338633941520182,"TMED7"
"ENSG00000165572",137.806286732582,-0.43704740245901,0.18138267136521,-2.40953228425568,0.0159729827973236,0.0342787761221781,-0.378269092828063,0.174174645685547,"KBTBD6"
"ENSG00000108406",340.598637786101,-0.312481731372383,0.129691711723743,-2.40941943952441,0.0159779231390276,0.0342837900991586,-0.282504667892296,0.125360668884197,"DHX40"
"ENSG00000163170",156.908320628443,-0.298980571261499,0.124137041242134,-2.4084718652052,0.0160194609707633,0.0343673167901368,-0.274855552785377,0.120548762392754,"BOLA3"
"ENSG00000142751",282.196176408954,0.283602079346045,0.117763402063008,2.40823612750512,0.0160298094949532,0.0343839152509862,0.279517846486116,0.115322977127997,"GPN2"
"ENSG00000103066",366.544654044173,0.371010652030332,0.154070649434325,2.40805535247959,0.0160377492228651,0.0343920954076201,0.331908873089977,0.151792500643046,"PLA2G15"
"ENSG00000262814",64.9625953096385,0.867340786622378,0.360186816346431,2.40803035330466,0.0160388474709697,0.0343920954076201,0.606323754011184,0.401731051188194,"MRPL12"
"ENSG00000155016",220.08217768954,0.274299200811772,0.113924702627226,2.40772364979796,0.0160523267597579,0.0344153939291601,0.261449542868808,0.111732666702407,"CYP2U1"
"ENSG00000136243",210.584180192311,-0.2542337799247,0.105611839798446,-2.4072469564955,0.0160732966846377,0.0344547418023347,-0.232012605303813,0.102661850843917,"NUP42"
"ENSG00000119431",1772.13512129482,0.376311556473744,0.156333254093526,2.40711138942082,0.0160792647296171,0.0344619240485332,0.33674148780228,0.154190973361387,"HDHD3"
"ENSG00000156976",5074.68832833777,-0.250937670832849,0.104263065234219,-2.40677434783963,0.016094110692858,0.0344881284801706,-0.231988289785149,0.101447246457881,"EIF4A2"
"ENSG00000104957",172.995394183241,0.588831856521567,0.244711291499602,2.40623084007763,0.0161180764332521,0.0345338640065414,0.472602091207926,0.249772683637977,"YJU2B"
"ENSG00000134744",423.477875545478,0.257760073283358,0.10721771145635,2.40408109613769,0.0162131761479537,0.0347319682987242,0.241445758334959,0.105351248755496,"TUT4"
"ENSG00000179922",98.9812134524946,0.378456595903108,0.157513892775204,2.40268708515269,0.0162751072160726,0.0348589656103485,0.334912211573243,0.154860722827449,"ZNF784"
"ENSG00000115107",4332.31145886813,0.302194509225808,0.125781934521127,2.40252712264533,0.0162822270732319,0.0348685428832419,0.277819200130323,0.1236136741593,"STEAP3"
"ENSG00000172264",50.618531640455,-0.441900159377216,0.184125544983642,-2.39999376195452,0.0163953512474808,0.0351050893680813,-0.381027588967168,0.177147603122629,"MACROD2"
"ENSG00000160953",809.568798379154,0.482057640966106,0.200905486337454,2.39942497218026,0.0164208445835882,0.035153957689028,0.409271416391325,0.200781556412513,"PWWP3A"
"ENSG00000157110",472.006912735826,-0.489881261480029,0.204181398825442,-2.39924530000325,0.0164289047810702,0.035165495097963,-0.411144175633867,0.195081023409209,"RBPMS"
"ENSG00000198131",164.278205377211,0.322964339489735,0.134617220284554,2.39913094927271,0.0164340364304822,0.035170761320502,0.293903907888505,0.132111998911749,"ZNF544"
"ENSG00000164078",10.7641739994099,0.895942687408291,0.373594949191983,2.39816595311594,0.0164773980954153,0.0352569046566275,0.624913118041961,0.403671599207215,"MST1R"
"ENSG00000167543",333.323287831099,0.683806331402927,0.285143137957084,2.39811603499238,0.0164796438748964,0.0352569046566275,0.522679447675636,0.299337643450871,"TP53I13"
"ENSG00000132964",186.679177798383,-0.251126827470736,0.104726174209644,-2.39793756781397,0.0164876751804029,0.0352683560398351,-0.233802429464171,0.102089837763098,"CDK8"
"ENSG00000151746",21.6071437248125,-0.614533177082211,0.256400719256439,-2.39676853818646,0.0165403684319276,0.0353722745750572,-0.493059211549859,0.247069659220347,"BICD1"
"ENSG00000161649",11.8926331450121,-0.953068874704571,0.397652075811329,-2.39674059983222,0.0165416295426574,0.0353722745750572,-0.680957083168988,0.389251715676275,"CD300LG"
"ENSG00000072849",722.023622650524,-0.276023465072645,0.115203175621351,-2.39597097548663,0.0165764028745059,0.035429709008426,-0.255244839123589,0.111849342420385,"DERL2"
"ENSG00000128342",15.2460995029867,0.895854221546877,0.373900828274697,2.39596746998569,0.0165765614075577,0.035429709008426,0.62299168281864,0.408678715318232,"LIF"
"ENSG00000140945",18.1205321862493,-0.992804301149315,0.414363577323128,-2.39597386325079,0.016576272279031,0.035429709008426,-0.703253933896257,0.404500656829273,"CDH13"
"ENSG00000122705",935.958408610388,-0.209224636382706,0.0873416487946115,-2.39547385777785,0.0165988978637472,0.0354716911660601,-0.201482981772886,0.0855850667149745,"CLTA"
"ENSG00000146166",111.456313296943,-0.486140542234697,0.203036520191997,-2.39435024681761,0.0166498409919438,0.0355747819701286,-0.409282179018129,0.194374643126077,"LGSN"
"ENSG00000177706",946.382672768006,0.400523263645853,0.167306342942679,2.39395145815288,0.0166679545575893,0.0356077056149961,0.352812482632614,0.165394090278114,"FAM20C"
"ENSG00000084733",1059.70637627658,-0.385305097287662,0.160986643226714,-2.3933979214974,0.0166931256805257,0.0356556931716095,-0.339407852219513,0.154686592504797,"RAB10"
"ENSG00000205269",342.267492224085,-0.549411672831394,0.229561708555631,-2.39330712551415,0.0166972576557097,0.0356587338678142,-0.451943698796555,0.219394020634631,"TMEM170B"
"ENSG00000089876",334.017910446873,-0.185791488585406,0.0776652847687654,-2.39220765286018,0.0167473641618108,0.035757921350111,-0.177943819798134,0.0763372711738549,"DHX32"
"ENSG00000146350",16.0730016381176,-0.550111562503228,0.229963515659801,-2.39216886611283,0.0167491342067549,0.035757921350111,-0.453640990086966,0.222387708758166,"TBC1D32"
"ENSG00000179010",3175.43120099456,-0.152782286338839,0.0638693878958368,-2.39210506585734,0.0167520461079835,0.0357583396656471,-0.152285947376622,0.0631003807201474,"MRFAP1"
"ENSG00000092820",1058.95224319406,0.245391778277211,0.102595858740854,2.39182927350941,0.0167646386333351,0.03577941842219,0.231774300452038,0.101010051327787,"EZR"
"ENSG00000140471",118.535090812477,-0.305700948853494,0.127893647696546,-2.39027468806608,0.0168357756996935,0.0359195953430829,-0.279549180113259,0.123902524499344,"LINS1"
"ENSG00000183208",61.4131403993415,0.355720232138565,0.148817949037432,2.39030462682356,0.0168344032184862,0.0359195953430829,0.318423277297452,0.145715008584119,"GDPGP1"
"ENSG00000115414",85099.1993447798,0.370036695184774,0.154813232589447,2.39021360768354,0.0168385761097301,0.0359197493617476,0.388842954077815,0.151157693893645,"FN1"
"ENSG00000151689",270.941907956579,-0.225246101906681,0.0942406710020007,-2.39011564234193,0.016843068473166,0.0359235119905563,-0.212993390620305,0.0921934080516993,"INPP1"
"ENSG00000113263",40.5456822997496,-0.623328043397648,0.260822764966804,-2.38985290826505,0.0168551217751859,0.0359433970346774,-0.497706576138931,0.250294612722349,"ITK"
"ENSG00000129151",1783.63585037764,-0.388888434121718,0.162767438781062,-2.38922745872294,0.0168838456381205,0.0359988197038857,-0.334701490503388,0.155660003633146,"BBOX1"
"ENSG00000155287",492.789706924743,-0.387198333558933,0.162076637374517,-2.38898301341369,0.0168950834971036,0.0360169477530546,-0.341380893409884,0.15575022234133,"SLC25A28"
"ENSG00000114904",286.599559195834,-0.213376436157196,0.0893463339605314,-2.38819464323466,0.016931371900469,0.0360884640507649,-0.202995323199041,0.0874958262369056,"NEK4"
"ENSG00000131626",418.845813587282,0.169966393808744,0.0711890366062542,2.38753608577155,0.0169617374890845,0.036147335024488,0.167202675527075,0.0702864150838062,"PPFIA1"
"ENSG00000104897",128.274688690725,0.688471907838412,0.288382855206231,2.38735380903995,0.016970150572142,0.0361535602642107,0.523560862459724,0.302491172264882,"SF3A2"
"ENSG00000186564",11.5408131606499,0.68214831499507,0.285728754229692,2.38739820510576,0.0169681011099655,0.0361535602642107,0.527826522426299,0.286680756363877,"FOXD2"
"ENSG00000164465",216.533794496078,-0.16980445854311,0.0711393992410757,-2.38692567486662,0.0169899257448046,0.0361898337414815,-0.164308316196102,0.0700271092663563,"DCBLD1"
"ENSG00000137094",65.0912197713135,0.403944691520989,0.169271563600691,2.38637065156371,0.01701559192245,0.0362386417423127,0.352976949194954,0.166276834224626,"DNAJB5"
"ENSG00000178966",93.3594993044713,-0.445743724957107,0.186801101963672,-2.38619430116528,0.0170237540881727,0.0362501611393954,-0.382938006988716,0.179262013465781,"RMI1"
"ENSG00000183734",10.8949473179854,-0.592610112245842,0.248447012924561,-2.38525754554265,0.0170671683138569,0.0363367299515265,-0.476827372428326,0.242296852483865,"ASCL2"
"ENSG00000116525",31.1049926677845,0.454103004128985,0.190386483497104,2.38516409247031,0.0170715047495149,0.0363400859389027,0.388118060905389,0.187056890765107,"TRIM62"
"ENSG00000077274",10.864377361908,1.19617079409676,0.501629998907744,2.38456790204198,0.0170991921078439,0.0363931398790612,0.681913935974695,0.629657763527746,"CAPN6"
"ENSG00000118961",295.121190831854,0.226295899979548,0.0949042746356678,2.38446477619986,0.0171039853142063,0.0363974576768773,0.214491753926283,0.0933516297809866,"LDAH"
"ENSG00000038382",476.26007991254,0.263651922025393,0.110593016519717,2.38398345865165,0.0171263721613919,0.036432147477239,0.244242880267435,0.108573292858977,"TRIO"
"ENSG00000115548",418.794452315087,-0.265779502904488,0.111489935590463,-2.38388785047629,0.0171308221092523,0.036432147477239,-0.245982818283378,0.108314782470288,"KDM3A"
"ENSG00000125703",174.480828263613,-0.45155618614156,0.189417672383401,-2.38391793363169,0.0171294218217954,0.036432147477239,-0.386916429005833,0.18152525595833,"ATG4C"
"ENSG00000239697",93.4657531412701,-0.413573232072328,0.173487699721326,-2.38387639433028,0.0171313553874819,0.036432147477239,-0.359727625146848,0.166729867078714,"TNFSF12"
"ENSG00000102908",265.94662493257,0.485432442019897,0.203749076242011,2.38250131472158,0.0171954705809571,0.0365591586127606,0.407859145985393,0.203617003569861,"NFAT5"
"ENSG00000116791",3312.64040696856,-0.377886672222957,0.158610875608623,-2.38247642712346,0.0171966329400597,0.0365591586127606,-0.33128955897823,0.152238776579778,"CRYZ"
"ENSG00000197702",546.009095299524,0.220095555298331,0.092398857843537,2.38201597330379,0.0172181505738895,0.0365965417616517,0.209855832273076,0.0909506252193393,"PARVA"
"ENSG00000225697",132.901210020734,0.645485653475908,0.270986879637396,2.38198120270481,0.0172197764099523,0.0365965417616517,0.50111799155594,0.280492552922879,"SLC26A6"
"ENSG00000198839",383.706721872152,-0.366669433088133,0.153941565783876,-2.3818741301028,0.0172247838562968,0.0366012757023891,-0.326657523013608,0.148166739399443,"ZNF277"
"ENSG00000179144",194.638483530795,-0.44225388420507,0.185680468530972,-2.38180077691532,0.0172282150896691,0.0366026593304153,-0.380397255027612,0.177967982276329,"GIMAP7"
"ENSG00000129292",426.659349948956,-0.307087141069115,0.128961654975501,-2.38122828935045,0.017255014878012,0.0366536827821727,-0.282462021989229,0.124918031019709,"PHF20L1"
"ENSG00000140403",41.1003391576615,-0.388114533573365,0.16316941656433,-2.37859852505111,0.0173785920183923,0.0369102343142689,-0.342894671510711,0.157397715863159,"DNAJA4"
"ENSG00000107672",569.829405486373,-0.2854059366784,0.119993579699366,-2.37851006190049,0.0173827625123065,0.0369130703345953,-0.273278234737479,0.116745176162605,"NSMCE4A"
"ENSG00000114902",1273.55335790008,-0.232746809193898,0.0978564547735992,-2.37845127061246,0.017385534645665,0.0369130703345953,-0.219570526567612,0.095520195020768,"SPCS1"
"ENSG00000121879",317.917695081753,-0.453185482475016,0.190571887555139,-2.37802903822262,0.0174054551867601,0.0369494071249409,-0.389092967713926,0.182515530366551,"PIK3CA"
"ENSG00000130635",208.257472736843,0.715994518860513,0.301109046178162,2.37785788221344,0.0174135358712094,0.0369606018507727,0.536209656368423,0.319048347872787,"COL5A1"
"ENSG00000117298",1220.78922193475,0.344479554333757,0.14487575081972,2.37775854402591,0.0174182273731037,0.0369646005148748,0.306648293311021,0.142409405566611,"ECE1"
"ENSG00000071575",262.502801184015,-0.287619717948559,0.12100398065882,-2.37694426565622,0.0174567255624361,0.037034844419082,-0.264671649787816,0.117315553546559,"TRIB2"
"ENSG00000130529",158.3982052235,0.455841948251844,0.191776844279745,2.37693945775282,0.0174569530962193,0.037034844419082,0.388185689344708,0.190528939136673,"TRPM4"
"ENSG00000102401",487.926502143332,-0.418448051686496,0.176078650681834,-2.37648374783728,0.0174785313518335,0.0370746485867956,-0.363433005090873,0.168796388709252,"ARMCX3"
"ENSG00000135297",670.956993114248,0.232972176158744,0.0980375994993171,2.37635537129168,0.0174846143116954,0.0370815773240628,0.218408094779744,0.0964203209518368,"MTO1"
"ENSG00000167182",109.79636732417,0.369823362686122,0.155646392157364,2.37604841050359,0.0174991667850006,0.0371064631810788,0.329947208869079,0.153013519351102,"SP2"
"ENSG00000179151",261.94562824732,0.245295931312136,0.103246517789329,2.37582764595174,0.0175096394094491,0.0371226912181654,0.231154031554135,0.101395103112028,"EDC3"
"ENSG00000049860",1757.3781524925,0.210560392002182,0.0886432849802983,2.37536765530497,0.0175314780902381,0.0371630076535301,0.211730962665733,0.0874421007017591,"HEXB"
"ENSG00000186260",360.864930714168,0.334673381685854,0.140922217102149,2.37488018970963,0.0175546472386525,0.0372061309633128,0.30208678528508,0.138418105273487,"MRTFB"
"ENSG00000105576",554.142790430173,0.201674140935295,0.084948755427057,2.37406822408912,0.0175932994077555,0.0372820505395959,0.192952230030968,0.0836862389583143,"TNPO2"
"ENSG00000120868",169.794396149239,-0.291009056892108,0.122585071617678,-2.37393552943963,0.0175996231857627,0.0372834495355997,-0.267553325015725,0.118818929279729,"APAF1"
"ENSG00000213799",61.5974499116582,0.538623678418726,0.226888151812047,2.37396124088895,0.0175983977094793,0.0372834495355997,0.440368658583526,0.227789069541165,"ZNF845"
"ENSG00000150401",130.109196170071,-0.241189641953735,0.101603899361679,-2.37382269252455,0.0176050021787519,0.037288844704866,-0.226811881428537,0.0990879066982764,"DCUN1D2"
"ENSG00000087237",421.003150183603,-0.796990167094246,0.335769594965362,-2.37362220714614,0.0176145629733366,0.0373030941140341,-0.595406317773395,0.321609224684837,"CETP"
"ENSG00000100883",1039.70461362124,0.276879564555715,0.116665863246288,2.3732697539057,0.0176313818812119,0.0373267042688592,0.264119265607309,0.11440051018734,"SRP54"
"ENSG00000104946",513.539236690521,0.475304463414831,0.200269450356483,2.37332485093848,0.0176287517480726,0.0373267042688592,0.40347194463749,0.199796248045191,"TBC1D17"
"ENSG00000168005",30.7683303318157,0.445945741975619,0.187950722259227,2.37267373391925,0.0176598557125845,0.0373809743266699,0.380976088207846,0.184437218219155,"SPINDOC"
"ENSG00000163959",1138.5227139695,0.463370741395913,0.195392403810634,2.37148800239436,0.0177166218672488,0.0374932971511931,0.392961983140062,0.194664930660214,"SLC51A"
"ENSG00000204463",1794.36261328015,0.299180142298124,0.126159351702739,2.3714464148727,0.0177186157431812,0.0374932971511931,0.274237712435816,0.123912876468304,"BAG6"
"ENSG00000104450",82.7150159978651,-0.361781407916502,0.15256547970768,-2.37131891571859,0.0177247297999469,0.0374941826070214,-0.322532490778724,0.147054457903308,"SPAG1"
"ENSG00000181904",715.277975959623,-0.536244916173382,0.226137195902447,-2.37132557531452,0.0177244104018935,0.0374941826070214,-0.438019523681899,0.215315536722168,"C5orf24"
"ENSG00000084463",599.032399142869,-0.143972900945918,0.0607327948051901,-2.37059567911758,0.0177594466760793,0.0375615863353027,-0.140239653462195,0.0600020323201481,"WBP11"
"ENSG00000100865",300.961793831111,0.200442799667207,0.0845644516455964,2.37029621509578,0.0177738390136718,0.0375803006079913,0.191586606697887,0.0833710465641747,"CINP"
"ENSG00000139726",545.791856013672,-0.267951350916653,0.113045676018111,-2.37029279097526,0.0177740036370927,0.0375803006079913,-0.249037198543217,0.109847458951207,"DENR"
"ENSG00000149658",550.523024646737,-0.220559418017267,0.0930549635192683,-2.37020584046113,0.0177781844549755,0.0375831047742786,-0.207745957223724,0.0909423735342856,"YTHDF1"
"ENSG00000106066",548.384171872501,0.741583945664169,0.312886208259234,2.37013945034531,0.0177813772529839,0.0375838197002386,0.55047069854185,0.334963342366055,"CPVL"
"ENSG00000159377",2622.8658092705,-0.206735277337485,0.0872316984170866,-2.36995588861526,0.0177902076209894,0.0375964484009545,-0.196787719317024,0.0854350476639789,"PSMB4"
"ENSG00000205702",804.87063451108,0.840456183140217,0.354957512258331,2.3677655891631,0.0178958703815943,0.0378136782930621,0.58502657687955,0.394792076214418,"LOC105377203"
"ENSG00000155542",182.304488074577,-0.329242826331795,0.139062434930182,-2.367589971347,0.0179043661631455,0.0378255591951178,-0.296792829948658,0.134298345897687,"SETD9"
"ENSG00000198890",144.767002538669,-0.740707301032842,0.313082826436258,-2.36585094578366,0.0179886851084901,0.0379975979686155,-0.562510964306486,0.29950388914554,"PRMT6"
"ENSG00000145740",551.727181686248,-0.342543237554548,0.144839512103065,-2.36498475161115,0.018030813297641,0.0380728939004213,-0.307449753914537,0.1395546189094,"SLC30A5"
"ENSG00000179409",259.605878320336,0.252014739128247,0.106559237224626,2.36502011174312,0.0180290918331677,0.0380728939004213,0.236163025843937,0.104598986399133,"GEMIN4"
"ENSG00000198203",35.8055535812318,1.29612551459516,0.548058588440566,2.36493970158031,0.0180330067114558,0.0380728939004213,0.622236867793586,0.756709695119779,"SULT1C2"
"ENSG00000124789",567.158213604415,0.34098576028253,0.144197513019442,2.36471318500864,0.0180440389825108,0.0380900781214907,0.306636136398465,0.141726119864846,"NUP153"
"ENSG00000114942",3581.17264160653,-0.221893635015159,0.0938401205548847,-2.3645923907928,0.0180499245646134,0.0380963941676338,-0.210166186946917,0.0917056642624822,"EEF1B2"
"ENSG00000111252",615.618082111288,0.351467393394428,0.14871246623609,2.36340235818867,0.0181079976963888,0.0382128382225765,0.31502184083951,0.146204163233989,"SH2B3"
"ENSG00000115159",98.4686032011486,-0.420939552616608,0.178136037813707,-2.36302298952457,0.0181265451046829,0.0382458482128615,-0.364588678003937,0.17096971887258,"GPD2"
"ENSG00000204070",425.472601540317,-0.167491138273263,0.070887221186665,-2.36278324173851,0.0181382749980352,0.0382644654100514,-0.162175471557745,0.0698556183835224,"SYS1"
"ENSG00000145703",4698.99922107214,-0.332644581647342,0.140822600232334,-2.36215338375043,0.0181691230880663,0.038323401886812,-0.29135369740717,0.135187008161781,"IQGAP2"
"ENSG00000198715",950.117695778331,0.370968176236971,0.1570510875148,2.36208600721732,0.0181724256572434,0.0383242281280261,0.328739213394413,0.154726842942435,"GLMP"
"ENSG00000089195",107.84296206431,-0.214970008796226,0.0910129362093559,-2.36197202012836,0.0181780141147238,0.0383298740926415,-0.204717861920455,0.0892041105728469,"TRMT6"
"ENSG00000103091",987.213254553976,-0.324131048424115,0.137283466975973,-2.36103483954732,0.0182240184472087,0.038420724880056,-0.293417766195283,0.132477505240283,"WDR59"
"ENSG00000155363",985.017666430777,0.271453215054005,0.114981913242902,2.36083404248592,0.0182338884258643,0.0384353786447212,0.251208665503244,0.112972352635778,"MOV10"
"ENSG00000117616",861.355738833667,-0.428550921573796,0.181582508138913,-2.36008922867146,0.0182705398930607,0.0385064716235053,-0.364406308170307,0.173269197089603,"RSRP1"
"ENSG00000177303",192.586129663492,0.529235580652353,0.224274489280508,2.35976718685298,0.0182864071790124,0.0385337447053261,0.433400517063674,0.225775248690207,"CASKIN2"
"ENSG00000183569",12.5634065167876,-0.551500473265659,0.233761573096456,-2.35924350593798,0.018312235162042,0.0385819952221867,-0.45016669654792,0.22614629798772,"SERHL2"
"ENSG00000129460",322.92361122349,-0.200397983668772,0.0850009626655062,-2.35759663637427,0.0183936671426205,0.0387473634559585,-0.191438987954631,0.0833635236260993,"NGDN"
"ENSG00000119522",320.927402746049,0.3725926606657,0.158066401328798,2.3571907599178,0.0184137849421814,0.0387835374418109,0.329794474576171,0.15558662591693,"DENND1A"
"ENSG00000112531",1042.56276792245,-0.408995767438917,0.17352637691693,-2.35696598238036,0.0184249346202382,0.0388008140131248,-0.350203258888674,0.165724592755684,"QKI"
"ENSG00000059804",63.6948248980312,-0.475445622546013,0.201745141112768,-2.35666455173885,0.0184398958101366,0.0388261103848166,-0.401682848418812,0.193087120496594,"SLC2A3"
"ENSG00000108010",498.521325733235,0.188938293768577,0.0802047917218958,2.35569832814611,0.0184879249835311,0.0389210138044724,0.18147650900724,0.0790671667881413,"GLRX3"
"ENSG00000089682",137.938685824339,0.411311730680444,0.174612636818088,2.35556680304273,0.0184944713096357,0.0389285706255258,0.357064602102633,0.172242198444305,"RBM41"
"ENSG00000145912",452.767327899941,0.28905385984092,0.122724404931118,2.35530870981333,0.0185073231371687,0.038949395208434,0.266968242141219,0.120453695831433,"NHP2"
"ENSG00000101843",324.563882111852,-0.357044716019325,0.15160223117234,-2.35514156525467,0.0185156503181983,0.0389606923588618,-0.317636042290356,0.145845526511325,"PSMD10"
"ENSG00000181315",69.2426141782293,0.474257230614897,0.201432381592985,2.3544239851822,0.0185514375911586,0.0390297582814308,0.400249020434026,0.199964437666417,"ZNF322"
"ENSG00000164619",158.574522665965,-0.485856587293485,0.206394853427448,-2.35401503102049,0.0185718600865496,0.0390664818500578,-0.408446507403311,0.197255484315938,"BMPER"
"ENSG00000108528",1005.17381169262,0.233772978803978,0.0993511385823608,2.35299748085104,0.0186227602542115,0.039161711396812,0.222933599439215,0.0976720820644879,"SLC25A11"
"ENSG00000196141",1845.88292859749,0.223755993856422,0.0950942800998639,2.35299109075165,0.0186230802867568,0.039161711396812,0.213567677069524,0.0935316950827163,"SPATS2L"
"ENSG00000121644",279.472120460778,-0.343468808820016,0.145980248792335,-2.35284438587729,0.0186304289661384,0.0391702754774831,-0.301152389112736,0.140206445316941,"DESI2"
"ENSG00000161791",126.390260302183,0.410404783393721,0.174433165123669,2.35279101369716,0.0186331030924713,0.0391702754774831,0.351592943579678,0.1719372125957,"FMNL3"
"ENSG00000130560",376.754271123311,0.239972358856095,0.102000705247892,2.35265391815568,0.0186399735810121,0.0391784629897199,0.226149332835638,0.100231388453829,"UBAC1"
"ENSG00000198858",334.988090682677,0.311071764204813,0.132227930827486,2.3525420254111,0.0186455826840255,0.0391839970659027,0.283959408963664,0.129752499804945,"R3HDM4"
"ENSG00000206560",643.103830224132,-0.275246203033846,0.117034372576278,-2.35184071973771,0.0186807722796117,0.0392516833439782,-0.254657025702725,0.113548929612589,"ANKRD28"
"ENSG00000126858",379.88827670111,-0.334589637228171,0.14228082475656,-2.35161440623251,0.0186921404641172,0.0392693029121696,-0.291727831454151,0.13659945268175,"RHOT1"
"ENSG00000243477",80.6898003514624,0.435117689512228,0.18508943598449,2.35085102073945,0.018730531510216,0.0393436786636095,0.375463606366786,0.182647719551208,"NAA80"
"ENSG00000135002",392.53484405989,-0.444481349354862,0.189090433501994,-2.35062843277143,0.0187417385531111,0.0393609395103303,-0.37950157731137,0.180737054586773,"RFK"
"ENSG00000128606",40.1273237366793,-0.456499335766752,0.194245190525568,-2.3501191176554,0.0187674040400347,0.0394022710239351,-0.388939540138372,0.1866719032135,"LRRC17"
"ENSG00000162521",1162.12329140582,-0.192859607343529,0.0820619096422623,-2.35017206136531,0.0187647346612673,0.0394022710239351,-0.194500191269297,0.0805794887743243,"RBBP4"
"ENSG00000170464",20.6240749244575,-0.504299702169613,0.214591875455966,-2.35004098406835,0.0187713440787204,0.039404259588717,-0.419654850228486,0.206866921179854,"DNAJC18"
"ENSG00000109084",2370.40714449535,0.642735037168356,0.2735108473746,2.34994349707844,0.0187762610650886,0.0394082979727335,0.49639211979201,0.283818195454287,"TMEM97"
"ENSG00000156735",341.682493823176,-0.394191826773161,0.167765519408792,-2.34965938270449,0.0187905974705902,0.0394321017369764,-0.339112538582115,0.160398310154742,"BAG4"
"ENSG00000101000",58.9697233197849,-0.438716677737461,0.186807115239218,-2.34850089717223,0.0188491537892664,0.0395423771175081,-0.373726149736479,0.179113486119756,"PROCR"
"ENSG00000106829",96.4534693198869,-0.253356779838591,0.107879814389182,-2.34850960092121,0.0188487132589246,0.0395423771175081,-0.236695389111279,0.105097511553991,"TLE4"
"ENSG00000183828",87.6845906452161,0.53284163068366,0.226928669759258,2.34805778947604,0.0188715930827212,0.0395831439425055,0.434640646512904,0.22805986733375,"NUDT14"
"ENSG00000108556",39.6937071903888,0.451425944916956,0.192272135880258,2.34784901540852,0.0188821736465412,0.0395990280710993,0.385897980371933,0.189163032142356,"CHRNE"
"ENSG00000168078",10.2222734161539,1.08082193233019,0.460487977189093,2.34712302138209,0.0189190070534518,0.0396699549077475,0.657480426548489,0.539293700108815,"PBK"
"ENSG00000138801",164.894623441813,-0.288920309114325,0.123106241364969,-2.34691844955102,0.0189293973739857,0.0396854213098559,-0.266077565323067,0.119345165562423,"PAPSS1"
"ENSG00000157214",73.3893373523994,-0.548245173213841,0.233646836054508,-2.34646949418112,0.0189522175685472,0.0397206138980408,-0.447846914529205,0.2232011052609,"STEAP2"
"ENSG00000165810",74.4251646643309,-0.630977098668346,0.26889984146839,-2.3465134647263,0.0189499815038299,0.0397206138980408,-0.495037953401958,0.256393547110799,"BTNL9"
"ENSG00000160948",928.616477443391,0.321642812122809,0.13708666325032,2.34627355058959,0.0189621848294622,0.0397351783327549,0.291520375262865,0.13463957122281,"VPS28"
"ENSG00000116641",319.467261661198,0.291823037704602,0.124400500743469,2.34583491192195,0.0189845141234706,0.0397756385979653,0.269688054198103,0.1220801570275,"DOCK7"
"ENSG00000180998",16.7443161296987,-0.61839912840235,0.263631562964911,-2.34569458014653,0.0189916626908681,0.0397842849622862,-0.489311257237678,0.254226599460836,"GPR137C"
"ENSG00000188321",132.925807354462,-0.416407586437104,0.177527220626136,-2.34559852268536,0.0189965572604562,0.0397882075868862,-0.359910319325581,0.170139932017933,"ZNF559"
"ENSG00000102287",198.155214272926,0.864380605036133,0.368579062046329,2.34517012506663,0.0190183995209605,0.039827620183389,0.58738687836869,0.413123313614169,"GABRE"
"ENSG00000110777",12.1240302401482,-0.809379321810083,0.345135473068878,-2.34510615386254,0.019021663037306,0.0398281195211785,-0.593005050724525,0.336374748898591,"POU2AF1"
"ENSG00000169679",11.4146163088772,0.827181915687819,0.352748252153129,2.34496389603296,0.019028922132045,0.0398369834298784,0.586246883300898,0.371963140839393,"BUB1"
"ENSG00000164142",14.5802852795578,0.789015114780487,0.336677449950676,2.34353418946259,0.0191020114151224,0.0399836378841816,0.565088012822616,0.355570532267011,"FHIP1A"
"ENSG00000163870",479.292876114847,0.294937146673733,0.125860272337077,2.34336968446911,0.0191104369426366,0.0399949154008509,0.272778152495823,0.123460361892612,"TPRA1"
"ENSG00000035115",224.208719686364,-0.481651730609653,0.205661009105066,-2.34196911074958,0.0191823024408965,0.0401389373707634,-0.406065318819072,0.196469343302414,"SH3YL1"
"ENSG00000007908",173.555563348106,-0.741493916004382,0.316768743637492,-2.34080518011254,0.0192422050495495,0.0402514889867125,-0.559703625171334,0.302428075027858,"SELE"
"ENSG00000198286",28.6619664970441,0.586525097131457,0.250559302243602,2.34086338794646,0.0192392054583144,0.0402514889867125,0.463003389882886,0.251755129460745,"CARD11"
"ENSG00000133606",893.598512597656,-0.13048680250674,0.055754929258609,-2.34036352017417,0.0192649781799419,0.0402927248160628,-0.126003437707948,0.0551741531316404,"MKRN1"
"ENSG00000163347",6041.37574133493,-0.32114090990174,0.137240014115516,-2.33999473092034,0.0192840119515792,0.0403261279152623,-0.282576392026838,0.131821708162948,"CLDN1"
"ENSG00000059573",703.866990484974,0.348406039160887,0.148904452446017,2.33979597948689,0.0192942766275537,0.0403283768976618,0.311429310999813,0.146343997523893,"ALDH18A1"
"ENSG00000169903",6181.51781226155,0.291208093709236,0.124456591102414,2.3398366541279,0.0192921755648278,0.0403283768976618,0.26158618722315,0.122185043081248,"TM4SF4"
"ENSG00000175931",182.835403562876,0.365852419648403,0.156357439440634,2.33984657818159,0.0192916629647281,0.0403283768976618,0.324153861170384,0.153628593682319,"UBE2O"
"ENSG00000047457",43959.7829423959,-0.444133514661682,0.189919309521802,-2.33853796004191,0.019359358872713,0.0404579871298634,-0.379184507973763,0.181423110058028,"CP"
"ENSG00000109814",1856.51785267094,0.384063323611133,0.164271242322195,2.3379827058095,0.0193881453027768,0.0405117157683478,0.334059663996272,0.161807423110225,"UGDH"
"ENSG00000105011",15.2860024315674,0.67801335484601,0.290030974624688,2.33772739523213,0.0194013940936757,0.0405329664610178,0.515816611141154,0.294308201497255,"ASF1B"
"ENSG00000140519",10.4389370127352,0.886998250916817,0.379468037869495,2.33747815994418,0.0194143352502887,0.0405535678098209,0.603300582698087,0.409926713699936,"RHCG"
"ENSG00000213722",346.307759036147,0.31886045277614,0.136427072802636,2.33722270972876,0.0194276069333316,0.0405748529321452,0.289002216203084,0.133879988738584,"DDAH2"
"ENSG00000198182",30.0321853831224,0.525650182379733,0.224929493100798,2.33695535046696,0.0194415058291173,0.0405974410382488,0.428246151089348,0.223520991878033,"ZNF607"
"ENSG00000121807",68.5225260985074,0.517055532627436,0.221272869612563,2.33673262127785,0.019453091225637,0.0406151917343383,0.427049213781656,0.221328297334654,"CCR2"
"ENSG00000112624",192.415700291083,-0.217498953503508,0.0930946874369227,-2.33631971374175,0.0194745848230853,0.0406536203869892,-0.205975856714412,0.0910655705731657,"BICRAL"
"ENSG00000104131",694.861103879617,-0.34508479584182,0.147763229298853,-2.3353901879329,0.0195230465429548,0.0407426910182574,-0.308564757110706,0.142204881532432,"EIF3J"
"ENSG00000134516",170.969305039019,0.556458533851481,0.238272962765734,2.33538261073532,0.0195234420199139,0.0407426910182574,0.447273658731025,0.241103665362301,"DOCK2"
"ENSG00000122378",4549.9922087008,0.274392620261455,0.117496799879143,2.33531994525549,0.0195267129899483,0.0407430591482819,0.253358183210007,0.115346908283505,"PRXL2A"
"ENSG00000023287",599.442393725656,-0.482332920784403,0.20655628455763,-2.33511617338291,0.0195373526449551,0.0407587997026587,-0.407070712605871,0.197161988941534,"RB1CC1"
"ENSG00000182463",349.461551683886,0.343517535754185,0.147114567164001,2.33503413276019,0.0195416377076657,0.0407612804276184,0.305068009079897,0.144489019912984,"TSHZ2"
"ENSG00000101888",122.450321634254,-0.545518903810886,0.233740322711215,-2.33386733398529,0.0196026696867768,0.040879194670605,-0.445402922430989,0.222984370512836,"NXT2"
"ENSG00000107902",771.144890872223,0.316874441609092,0.135774156470341,2.33383472854284,0.0196043775748291,0.040879194670605,0.287519513371469,0.133298694099956,"LHPP"
"ENSG00000100075",2113.44372185164,0.374083582079203,0.160342248221072,2.33303191285826,0.0196464704457571,0.040953994599246,0.330174849020438,0.157917126738189,"SLC25A1"
"ENSG00000147316",119.61956537873,0.260565067576561,0.111684327995447,2.33304951780866,0.0196455465450818,0.040953994599246,0.242569726513127,0.109557836257652,"MCPH1"
"ENSG00000123154",63.7574212576418,0.404169315517684,0.173261294519071,2.33271554757544,0.0196630796373009,0.0409821286219256,0.35034158614667,0.170220665220464,"WDR83"
"ENSG00000125414",7.06588137309474,4.78368297641582,2.05131119299539,2.33201232107086,0.0197000429922401,0.0410526695213412,0.0564563224949702,0.377945093138286,"MYH2"
"ENSG00000100567",1358.71146157394,-0.268229966525225,0.115038844863089,-2.33164690452563,0.0197192741530668,0.0410862420476781,-0.242913634686898,0.111328469450772,"PSMA3"
"ENSG00000188818",52.3700545064211,-0.86002630551695,0.368999776634693,-2.33069600572785,0.0197693949624132,0.041184154125812,-0.620696381023936,0.35430724939846,"ZDHHC11"
"ENSG00000182768",97.3341498362492,0.287721787402337,0.123515805852369,2.32943294517492,0.0198361414567649,0.0413166648346411,0.264494266296715,0.120910744517638,"NGRN"
"ENSG00000164649",91.5188081387023,-0.317664139609594,0.136407262742675,-2.32879198088484,0.0198700884415291,0.0413808263874046,-0.286068649829193,0.131810858231691,"CDCA7L"
"ENSG00000148053",31.2055314379039,-0.986899445086943,0.423962294760029,-2.32780003619319,0.0199227241642418,0.0414838820728148,-0.682945300375851,0.409686906805898,"NTRK2"
"ENSG00000013503",331.266155238098,0.254150792488801,0.109188202858671,2.32763967017357,0.019931245112392,0.0414950621678925,0.24680713853729,0.106993939127614,"POLR3B"
"ENSG00000136718",798.076215655175,0.191102517209759,0.0821085589741604,2.32743723184691,0.0199420060890157,0.0415109015285345,0.183306356427373,0.0809151111686022,"IMP4"
"ENSG00000074964",1568.22620021008,0.453671371535558,0.194929792773479,2.32735778908231,0.0199462303988003,0.0415131314306994,0.393873930994227,0.193565893155488,"ARHGEF10L"
"ENSG00000139546",295.773371751636,0.351025333364016,0.150853782191473,2.3269243121692,0.0199692939726894,0.0415491334226059,0.31280241564124,0.148218348203543,"TARBP2"
"ENSG00000139826",248.774686707562,-0.526411954918452,0.226227502782322,-2.32691405087457,0.0199698402170933,0.0415491334226059,-0.432613535672923,0.215571421354927,"ABHD13"
"ENSG00000134453",687.106465196944,-0.158227098325429,0.0680245528807066,-2.32602922951819,0.0200169914148757,0.041640655548784,-0.153204118194107,0.0670621671590865,"RBM17"
"ENSG00000125434",31.8315907133015,0.609959347577024,0.262241168822635,2.32594809699604,0.020021319741089,0.0416419964612065,0.47704644398677,0.265598094365144,"SLC25A35"
"ENSG00000143416",6543.76158767256,0.300350253457601,0.12913299648158,2.32589858240023,0.0200239616888879,0.0416419964612065,0.274830324286529,0.126732009024247,"SELENBP1"
"ENSG00000099377",1361.43887130822,0.302912107872735,0.130264396522191,2.3253637675367,0.0200525171773058,0.041694794876249,0.278169574262928,0.127814349832832,"HSD3B7"
"ENSG00000141934",27.0407848758589,0.913378501581181,0.392993114028228,2.32415904751851,0.0201169712927135,0.0418222081225115,0.59608404835674,0.441916670303262,"PLPP2"
"ENSG00000117593",329.394754828605,0.312760716405637,0.134589591032378,2.32381058599396,0.0201356481238022,0.0418544274073223,0.283956870667071,0.132018963209713,"DARS2"
"ENSG00000086062",1816.01632954703,-0.198255700311577,0.0853182019606564,-2.32372103203723,0.0201404504777011,0.0418578012611543,-0.188832109654545,0.0835708272938876,"B4GALT1"
"ENSG00000122545",989.653095223298,-0.360316419593218,0.155088090134156,-2.32330167507726,0.0201629519032485,0.0418979521398626,-0.316489511077733,0.148688011607966,"SEPTIN7"
"ENSG00000152527",49.1784767824436,-0.424512089484874,0.182737740254094,-2.323067412865,0.0201755312522083,0.0419174758508087,-0.365329466465367,0.17522022821385,"PLEKHH2"
"ENSG00000106333",955.1046839792,0.666379870697907,0.286965809884384,2.32215771964746,0.0202244446651186,0.0420101546632626,0.506084523804667,0.299730347381687,"PCOLCE"
"ENSG00000134760",373.177064512044,0.546774647302594,0.235469658356195,2.32205988287242,0.0202297114207113,0.0420101546632626,0.441501917412198,0.238132527806188,"DSG1"
"ENSG00000183323",405.097789038846,-0.26024780007785,0.112074404665326,-2.32209843857744,0.0202276357446515,0.0420101546632626,-0.241835573922081,0.108904225885087,"CCDC125"
"ENSG00000196482",26.0667807352247,1.25054227559801,0.538865982564029,2.32069255818987,0.0203034426565693,0.0421566197786456,0.603365657289559,0.711589744134445,"ESRRG"
"ENSG00000221890",32.3281952166752,1.26382419883569,0.544845623165557,2.31960053472185,0.0203624969066048,0.0422725692640112,1.95305107190972,0.643324328688908,"NPTXR"
"ENSG00000132464",28.4662930447845,0.52965057758588,0.22841373003075,2.31882110376892,0.0204047384193584,0.0423535844283892,0.430979026150625,0.227122182824641,"ENAM"
"ENSG00000100523",113.485468261229,-0.293368482760282,0.126532116855037,-2.31852979347832,0.0204205456857833,0.0423730345940146,-0.268329227781029,0.12250997007538,"DDHD1"
"ENSG00000242485",961.542304273079,-0.275864437877544,0.118979524143531,-2.31858750371833,0.0204174133274807,0.0423730345940146,-0.252692974467438,0.115183683038654,"MRPL20"
"ENSG00000114933",247.647004612557,-0.362477616426328,0.15640023096249,-2.31762839604285,0.0204695255713812,0.0424679756811857,-0.321134426229639,0.150245274917006,"INO80D"
"ENSG00000106070",972.684389387992,-0.228860283740568,0.0987524778825187,-2.31751434139033,0.0204757303383764,0.0424741556065958,-0.215616386758077,0.0963275361883036,"GRB10"
"ENSG00000165912",390.519052519831,-0.537906751177956,0.232165616244441,-2.316909626323,0.0205086552778353,0.0425357522665375,-0.440787879981624,0.221136289083208,"PACSIN3"
"ENSG00000146376",124.845392733176,-0.462957912045934,0.19986518206326,-2.31635098853487,0.0205391124654462,0.0425922121153039,-0.389660114335458,0.190743193339464,"ARHGAP18"
"ENSG00000136100",680.15096262269,-0.277534999584532,0.119855127104086,-2.31558721174699,0.0205808177521829,0.0426719758307465,-0.253662667410488,0.116021574699746,"VPS36"
"ENSG00000167136",373.783423894603,0.420237021657341,0.181623708986855,2.31377843785668,0.0206798787141172,0.042870616147074,0.361959266102923,0.179528478453644,"ENDOG"
"ENSG00000143382",519.4423888483,0.553180085116951,0.239147313420614,2.31313526882075,0.0207152031511723,0.0429370851209595,0.44339214935372,0.242162746639698,"ADAMTSL4"
"ENSG00000163818",270.360115869271,-0.389057621798954,0.168229056437856,-2.3126660164243,0.0207410088351888,0.0429838064416962,-0.340090415651609,0.161212576938211,"LZTFL1"
"ENSG00000164941",251.286264746962,-0.283542405756473,0.122612787686212,-2.31250272591558,0.0207499952708513,0.0429956622184495,-0.261024540544062,0.118762537772693,"INTS8"
"ENSG00000148346",45.9761988386329,0.878289217452875,0.379840724644237,2.31225658669299,0.020763547569057,0.0430169736104177,0.584129372225181,0.424519488880135,"LCN2"
"ENSG00000100393",544.201512121026,0.379431107101615,0.164104246938212,2.31213459846946,0.020770267036706,0.0430241245760338,0.333139093394562,0.161528237460924,"EP300"
"ENSG00000203965",38.7318636857236,-0.384656167798006,0.166378347388918,-2.3119364618934,0.0207811850178795,0.043039968844644,-0.336759753226775,0.160260344239191,"EFCAB7"
"ENSG00000079432",285.462774316335,0.632207240630936,0.273592204321394,2.31076481948393,0.0208458487064199,0.0431671035024731,0.48503067867748,0.282521049627542,"CIC"
"ENSG00000070087",314.092098828504,-0.565515481016148,0.244757501348101,-2.31051337712365,0.0208597488047881,0.0431890946318352,-0.457121438888682,0.232847381858118,"PFN2"
"ENSG00000155926",136.519400603181,-0.510212737937042,0.220896669937471,-2.30973485513144,0.020902837871022,0.0432675408399082,-0.420332107922582,0.210381753386072,"SLA"
"ENSG00000163528",197.184856924666,0.196120247887217,0.0849111967861746,2.30971008901325,0.0209042098801956,0.0432675408399082,0.186898587014585,0.0836028617100253,"CHCHD4"
"ENSG00000119392",466.406990560471,0.143585113239844,0.0621682935226033,2.3096196646871,0.0209092199309864,0.043271108081007,0.142981182479502,0.0615244162585725,"GLE1"
"ENSG00000107679",651.546240360893,-0.356053996678043,0.154228975549578,-2.30860637833639,0.020965433687224,0.0433707247195431,-0.315887959358066,0.148115182739055,"PLEKHA1"
"ENSG00000162757",76.9618727011382,0.24870295158444,0.107730124357958,2.30857388373625,0.0209672385568808,0.0433707247195431,0.231275765440916,0.105777258226253,"C1orf74"
"ENSG00000174744",267.907683315851,0.331443163959333,0.14356487619452,2.30866471483074,0.0209621938033842,0.0433707247195431,0.297829629216829,0.140873345437934,"BRMS1"
"ENSG00000182578",714.336769614534,0.664527338139199,0.287868788447441,2.30843830525423,0.0209747705457446,0.0433794893190815,0.503293938912362,0.300400065264092,"CSF1R"
"ENSG00000184349",11.6267571105889,-0.67034680181886,0.290483440959873,-2.30769368334308,0.0210161796604287,0.0434583039750595,-0.516609327396262,0.281120224417744,"EFNA5"
"ENSG00000157423",52.5986889728571,-1.46841546561914,0.63652585247958,-2.30692195752764,0.0210591712021038,0.0435403655852542,-0.899690267331019,0.621736280447091,"HYDIN"
"ENSG00000117601",65040.9169823489,0.263757211478653,0.114339321793436,2.30679356271811,0.0210663312899776,0.0435483306270757,0.257147558137625,0.11194516639455,"SERPINC1"
"ENSG00000167815",2394.51302981457,0.264606937603276,0.114719214184567,2.30656162948922,0.0210792706963758,0.0435682383027447,0.246295375526758,0.112525026410534,"PRDX2"
"ENSG00000085514",56.8228175561947,0.569660945230305,0.24699057150957,2.30640765657013,0.0210878645708944,0.0435780236348214,0.452274482704069,0.249290463664934,"PILRA"
"ENSG00000139624",164.569122849005,-0.234570192009056,0.101705880129044,-2.30635821361985,0.0210906248367828,0.0435780236348214,-0.220424430445637,0.0991395213726056,"CERS5"
"ENSG00000116833",737.903520072892,-0.351898157902466,0.152581467983149,-2.30629684295165,0.02109405143268,0.0435782647360216,-0.3122480974794,0.146549340865617,"NR5A2"
"ENSG00000164620",18.9733769083772,0.543035569667795,0.235554414591884,2.30535084901145,0.0211469318542281,0.043680656541068,0.43858082687642,0.232935925045551,"RELL2"
"ENSG00000140157",465.814453699363,0.295251700368886,0.128106102336823,2.30474345080451,0.0211809458517795,0.0437440522485536,0.26739291585843,0.125656850817355,"NIPA2"
"ENSG00000100897",4567.40348938048,0.246990718862615,0.107190313425543,2.30422610933199,0.0212099542908349,0.0437970919374422,0.236330326234901,0.105134392579195,"DCAF11"
"ENSG00000134343",28.3700579158168,0.682243960565295,0.29618385436184,2.3034475057233,0.0212536774888514,0.0438736152113856,0.51069516968782,0.305284043120388,"ANO3"
"ENSG00000216588",129.551552328655,-0.577158194266705,0.25056073606306,-2.30346623072439,0.0212526250486567,0.0438736152113856,-0.461714448730361,0.238301331054538,"IGSF23"
"ENSG00000138834",348.506099785603,0.703593090538097,0.30550693842212,2.30303473358742,0.0212768889126336,0.0439146448383342,0.517335991200422,0.322409074212486,"MAPK8IP3"
"ENSG00000175536",31.1745343036045,-0.300170790998815,0.13038827952512,-2.30213016148422,0.0213278329563279,0.0440059941549934,-0.273904869079828,0.126729369470056,"LIPT2"
"ENSG00000188266",86.7414102532517,-0.265909384867157,0.115503277971633,-2.30218041891818,0.0213249997540095,0.0440059941549934,-0.250180999325536,0.112459044771352,"HYKK"
"ENSG00000161395",760.350865998783,0.273749384097624,0.118922415104042,2.30191578146247,0.0213399220538804,0.0440240385085224,0.260558049739319,0.116522811176601,"PGAP3"
"ENSG00000133026",717.141168289801,0.274075690819733,0.119110393602254,2.30102245934099,0.0213903616229847,0.0441211814394826,0.251124754629507,0.116875737876259,"MYH10"
"ENSG00000184508",244.823759573617,-0.265459926583306,0.115389633043908,-2.30055265434715,0.0214169298146413,0.0441690629604584,-0.245719572384801,0.112006624481235,"HDDC3"
"ENSG00000107833",91.7169052852118,-0.284805275421383,0.123822188158975,-2.30011502506904,0.0214417042663595,0.0442132307550335,-0.261107148458542,0.120151046290567,"NPM3"
"ENSG00000085377",404.89870590931,0.168690459906749,0.0733455252457369,2.29994208019601,0.021451501654873,0.0442265065436984,0.162991005420679,0.0723467409237485,"PREP"
"ENSG00000154978",251.941394839953,-0.226403113528659,0.0984446487471095,-2.29980112083346,0.0214594899359428,0.0442360489269803,-0.21347569479475,0.0960773612067986,"VOPP1"
"ENSG00000169131",68.2401651758727,-0.371983033913627,0.161751525957753,-2.29971885403283,0.0214641532589254,0.0442387354112416,-0.326157719380303,0.155300165997153,"ZNF354A"
"ENSG00000105866",51.4933619167043,-0.593138863709803,0.258057554596804,-2.29847510039587,0.0215347634639356,0.044377319731754,-0.47051213601102,0.246002110554693,"SP4"
"ENSG00000089820",98.8141498083868,0.653172997039233,0.284238074707405,2.29797854390764,0.0215630103345914,0.0444285749710845,0.493901141668033,0.294309353592146,"ARHGAP4"
"ENSG00000163882",474.16952079996,-0.370020441316476,0.16104833598066,-2.2975738250466,0.0215860568281678,0.0444691009544135,-0.325728020233978,0.154417447380529,"POLR2H"
"ENSG00000137486",210.644583131954,0.401131890288717,0.174615571932722,2.29722862542448,0.0216057309731892,0.0445026680214344,0.347781080730592,0.171975606360193,"ARRB1"
"ENSG00000133056",233.127826636899,0.300044857074664,0.130615730503968,2.29715713350122,0.02160980750087,0.0445041022300101,0.27373359110324,0.128022761014545,"PIK3C2B"
"ENSG00000114742",569.050508529883,0.204160626656748,0.0888809855060602,2.29701128418324,0.0216181260240777,0.0445142707589939,0.193617737582547,0.0874188937909046,"WDR48"
"ENSG00000151062",32.9553588355222,-0.435140250842351,0.189468327990636,-2.29663846964363,0.0216394021904734,0.0445511132509419,-0.369380882405796,0.181525641748707,"CACNA2D4"
"ENSG00000076604",588.459548607298,0.296066944682973,0.128984676603088,2.29536525175026,0.0217122009862026,0.0446940022176898,0.26945963477642,0.126461983221462,"TRAF4"
"ENSG00000259494",142.369122422078,-0.33069765776905,0.144079568420698,-2.29524325616694,0.0217191875069324,0.0447013948282432,-0.296986861645998,0.138860027534089,"MRPL46"
"ENSG00000065665",133.672722518467,-0.315633754854425,0.137523347563896,-2.2951285032367,0.0217257610365651,0.0447079352621782,-0.285157120081433,0.132601787934955,"SEC61A2"
"ENSG00000198108",19.8231208373462,-0.495106642062372,0.215811866966996,-2.29415856051182,0.0217813926356454,0.0448154110706216,-0.410204675348913,0.207152276891926,"CHSY3"
"ENSG00000090097",148.182189218106,0.492251739122488,0.214595598699293,2.29385757259759,0.0217986811482666,0.0448439743746996,0.405996892349114,0.214106669558458,"PCBP4"
"ENSG00000109118",297.816409471402,0.340448401752541,0.148468646086308,2.29306598212414,0.0218442065056378,0.0449306081632912,0.303883426484568,0.145594239904297,"PHF12"
"ENSG00000111341",204.811241169092,-0.904193119433896,0.394481199021635,-2.29210700453257,0.0218994693120551,0.0450372403877721,-0.632953685410118,0.376576410753066,"MGP"
"ENSG00000172765",570.192025511533,0.223805050436166,0.097648714435668,2.29194057217836,0.0219090726532103,0.0450499532331981,0.211766355649819,0.0959213874094552,"TMCC1"
"ENSG00000063127",126.50246745867,-0.563056392860514,0.245716441682364,-2.29148846941375,0.0219351780083347,0.0450965886411203,-0.452764575922876,0.233678142762828,"SLC6A16"
"ENSG00000169981",47.4872650343541,0.366751694082167,0.160125505939173,2.29040146934171,0.0219980544390801,0.0452117366133201,0.323145761160785,0.156259299639477,"ZNF35"
"ENSG00000181896",57.3049463921408,-0.33680821386112,0.147050213576935,-2.29042995360837,0.0219964047967917,0.0452117366133201,-0.301063513351805,0.141826407767409,"ZNF101"
"ENSG00000068383",358.378080051375,-0.168128387053527,0.0734246872782161,-2.28980732892285,0.0220324881246574,0.0452683736968227,-0.162282979845584,0.0723033631331301,"INPP5A"
"ENSG00000073910",491.52323601736,0.259767288036989,0.113444992146799,2.28980833019802,0.0220324300558674,0.0452683736968227,0.241447673160381,0.111287601034317,"FRY"
"ENSG00000140006",174.308387853744,-0.282521945598919,0.123501317631926,-2.28760268324365,0.0221606695041915,0.0455246332801039,-0.258880017776992,0.119566919134748,"WDR89"
"ENSG00000155657",43.9359996194965,1.11922569855931,0.489284618475922,2.28747370404898,0.0221681885877726,0.0455329751866792,1.00055398298597,0.646374024892198,"TTN"
"ENSG00000064199",18.771666514475,0.565427493782097,0.247207666002091,2.28725711838287,0.0221808198459429,0.0455518131479775,0.448628801098158,0.246401628105191,"SPA17"
"ENSG00000141580",866.096369990073,0.103934086503491,0.0454620967822144,2.28617010344652,0.0222443090523947,0.0456750737654132,0.102384975320863,0.0451596365349774,"WDR45B"
"ENSG00000154127",36.5201193519865,-0.505316338133539,0.2211190014324,-2.2852687234481,0.0222970756881503,0.0457762823187567,-0.416262314589805,0.211249920698075,"UBASH3B"
"ENSG00000162851",447.67139234798,0.283306679590567,0.124000183658616,2.28472790306937,0.0223287874376722,0.0458342400069212,0.260047736685738,0.121491004756269,"TFB2M"
"ENSG00000125675",119.378633560807,0.386790502606782,0.169350298347329,2.28396705752177,0.0223734670555263,0.0459187945834855,0.337068156576253,0.166233922655424,"GRIA3"
"ENSG00000165644",80.4990143423527,0.721560099937328,0.315937399494355,2.28387047906375,0.0223791440496742,0.0459232871817348,0.52172241581949,0.334072878464194,"COMTD1"
"ENSG00000107643",571.809397340105,-0.253959336984,0.11121632603898,-2.28347173503098,0.0224025959493643,0.0459642478213075,-0.236222431427565,0.108007482949089,"MAPK8"
"ENSG00000182670",2101.07322014457,0.206516543063497,0.090443412083989,2.28337850491221,0.0224080823056882,0.0459683408595654,0.198030424245952,0.0889640382687775,"TTC3"
"ENSG00000144659",1005.71911035995,0.276805706274795,0.121229685795856,2.28331620640279,0.0224117490661872,0.0459687004526282,0.247863534285122,0.11896894322512,"SLC25A38"
"ENSG00000123444",238.870702039685,0.220016944905937,0.0963771637763222,2.28287424411622,0.0224377770258473,0.0460102804285923,0.208012377254264,0.0947194661471767,"KBTBD4"
"ENSG00000140093",7761.82937771106,-0.233383383771595,0.102233193211692,-2.28285331250814,0.0224390103776387,0.0460102804285923,-0.208473883618734,0.0992504525645312,"SERPINA10"
"ENSG00000100320",1034.75049332704,0.174897520643123,0.076618654048112,2.2827015537665,0.0224479542109618,0.0460214520619001,0.169747070695709,0.0755427773873394,"RBFOX2"
"ENSG00000198130",2016.93074815839,-0.358594614604047,0.157106644509668,-2.28249171588653,0.0224603260171438,0.0460396469471766,-0.309554914563947,0.150090787433358,"HIBCH"
"ENSG00000162817",2529.9968484169,-0.211520595147418,0.0926811036354365,-2.28224078965913,0.0224751281278176,0.0460628170813895,-0.198097761195101,0.0905078908668282,"C1orf115"
"ENSG00000198887",437.844886785355,-0.384369305898976,0.168425024338149,-2.28213893635706,0.0224811388621537,0.0460679648652321,-0.333739394612762,0.161098805455188,"SMC5"
"ENSG00000176340",809.935970647684,-0.360051744620315,0.15778562430233,-2.28190461718126,0.0224949721956073,0.0460891384885411,-0.31599261847309,0.151169725391282,"COX8A"
"ENSG00000171488",75.0932635231804,-0.512061402383005,0.224418884146823,-2.28172154197147,0.0225057854240351,0.0460969463118928,-0.420309648192085,0.213719309232083,"LRRC8C"
"ENSG00000183287",107.375622582653,-0.347676066028325,0.152372472688693,-2.28175115815473,0.0225040358555013,0.0460969463118928,-0.309212068245429,0.146540950614155,"CCBE1"
"ENSG00000011243",491.305617563615,0.50326372680567,0.220606936980132,2.28126881998726,0.0225325445819988,0.0461442161746901,0.412874820878401,0.220790977697406,"AKAP8L"
"ENSG00000145246",156.868259942811,0.454560480134854,0.199262661188212,2.28121253336822,0.0225358734621948,0.0461442161746901,0.381880318025101,0.19741965219636,"ATP10D"
"ENSG00000144036",185.914859419829,0.251635408201827,0.11031111970452,2.28114272501139,0.0225400026333097,0.0461454944285733,0.234501884697937,0.108182710471201,"EXOC6B"
"ENSG00000137760",136.70148313881,-0.282531907424131,0.123881037067619,-2.28067115122642,0.0225679134982049,0.0461954522881476,-0.259120255340069,0.119937263612101,"ALKBH8"
"ENSG00000163430",681.459167327437,-0.367708344946418,0.16125928537688,-2.28023052494029,0.0225940198268388,0.0462417013897342,-0.320723829631322,0.154311073530943,"FSTL1"
"ENSG00000138617",292.034960325727,-0.170091392171786,0.0746040036218532,-2.2799231128926,0.0226122489873244,0.0462674838855595,-0.163605179693655,0.0734302686181259,"PARP16"
"ENSG00000161057",1523.6738675293,0.179347361227606,0.0786645884316003,2.27989956857843,0.0226136456633431,0.0462674838855595,0.17436659664296,0.0775253943088102,"PSMC2"
"ENSG00000198521",26.8582342003722,-0.492146282074662,0.215884457466887,-2.27967445108988,0.0226270036798009,0.0462876212629364,-0.406935545657604,0.206630830942232,"ZNF43"
"ENSG00000144908",12069.6790023435,0.421678897096639,0.185036618987966,2.27889430428937,0.0226733490882403,0.0463752235662221,0.361042901138803,0.182959889955624,"ALDH1L1"
"ENSG00000163751",40.9440849961163,1.00268639101301,0.440191921815865,2.2778391454272,0.022736163088967,0.046496477668428,0.595316267878449,0.519571342543019,"CPA3"
"ENSG00000055483",306.063122674086,0.285590076290131,0.12541827327022,2.27710100644436,0.0227801946159427,0.0465792890687222,0.262232840854151,0.122811076632025,"USP36"
"ENSG00000083812",44.089574287382,0.301241621786462,0.132312277408399,2.27674731088364,0.0228013195362793,0.0466152442569337,0.27398856293647,0.128626745605247,"ZNF324"
"ENSG00000186314",25.0118767600566,-0.49418936901854,0.217099370983483,-2.2763279634566,0.0228263876490036,0.0466592485307843,-0.408375497065949,0.207992259462181,"PRELID2"
"ENSG00000106554",416.736138089055,0.202663197690804,0.0890812067629791,2.27503875458306,0.0229036051087811,0.0468098206864657,0.198668035139086,0.0875411495934616,"CHCHD3"
"ENSG00000181610",323.559987470895,0.214551967592475,0.0943490223248307,2.27402428033438,0.0229645267086846,0.0469270461968867,0.203346803183482,0.0927019114483397,"MRPS23"
"ENSG00000120162",51.9774518473567,-0.434682356890737,0.191164341583545,-2.27386736087895,0.0229739626553104,0.0469375970434525,-0.370006792646509,0.182930857033196,"MOB3B"
"ENSG00000171402",10.0329607309246,-0.574367876740407,0.252600431778631,-2.2738198533396,0.0229768200626653,0.0469375970434525,-0.45501862386004,0.244811568928816,"XAGE3"
"ENSG00000183578",12.6723341965541,-0.683031752781924,0.300422064533065,-2.27357385964155,0.0229916206353982,0.0469605456539951,-0.516455842422797,0.28900494940436,"TNFAIP8L3"
"ENSG00000099917",304.413596784038,0.544610642052743,0.239559438665502,2.2733841967846,0.0230030376330453,0.0469765772416123,0.434720867780094,0.241605740806234,"MED15"
"ENSG00000078304",1309.41505834463,-0.234466713588065,0.103144332066821,-2.27319047871838,0.023014703822044,0.0469931126738571,-0.21616329427634,0.100316034292212,"PPP2R5C"
"ENSG00000116747",293.268255600222,-0.469968911675946,0.206776072978815,-2.27283991278863,0.0230358288483694,0.0470289537319943,-0.390209025106408,0.196458079963773,"RO60"
"ENSG00000130638",1369.94693983423,-0.200507212767442,0.0882733624677147,-2.27143508712242,0.0231206523862288,0.0471948076460601,-0.190635495026989,0.0863910138790175,"ATXN10"
"ENSG00000170776",1310.88742942068,0.346968966408903,0.152768675687183,2.27120491061514,0.0231345763006731,0.0472159094054661,0.308102855800014,0.14993002055734,"AKAP13"
"ENSG00000000971",48797.7179807741,0.3276543565082,0.144289197030228,2.27081696517832,0.0231580605049424,0.0472565134234456,0.29418217860775,0.141539164953195,"CFH"
"ENSG00000023697",1128.86930493007,-0.20499293714278,0.0902781153058875,-2.27068250647686,0.0231662047664408,0.0472658069045342,-0.194491797538691,0.0882839994348213,"DERA"
"ENSG00000213096",175.443214617588,-0.406305242638243,0.178992835025089,-2.26995255190686,0.0232104620605829,0.0473487671970305,-0.349758994571808,0.171026265923325,"ZNF254"
"ENSG00000130347",137.668767359813,0.233633390538316,0.102939990735126,2.26960765072805,0.0232313990149993,0.0473841362403534,0.21973849002231,0.10102451165167,"RTN4IP1"
"ENSG00000038210",1102.26254925529,-0.357713347597049,0.15761709896688,-2.26950851107984,0.0232374202425579,0.0473890760398882,-0.31126766889055,0.150704091435236,"PI4K2B"
"ENSG00000171793",1498.15008360799,0.271963642576602,0.11984651560576,2.26926616265788,0.0232521449324008,0.0474044193527391,0.250878521002865,0.117490116947005,"CTPS1"
"ENSG00000179841",25.8015236521045,-0.65642473073065,0.289264779084016,-2.26928675108418,0.0232508936988364,0.0474044193527391,-0.503035847199655,0.276126060037077,"AKAP5"
"ENSG00000147123",1078.51866553878,-0.343418600172978,0.151353633363304,-2.26898154039452,0.0232694484540446,0.0474323515011536,-0.3055096423932,0.145216544993504,"NDUFB11"
"ENSG00000175727",735.401199226338,0.408832599017074,0.180194588385033,2.26883949557628,0.0232780882054574,0.0474426175407201,0.351370027517677,0.17775607853065,"MLXIP"
"ENSG00000144357",977.4070930807,-0.38493554938532,0.169674577462921,-2.26866956229456,0.0232884279069104,0.0474563445012199,-0.33226123722087,0.162051184707805,"UBR3"
"ENSG00000162244",4590.38635232336,-0.265670288758983,0.117117077931376,-2.26841630146075,0.0233038451268538,0.0474804124017576,-0.238905383027404,0.11311256348059,"RPL29"
"ENSG00000124209",406.752194107333,-0.280750740662293,0.123782407612885,-2.268098884781,0.0233231803365086,0.0475124543262374,-0.251413323578817,0.119422481759957,"RAB22A"
"ENSG00000178078",883.813838810642,0.344248059188162,0.151798693173053,2.26779329908798,0.0233418080261794,0.0475430452463921,0.306517287509403,0.148958710988752,"STAP2"
"ENSG00000143797",34.1831949964255,-0.416783382380087,0.183850165278099,-2.26697311775403,0.0233918679573608,0.0476360293104744,-0.356985093208518,0.176453850824365,"MBOAT2"
"ENSG00000164066",52.4180891686518,-0.426001375188896,0.187920213983178,-2.26692683112329,0.0233946958469943,0.0476360293104744,-0.362117790870696,0.179554202593326,"INTU"
"ENSG00000076770",2307.40719413814,-0.479449639440106,0.211510078851622,-2.26679334641282,0.0234028527801731,0.0476452697856439,-0.391548768263974,0.200134744662023,"MBNL3"
"ENSG00000139496",392.711672112461,-0.362383008713126,0.159896565466052,-2.26635892807881,0.0234294161438221,0.0476911107917852,-0.318683769871864,0.153177769460953,"NUP58"
"ENSG00000146842",169.314222227241,-0.395928918421185,0.174706833809796,-2.26624746031534,0.02343623627699,0.0476911107917852,-0.34240726686961,0.166985929697468,"TMEM209"
"ENSG00000166840",8823.96175160177,0.168488329144937,0.0743467963815811,2.26624867977068,0.0234361616555337,0.0476911107917852,0.163663217817921,0.0733825711752537,"GLYATL1"
"ENSG00000196517",10.902573227017,0.827829306775358,0.365337783917157,2.26592852756526,0.0234557596337724,0.0477234633500614,0.569448458478506,0.383807471373935,"SLC6A9"
"ENSG00000172243",70.3654898944012,-0.52955883702074,0.233742245810146,-2.26556750657246,0.0234778764390604,0.0477610817670997,-0.429793713869372,0.222281680944508,"CLEC7A"
"ENSG00000113141",885.846226737988,0.161113487499339,0.0711264369989898,2.26517022779627,0.0235022353774931,0.0478032490313725,0.157443239570502,0.0702223693555527,"IK"
"ENSG00000079974",106.096378145965,-0.340902596972732,0.150526076823351,-2.26474112769706,0.023528570059848,0.0478494212863699,-0.301848608445887,0.144733282184235,"RABL2B"
"ENSG00000010244",963.261777253751,-0.18863500548755,0.0833068771815461,-2.26433893418508,0.0235532766803739,0.0478860408090168,-0.180552919070899,0.0816717881799909,"ZNF207"
"ENSG00000166432",382.399300359409,-0.500653362929939,0.221104456148254,-2.26432959177559,0.0235538508490956,0.0478860408090168,-0.411772283560776,0.209968162520038,"ZMAT1"
"ENSG00000119906",312.620553118121,-0.235660109827576,0.10409842817766,-2.2638200590828,0.023585184270408,0.0479423399882958,-0.222191259507834,0.101353367085874,"SLF2"
"ENSG00000170275",1115.55427839915,-0.173842755244507,0.0768110410903558,-2.26325216761493,0.0236201490464985,0.0480060022146032,-0.163442731059049,0.0754176275783423,"CRTAP"
"ENSG00000111087",12.1797756094008,0.739881862991294,0.326999645091443,2.26263812238815,0.0236580060854461,0.0480755221671528,0.53267274759792,0.335740053881358,"GLI1"
"ENSG00000092199",3840.47648436769,-0.145625054250165,0.0643719936308606,-2.26224241376222,0.0236824301485283,0.0481177276752352,-0.146881731778812,0.0636163467716772,"HNRNPC"
"ENSG00000186635",1132.20933614169,0.276241996879422,0.122141864349255,2.26164876679409,0.0237191124574848,0.0481848224988805,0.25414171508534,0.119710264330234,"ARAP1"
"ENSG00000142794",57.1519961797462,0.640391626767474,0.283165151133623,2.2615481608656,0.023725333926348,0.0481900256825514,0.483448363006579,0.290684829803586,"NBPF3"
"ENSG00000179134",348.474123668699,0.365086070053021,0.161479769454831,2.26087807336845,0.0237668082546382,0.048266820527621,0.32103025417941,0.158673731476643,"SAMD4B"
"ENSG00000105568",1437.0565047789,0.219212301789862,0.0969770766950714,2.26045483386904,0.0237930365940219,0.04831263414511,0.208131379254229,0.0952745590117359,"PPP2R1A"
"ENSG00000063245",1389.15046554637,0.466977469430021,0.206611698932646,2.26016954433084,0.0238107302764915,0.0483411063716711,0.390269251138166,0.205462216618705,"EPN1"
"ENSG00000061794",1098.18752132395,-0.236457035427621,0.10464022041486,-2.25971461537595,0.0238389686225701,0.0483909745428243,-0.224653854065592,0.1019050901808,"MRPS35"
"ENSG00000089050",1057.91930497854,0.366166057365385,0.162045585275417,2.25964846091326,0.0238430773800757,0.0483918539827464,0.323836091389012,0.159299180745114,"RBBP9"
"ENSG00000008394",20165.2538393977,-0.245517838280666,0.108674232063487,-2.25920932330339,0.023870367153909,0.0484397740364313,-0.228806430513907,0.105575766583591,"MGST1"
"ENSG00000115468",478.804795799503,-0.84127688208088,0.372403308847931,-2.25904781749512,0.0238804105851163,0.0484526869723595,-0.596330868173667,0.353609891863165,"EFHD1"
"ENSG00000132837",6050.80129244336,0.31634611189224,0.14005970265069,2.25865188848223,0.023905047410238,0.0484952009558079,0.29533061513521,0.137034107691815,"DMGDH"
"ENSG00000141524",114.509883201419,0.515467629934808,0.228248211446408,2.25836437739551,0.0239229517045574,0.0485240459316288,0.41708438234515,0.228191248363957,"TMC6"
"ENSG00000186998",74.7501453560082,0.621478145907216,0.275213324562684,2.25816881102959,0.0239351369330406,0.048541283558289,0.47327908712756,0.281771262250708,"EMID1"
"ENSG00000119280",205.678036249742,0.441652627480837,0.19560640514167,2.25786383202005,0.0239541501194913,0.0485723610770402,0.37226476736176,0.19340186401736,"C1orf198"
"ENSG00000114127",785.833227028296,-0.457706558316995,0.202731106777207,-2.25770265645516,0.0239642035135906,0.048585263852777,-0.381528621291406,0.19251316342553,"XRN1"
"ENSG00000166855",1366.60047390878,-0.236964077828106,0.104972042923314,-2.25740179222022,0.023982979838376,0.0486158448886925,-0.219340528390772,0.102018439163185,"CLPX"
"ENSG00000105707",7956.15339348978,0.400525965232524,0.177453281721699,2.25707837773703,0.0240031777051754,0.0486492976703109,0.345387324034741,0.174919974533691,"HPN"
"ENSG00000157326",648.792523561876,0.358614160056376,0.158958593574471,2.25602247725203,0.0240692234855546,0.0487756497477007,0.31668384608372,0.156059794772362,"DHRS4"
"ENSG00000170469",25.4877927063666,-0.367839611550403,0.163054983259372,-2.25592376385872,0.0240754059806252,0.0487806702279026,-0.322573565654527,0.15757566475021,"SPATA24"
"ENSG00000154258",458.972754845275,-0.42780500105067,0.189821225324946,-2.25372584292579,0.0242134205403016,0.049050249065684,-0.362741183087741,0.180691294140765,"ABCA9"
"ENSG00000165029",1970.27900761621,-0.48812938507144,0.216591533618359,-2.25368636029669,0.0242159060403271,0.049050249065684,-0.396258157981759,0.204663350308238,"ABCA1"
"ENSG00000140463",272.408184362914,0.1643082697369,0.0729140366989179,2.25345183418351,0.0242306744254736,0.0490726133649878,0.155666674088105,0.0719296329936459,"BBS4"
"ENSG00000166206",84.8262680281006,1.3345916839632,0.592260116203709,2.25338773868097,0.024234711952892,0.0490732417059023,0.497558536653734,0.724614965788385,"GABRB3"
"ENSG00000074803",25.2162093313533,1.46366004288565,0.649631428759012,2.2530622412799,0.0242552248069075,0.0490996755546962,0.418955306288537,0.662999861241158,"SLC12A1"
"ENSG00000119616",383.684761802405,0.242181566868497,0.107488019428297,2.25310288678312,0.0242526625042355,0.0490996755546962,0.225502269537314,0.105468085150957,"FCF1"
"ENSG00000196659",71.6868094187804,-0.328274913043456,0.145735863868873,-2.25253348303355,0.0242885792475813,0.049159636337226,-0.29384570585593,0.140459665688264,"IFT70B"
"ENSG00000165283",1135.90525569108,0.196561846701017,0.0872759085480288,2.25218906306598,0.0243103268771018,0.049196090326456,0.187610713900742,0.0858960316679866,"STOML2"
"ENSG00000136108",108.603036216626,0.47707919672003,0.211851899244304,2.25194675347173,0.0243256370874559,0.049219490605578,0.393958075794811,0.210229408661217,"CKAP2"
"ENSG00000158106",14.6599632552109,0.97537905147581,0.433138398946565,2.25188774268923,0.0243293669194214,0.049219490605578,0.59603431092033,0.490379015722411,"RHPN1"
"ENSG00000128626",248.069891643595,0.377962799988552,0.167861577390101,2.25163379175324,0.0243454237841145,0.0492444076727074,0.329486899314484,0.164934281631675,"MRPS12"
"ENSG00000129128",1213.28538358657,-0.330867165091185,0.146986721553785,-2.25100037332362,0.0243855137326258,0.0493179222432797,-0.295409460545652,0.141085276886003,"SPCS3"
"ENSG00000160298",16.5831470249765,0.709823351456706,0.315359225067873,2.25084061296743,0.0243956342221746,0.0493308124971819,0.5148983300172,0.324634596762537,"C21orf58"
"ENSG00000120437",3392.23680651787,0.611110309951135,0.271602251227272,2.25001931018521,0.0244477195396077,0.0494285435286355,0.470667729467529,0.278823258270694,"ACAT2"
"ENSG00000124279",151.240293716972,-0.339831507147992,0.151049028551851,-2.24980928646845,0.0244610542700243,0.0494479104128881,-0.3024353452273,0.145134576167469,"FASTKD3"
"ENSG00000162267",19646.2029737302,-0.373868913444018,0.166239594516096,-2.24897633161527,0.0245140019472023,0.0495473364502403,-0.326606851370153,0.158930046928456,"ITIH3"
"ENSG00000038427",107.027346585287,0.743768580033796,0.330826664510324,2.24821231122555,0.0245626550221319,0.0496380531114949,0.523231617003257,0.35268147458627,"VCAN"
"ENSG00000147140",2596.732436944,0.111879500326898,0.0497680918999254,2.24801667204496,0.0245751268373682,0.049655635350029,0.110341205251922,0.0494129996794603,"NONO"
"ENSG00000148143",23.122869680288,-0.438806808458658,0.195232307338753,-2.24761369898309,0.0246008332848799,0.049699949521057,-0.370961238719058,0.187509884999301,"ZNF462"
"ENSG00000167363",602.014687874064,0.513530453481045,0.228521554612186,2.24718606676965,0.0246281382640628,0.0497474790402962,0.414895282984546,0.229127165815124,"FN3K"
"ENSG00000075413",519.369343010805,-0.226521417739602,0.100819371408306,-2.24680450369224,0.0246525238189357,0.0497890978064285,-0.217263096771368,0.0983213371800712,"MARK3"
"ENSG00000006634",48.2264211015515,-0.399016015514749,0.177649139826856,-2.24609033234637,0.0246982224638707,0.0498737418649266,-0.343973926011136,0.170016771430946,"DBF4"
"ENSG00000170624",58.1451839590572,0.638777591585284,0.284421720931829,2.2458818879673,0.0247115743023582,0.0498930512597528,0.48000135673844,0.291981014251958,"SGCD"
"ENSG00000187189",256.613664435556,-0.270798022910873,0.120587358484138,-2.24565846963547,0.024725892234525,0.0499143049922962,-0.248453237251206,0.116757392287255,"TSPYL4"
"ENSG00000062282",10996.2711283913,0.416617491384493,0.185571979420773,2.24504525243996,0.0247652276554836,0.0499860474186874,0.352348298854539,0.183104169562821,"DGAT2"
"ENSG00000107890",90.7788462321908,-0.333143845260567,0.148443749395249,-2.24424299856192,0.0248167708530879,0.0500824042078104,-0.29710366903238,0.142928648773988,"ANKRD26"
"ENSG00000188690",562.931912883109,0.22614858379734,0.100793206312655,2.24368875711562,0.0248524339938579,0.0501466890364955,0.213596273250773,0.0989709566287224,"UROS"
"ENSG00000051009",751.008233443039,0.356853155644841,0.159127563657735,2.24256029214644,0.0249251832439957,0.0502857742247085,0.316396235007621,0.156094538098471,"FHIP1B"
"ENSG00000198650",27985.0593709886,-0.761319979671904,0.339595036902233,-2.24184660240215,0.0249712881294458,0.0503710708613885,-0.552806572374616,0.320983637835319,"TAT"
"ENSG00000254685",190.944284048586,-0.476571646594199,0.21262347685618,-2.24138770393899,0.0250009722999602,0.0504232232385533,-0.396257998147934,0.202001042995676,"FPGT"
"ENSG00000087116",247.283106713125,0.426684450152529,0.190420412074445,2.24074953679712,0.0250423033759339,0.0504988461092887,0.362276259428525,0.187913579979607,"ADAMTS2"
"ENSG00000170323",113.266027160788,1.06075738434737,0.473415998227085,2.24064541189956,0.0250490526650283,0.0505047208863342,0.572956789726971,0.575277411711514,"FABP4"
"ENSG00000137807",10.5110735945696,0.782610768610539,0.349291533384906,2.2405660996888,0.0250541946730591,0.0505073537077776,0.545701605250637,0.361435912410275,"KIF23"
"ENSG00000146285",45.5707648807492,0.618124318198605,0.275932283173046,2.24013048089397,0.0250824532207613,0.0505565797771806,0.470017763890197,0.280846120349429,"SCML4"
"ENSG00000186660",658.276874774082,0.296646536135003,0.132451648963205,2.23965906394576,0.025113065075129,0.0506105334117783,0.26964199742036,0.129700321602514,"ZFP91"
"ENSG00000072364",540.815496334992,-0.417244090886547,0.186311136501267,-2.23950161392371,0.0251232964267227,0.0506234038497446,-0.354344811675791,0.177374029967188,"AFF4"
"ENSG00000175040",17.9473580523285,-0.436157407760836,0.19478215102821,-2.23920623865411,0.0251425001140057,0.0506543468249425,-0.368709905506211,0.187266300857512,"CHST2"
"ENSG00000176170",18.2907137166585,0.881329935674799,0.393624445049656,2.23901220251608,0.0251551221985716,0.0506720224703786,0.568626590005526,0.431733218291541,"SPHK1"
"ENSG00000131844",3041.92469485486,-0.172329884887247,0.076969778199728,-2.23892921245103,0.0251605223912629,0.0506751472852023,-0.165423006145934,0.0756106135699996,"MCCC2"
"ENSG00000213551",220.352721376202,0.175146277306698,0.0782461507099481,2.23840119568246,0.0251949041373956,0.0507366332017361,0.168286183290824,0.0770607159572922,"DNAJC9"
"ENSG00000189043",3314.65959110543,-0.245002304034113,0.10947431369741,-2.23798894698993,0.0252217759230823,0.0507829793245607,-0.226588738515432,0.106243727650015,"COXFA4"
"ENSG00000107872",101.743210206908,0.549134244025716,0.245490450804258,2.2368863726743,0.025293767434924,0.0509181461451651,0.433579824951557,0.247202685493453,"FBXL15"
"ENSG00000185973",214.529391458853,0.303350206333858,0.135615368617488,2.23684239792525,0.025296642407377,0.0509181461451651,0.274738940138467,0.132721158642311,"TMLHE"
"ENSG00000086061",3691.6345097632,0.256485096165347,0.114689661574383,2.23634016043373,0.0253294976561726,0.0509764851943088,0.239932364798358,0.112393799771354,"DNAJA1"
"ENSG00000126249",29.3110816605348,-0.330271334735415,0.147723832800736,-2.23573494184189,0.0253691387556231,0.0510484610815426,-0.294570221510014,0.143134059269875,"PDCD2L"
"ENSG00000102606",684.085052419816,-0.237377888517454,0.106221602097619,-2.23474212241029,0.025434283522098,0.0511717262915561,-0.220510135332966,0.103212466607487,"ARHGEF7"
"ENSG00000159261",472.441649227782,-0.425602805065667,0.190465790512156,-2.23453673187839,0.0254477784670895,0.0511910544381513,-0.359932608078701,0.181134378413904,"CLDN14"
"ENSG00000188517",22.5954899385055,-0.593079136919941,0.265496241708244,-2.23385134608301,0.0254928557812605,0.0512738984442524,-0.463992134857055,0.252900445248378,"COL25A1"
"ENSG00000138411",182.744344078459,-0.467016111479074,0.209110293594935,-2.23334826540737,0.0255259869730733,0.0513326935218395,-0.389217430060091,0.198691095117399,"HECW2"
"ENSG00000138442",325.180988770871,0.168394859838393,0.075418554732091,2.2328041214338,0.0255618643857047,0.051396992440774,0.162328783587958,0.0743915681340814,"WDR12"
"ENSG00000094914",567.094844592217,0.293953289226311,0.131668805065144,2.23252036866953,0.0255805905484091,0.0514267911376323,0.267399488520338,0.128898665725643,"AAAS"
"ENSG00000181045",131.967427063283,0.343818767914208,0.154039477026851,2.23201723707667,0.0256138237171986,0.051485740925288,0.30481196245109,0.150759811087359,"SLC26A11"
"ENSG00000175711",44.5400964111786,0.45163691500644,0.202375361750648,2.23167934623837,0.0256361632559692,0.0515227790303909,0.377192288743129,0.1989746046976,"QTGAL"
"ENSG00000141446",194.442217530765,-0.364396162726504,0.163289964817998,-2.23158944968026,0.0256421095743031,0.0515268642636256,-0.318782618787969,0.15627623492465,"ESCO1"
"ENSG00000119888",71.6295196272681,1.0183924293449,0.456396077957891,2.23137857341284,0.0256560629262027,0.051547035630457,0.5707943981946,0.542613192664896,"EPCAM"
"ENSG00000100079",20.6003642092509,-0.816279334000322,0.365859958362789,-2.23112509401998,0.0256728439517183,0.0515728812127439,-0.577175353651122,0.349480671944972,"LGALS2"
"ENSG00000087842",322.724068333775,0.275636390827904,0.123565092395018,2.23069788955232,0.0257011475340583,0.0516105329977248,0.253032533135173,0.121009688549602,"PIR"
"ENSG00000102189",319.317890310019,-0.578764181996181,0.259450536775683,-2.2307303318342,0.025698997188629,0.0516105329977248,-0.45533872619447,0.245282100257177,"EEA1"
"ENSG00000115539",146.199285350914,0.224437348104894,0.100614559883306,2.23066471060648,0.0257033468681514,0.0516105329977248,0.21435607224339,0.0984803298208926,"PDCL3"
"ENSG00000099769",1005.32142437066,0.7611457615251,0.341381537411784,2.22960435205664,0.0257737206800634,0.0517439473122468,0.524870480004578,0.367613229046631,"IGFALS"
"ENSG00000174705",79.8536208488031,0.314439293479232,0.141047514458954,2.22931467233148,0.0257929750822509,0.0517747080245336,0.282308816378647,0.137803599263252,"SH3PXD2B"
"ENSG00000169228",18.2122458385488,0.657288944933039,0.29489325851618,2.22890461531855,0.0258202519764921,0.0518215605979412,0.489027481725801,0.29875416545515,"RAB24"
"ENSG00000111058",1898.58054785847,0.291092541992974,0.130607587773861,2.22875674342125,0.0258300944976401,0.0518334132229735,0.266195455398295,0.127849286186886,"ACSS3"
"ENSG00000155659",460.729503640867,0.723054013596887,0.324590073625382,2.22759126772121,0.0259077835057086,0.051981389459945,0.512343820419682,0.344585055773388,"VSIG4"
"ENSG00000169403",93.104422026957,0.591426116803253,0.265513935075316,2.22747674857626,0.0259154280848268,0.0519888048399863,0.454517231396603,0.269823896619786,"PTAFR"
"ENSG00000158796",345.530626529028,0.125435625143797,0.056317850571643,2.22728005189453,0.0259285628722677,0.0520072301609196,0.1228976677055,0.0558016648273739,"DEDD"
"ENSG00000157103",3646.90183168118,0.289800028201201,0.13014363497707,2.22677066190952,0.0259626050957756,0.0520675793893347,0.265603590935419,0.127437783524829,"SLC6A1"
"ENSG00000122483",56.6957320214178,-0.389032237080374,0.174712152301094,-2.2267039353389,0.0259670672532303,0.0520685969320788,-0.336255419040331,0.1671641069898,"CCDC18"
"ENSG00000118777",907.101233133385,-0.406528950865255,0.182577351352748,-2.22661216110985,0.0259732054876426,0.0520729744861127,-0.344352990428326,0.173503751081729,"ABCG2"
"ENSG00000007171",10.3240739072123,0.846486002352967,0.380193674768466,2.22645998218794,0.0259833865988223,0.0520775259491695,0.561450935612303,0.402965822881157,"NOS2"
"ENSG00000065183",563.013995997595,0.257040738724747,0.115446213574979,2.22649778425003,0.0259808572340511,0.0520775259491695,0.238706627489086,0.113083415864042,"WDR3"
"ENSG00000111358",245.67749197427,0.264643970006515,0.118871093361359,2.22631055644469,0.0259933868732572,0.0520896395088743,0.244361808895141,0.116372440022469,"GTF2H3"
"ENSG00000080845",283.913229101762,0.402413799337782,0.180774068268826,2.22605931919041,0.0260102083542122,0.0521154167085006,0.34516915586674,0.177839430191107,"DLGAP4"
"ENSG00000116580",304.279005637278,0.288246339766853,0.129494642175233,2.22593255539326,0.0260186993406633,0.0521244971879447,0.263299105649978,0.12668403143266,"GON4L"
"ENSG00000116793",164.771252558707,0.297175238818687,0.133520094196776,2.2256967432986,0.0260345010561416,0.0521482186072052,0.269789976006798,0.13060744880213,"PHTF1"
"ENSG00000170264",28.033222014299,-0.457322632313267,0.205497591378596,-2.22544035307316,0.0260516911207668,0.052174713309403,-0.38132226422921,0.196476511208684,"FAM161A"
"ENSG00000155380",880.448943258644,-0.618038636326821,0.277788626844449,-2.22485219552526,0.0260911620954602,0.0522458159922174,-0.476151905713287,0.262221875352501,"SLC16A1"
"ENSG00000101670",1872.91324450364,-0.309158088526416,0.138970352815285,-2.22463340031481,0.0261058585250175,0.0522672952159946,-0.273807925858674,0.133398437898872,"LIPG"
"ENSG00000005884",55.1907249269741,0.760329668586673,0.342117286754359,2.22242399909067,0.0262546649542767,0.0525572325966257,0.524133900738492,0.36502296081085,"ITGA3"
"ENSG00000122188",11.6216841243603,0.682325759215575,0.307073625595374,2.22202658366585,0.0262815091116335,0.0526029718704418,0.500633217154542,0.309575059066435,"LAX1"
"ENSG00000075234",3353.01438383942,-0.24388898370643,0.109781663318148,-2.22158215074258,0.026311557243648,0.0526551090849474,-0.225481099244182,0.10651799026977,"TTC38"
"ENSG00000101265",132.269114113254,-0.427807056446753,0.192650097086775,-2.22064282819466,0.0263751625797788,0.0527663562567038,-0.362454125259043,0.18335341158558,"RASSF2"
"ENSG00000152779",45.3785131516425,-0.821163736704469,0.369783520157996,-2.22066071617689,0.0263739500721878,0.0527663562567038,-0.578619253004472,0.350868898652923,"SLC16A12"
"ENSG00000172273",155.994582360362,0.225911305108807,0.101787091164924,2.21944946577525,0.0264561615626411,0.0529203620683278,0.21184420381931,0.0996647775369273,"HINFP"
"ENSG00000027001",234.617975185459,0.193935927856952,0.0873882352209515,2.21924527216515,0.0264700426306082,0.0529400852612164,0.18725894314749,0.0859434921757355,"MIPEP"
"ENSG00000059691",536.864211928833,0.175169462914484,0.0789594897620778,2.21847257932274,0.0265226272090158,0.0530291434827491,0.168473805878363,0.0778289344578921,"GATB"
"ENSG00000103148",229.043195240137,0.445911240143684,0.200994006094966,2.21853003881617,0.0265187137765541,0.0530291434827491,0.373542328843615,0.1987908323607,"NPRL3"
"ENSG00000155629",1793.9982351432,-0.399061605592656,0.179931016726952,-2.21785889310146,0.0265644550784183,0.0531047093171053,-0.337648055745651,0.17091161155177,"PIK3AP1"
"ENSG00000177045",144.778330580211,0.484103302749203,0.218345638820942,2.21714207512155,0.0266133843822633,0.0531944464516288,0.395426012642766,0.216977330721225,"SIX5"
"ENSG00000143919",47.103095618987,-0.264258008485073,0.119200870716561,-2.2169134075659,0.0266290093773265,0.0532175982789739,-0.243488412635408,0.115798989421792,"CAMKMT"
"ENSG00000141562",333.151575508613,0.257804079513689,0.116309875859791,2.21652785378661,0.0266553724477414,0.0532621996732378,0.238257781825828,0.113849758255436,"NARF"
"ENSG00000143924",1521.80096806106,-0.28433804801616,0.128326083172639,-2.21574633142691,0.0267088798872776,0.0533610186033228,-0.258829848004378,0.123804633075873,"EML4"
"ENSG00000105393",227.581105640312,-0.417958679300402,0.188701775205156,-2.2149165202394,0.0267657949646556,0.0534666145508505,-0.354808133031423,0.179580724758694,"BABAM1"
"ENSG00000218819",22.4613635951888,1.00746558897653,0.454880722740694,2.21479068821925,0.0267744346680246,0.0534757595326475,0.574925107943074,0.528680389491864,"TDRD15"
"ENSG00000104442",383.150014065388,-0.478946677287795,0.216298378198564,-2.21428695525455,0.0268090454028105,0.0535367650194757,-0.39466811224833,0.204976912531527,"ARMC1"
"ENSG00000163428",341.342818506533,-0.460635887268946,0.208040647458658,-2.21416291910206,0.0268175736656613,0.0535456740797841,-0.383202252309515,0.197396304812288,"LRRC58"
"ENSG00000170379",31.3316535768421,-0.596371041116151,0.269355650885525,-2.21406545270366,0.0268242767349318,0.0535509366932695,-0.464055432974593,0.255521108393298,"TCAF2"
"ENSG00000170775",162.436389333346,0.569991184240842,0.257451828725211,2.21397217127255,0.0268306933457188,0.0535556259232464,0.441909658202513,0.2606919702193,"GPR37"
"ENSG00000167637",46.6728503914219,0.304599793277789,0.137621707866735,2.21331211477732,0.02687613496365,0.0536381981099616,0.275160228992951,0.133793026471398,"ZNF283"
"ENSG00000116489",1204.09569914522,-0.352981205679447,0.159532379849272,-2.21259913512822,0.0269252947190087,0.0537219746641502,-0.30697686865149,0.152484921182753,"CAPZA1"
"ENSG00000160963",134.689168315326,0.624404561363559,0.282205914488212,2.21258495767509,0.0269262730372723,0.0537219746641502,0.467713444052505,0.28979407288677,"COL26A1"
"ENSG00000182853",54.0093321599857,0.560801136959788,0.253480921203508,2.21239979047396,0.0269390533587966,0.0537393297760479,0.437502140007034,0.25478554871144,"VMO1"
"ENSG00000137331",55.0384062255216,-0.502581676339384,0.227242170094569,-2.21165673664457,0.0269903919486543,0.0538335858803185,-0.408620235656826,0.215653562302078,"IER3"
"ENSG00000197093",11.6048788983773,0.741852539771488,0.335499227473639,2.21119000886456,0.0270226819682428,0.0538898259306096,0.52208473694622,0.344587203138362,"GAL3ST4"
"ENSG00000162194",56.7375129059537,0.647493377285744,0.292867769140443,2.21087277437909,0.0270446484988414,0.0539172989303068,0.478745485743921,0.301034166807777,"LBHD1"
"ENSG00000185862",104.141801113465,-0.552007015514128,0.249676234479572,-2.21089130355053,0.027043365044333,0.0539172989303068,-0.438548997753399,0.236185788969922,"EVI2B"
"ENSG00000158714",58.5575314551647,0.629462094285203,0.284729614643333,2.21073629827266,0.0270541033679298,0.0539279825801914,0.471126714434472,0.29099780672525,"SLAMF8"
"ENSG00000174600",157.603349719045,0.591741664418629,0.267710980416733,2.21037502271103,0.0270791457957744,0.0539697295711726,0.452303138550367,0.272398968979015,"CMKLR1"
"ENSG00000072803",612.237497543514,0.290157795595351,0.13127827891716,2.21024984474735,0.0270878273846041,0.0539788611087781,0.266701580223076,0.128322272132311,"FBXW11"
"ENSG00000180530",933.834584433542,-0.384364754772704,0.17396777311272,-2.20940205128487,0.0271466884857858,0.0540879692197117,-0.33239392130255,0.165885145904652,"NRIP1"
"ENSG00000134533",25.2501500920488,-0.602559079995363,0.27281750110499,-2.20865258846967,0.027198814523686,0.0541796267050868,-0.466947046350002,0.259228947486309,"RERG"
"ENSG00000180694",481.394470140683,-0.425912667941571,0.19284087821147,-2.20862232059799,0.027200921503921,0.0541796267050868,-0.358540026442695,0.183089456095701,"TMEM64"
"ENSG00000161671",1169.08830011373,0.257290676910366,0.116529872218974,2.20793751860369,0.0272486289915296,0.0542587806370372,0.24601707445083,0.113963083916722,"EMC10"
"ENSG00000173542",188.759194172025,-0.460828641299567,0.208714901511819,-2.20793358769101,0.0272489030511993,0.0542587806370372,-0.383820197399478,0.198067952590613,"MOB1B"
"ENSG00000104432",44.1499917325383,-0.427496223666173,0.193669095426956,-2.2073538512881,0.0272893478005032,0.0543310983126305,-0.360760416481044,0.184719539779552,"IL7"
"ENSG00000164683",22.3396046462646,-0.399236013529347,0.180882318688918,-2.20715886673232,0.0273029623452857,0.0543499852189343,-0.342654132259676,0.173343106726982,"HEY1"
"ENSG00000121570",15.3555766794389,-0.691044525272056,0.313138965361907,-2.20683019908873,0.0273259244048325,0.0543874710074111,-0.511295594266421,0.298893144366056,"DPPA4"
"ENSG00000134817",622.527265553082,0.389007004135787,0.176289731984759,2.20663449740464,0.0273396048342922,0.0544064747956909,0.335636239526085,0.173192497861336,"APLNR"
"ENSG00000183527",303.537889326395,-0.269017218423471,0.121932675955534,-2.20627667124747,0.027364633775889,0.0544480532406459,-0.247079395562685,0.117927495375671,"PSMG1"
"ENSG00000113594",1189.17497997349,-0.521565421779084,0.23646890339986,-2.20564063299747,0.0274091716810573,0.0545284306970083,-0.416247939689261,0.222936263393011,"LIFR"
"ENSG00000155959",309.187401529878,-0.333460338607504,0.151217614819796,-2.20516861745825,0.0274422644834991,0.0545860181582942,-0.296185852935601,0.145010770858152,"VBP1"
"ENSG00000123104",3198.98453084849,0.39239896314238,0.17795411518833,2.20505697621604,0.0274500966405819,0.0545926152991172,0.339366780167634,0.175073697980212,"ITPR2"
"ENSG00000141295",737.017835560448,0.370159087639817,0.16787236290545,2.20500314187095,0.0274538740616326,0.0545926152991172,0.322226635626516,0.164764535644013,"SCRN2"
"ENSG00000134539",75.4358205697518,-0.48760477237547,0.221183524727701,-2.20452573479766,0.0274873921451554,0.0546510125314279,-0.399402802277295,0.209862904428834,"KLRD1"
"ENSG00000174652",451.756476309494,-0.510484741820196,0.231680278927492,-2.20340179226027,0.027566441991568,0.0547999056712946,-0.41165037695371,0.218829089585456,"ZNF266"
"ENSG00000162694",249.689595059259,-0.355150647066662,0.16118808189627,-2.20333068604423,0.0275714496679726,0.0548015861003211,-0.312388968408355,0.154245880118805,"EXTL2"
"ENSG00000140505",9000.77239458592,0.640573879936572,0.290754183305989,2.2031458761934,0.0275844686266421,0.0548191870095652,0.475678926775026,0.300714438209642,"CYP1A2"
"ENSG00000106080",129.343829969857,0.292850747699744,0.132957564446453,2.20258808830456,0.0276237942377653,0.0548890544724446,0.267494517067894,0.1298050208293,"FKBP14"
"ENSG00000169429",19.0052330023007,-1.16954565264013,0.531176818687489,-2.20180100391055,0.0276793681460149,0.0549911816825762,-0.721632810731824,0.509756688679498,"CXCL8"
"ENSG00000143028",225.332577043444,0.444088537279355,0.20169900908787,2.20173881511678,0.0276837632364152,0.0549916153848284,0.370253026727931,0.199292388913636,"SYPL2"
"ENSG00000269343",164.89704731131,0.256495356296981,0.116536865287857,2.20098039932183,0.0277374114653347,0.0550898716778695,0.239272608869808,0.113887852171788,"ZNF587B"
"ENSG00000137656",159.80654046492,0.170829798693012,0.0776379292396264,2.20033945219936,0.0277828201609452,0.0551717360843144,0.164453564246947,0.0765109023644514,"BUD13"
"ENSG00000153896",60.012434579085,-0.228978054544933,0.104091083728537,-2.19978547962949,0.0278221186645581,0.055241443875369,-0.214455398744576,0.101419029089761,"ZNF599"
"ENSG00000166598",17007.5412257834,0.220802180024492,0.100378602274264,2.19969370983265,0.0278286333878646,0.0552460475248228,0.216587154785902,0.0983107690781306,"HSP90B1"
"ENSG00000095380",372.666501954987,0.256391519343112,0.116561401983827,2.1996262483072,0.0278334233096303,0.0552472261864304,0.237330352462248,0.114098050123735,"NANS"
"ENSG00000168256",314.691714532444,0.184765728310458,0.084024332994536,2.19895501369197,0.0278811212303213,0.0553213604886602,0.176836528118496,0.082677781363477,"NKIRAS2"
"ENSG00000180611",10.0790667321217,-0.523868442477746,0.238238616908299,-2.19892328656101,0.0278833775028671,0.0553213604886602,-0.42121606964815,0.228509683506109,"MB21D2"
"ENSG00000187742",726.341996725118,0.113783205325443,0.0517440604446551,2.19896166531315,0.0278806482207383,0.0553213604886602,0.112123153809419,0.0513382937109184,"SECISBP2"
"ENSG00000152270",1092.0929377308,-0.399359036168255,0.181630642317969,-2.19874262994194,0.0278962278851514,0.0553385168503696,-0.342601766115041,0.172861139467319,"PDE3B"
"ENSG00000079689",46.1019029154253,1.01983978518619,0.463923460146767,2.1982931944497,0.0279282190737333,0.0553936324683297,0.556371228630129,0.545818376988945,"SCGN"
"ENSG00000170927",272.005914911666,0.5528245131193,0.251539016061665,2.19776844870768,0.0279656109245987,0.0554594416980368,0.431408525005421,0.253760913211683,"PKHD1"
"ENSG00000083937",511.000608761814,-0.430988339745608,0.196132008744192,-2.19744009407322,0.0279890304624441,0.0554975263657439,-0.36029923819171,0.185870715278931,"CHMP2B"
"ENSG00000001084",2460.38165079175,-0.280231223167896,0.127565722407298,-2.19675958305759,0.0280376210033507,0.0555855019018394,-0.255292723289998,0.123057080807451,"GCLC"
"ENSG00000154727",399.722430321664,-0.502477212302472,0.228766862306795,-2.19645978108757,0.0280590508310816,0.0556196120508914,-0.406865500489716,0.21606982391691,"GABPA"
"ENSG00000068079",340.00616614747,0.299564533596557,0.136456241614856,2.19531572943413,0.0281409573563639,0.0557735728667601,0.270767603974406,0.133485391902084,"IFI35"
"ENSG00000125352",153.718103323419,-0.192962099707274,0.0879043706048215,-2.19513658285257,0.0281538017070107,0.0557906311370413,-0.183649507358491,0.0861185888269589,"RNF113A"
"ENSG00000123612",78.3426234244747,-0.509394861704107,0.232126946892481,-2.19446672832885,0.0282018733338789,0.0558774814618284,-0.411849456453483,0.219888726818797,"ACVR1C"
"ENSG00000125817",558.533575239078,0.29648267998098,0.135150184956859,2.19372751931949,0.0282550042162472,0.0559743282442237,0.268475328148998,0.132239371515315,"CENPB"
"ENSG00000120696",220.104163562951,-0.36303213108752,0.165515778978058,-2.19333850421383,0.0282829994230359,0.0560213585683302,-0.314488873506646,0.157924252236777,"KBTBD7"
"ENSG00000159212",23.9023328108893,1.02726166576073,0.468452477285364,2.19288340988954,0.0283157803073064,0.0560694184878922,0.556276525390665,0.546733580888007,"CLIC6"
"ENSG00000197013",140.886966758977,0.380033244618315,0.173301165885247,2.19290645090037,0.0283141198546208,0.0560694184878922,0.328469270040408,0.169850765064292,"ZNF429"
"ENSG00000157014",185.240987681372,-0.240000658769744,0.10947997004384,-2.19218783740659,0.0283659463178512,0.0561598291923269,-0.218845596704124,0.106175372609468,"TATDN2"
"ENSG00000164070",242.621320361435,0.522661904014445,0.23842628158325,2.19213209443083,0.0283699699193503,0.0561598291923269,0.415006826021191,0.238784102388938,"HSPA4L"
"ENSG00000023041",595.111512384491,-0.151773784127817,0.0692416387841379,-2.19194384755934,0.0283835614610778,0.0561782877625602,-0.146706449611081,0.0682469367405609,"ZDHHC6"
"ENSG00000126561",181.718695497167,0.242286730040089,0.110576645174657,2.19112028274502,0.0284430893313589,0.0562791875768968,0.225409635448114,0.108317506016045,"STAT5A"
"ENSG00000198554",30.8613329313414,0.582508563089381,0.265847471274091,2.19113825043237,0.0284417894670081,0.0562791875768968,0.446728121731556,0.26673796594891,"WDHD1"
"ENSG00000147202",453.043435321671,-0.272877244526302,0.12454324952842,-2.19102396604831,0.028450058192435,0.0562845178304432,-0.248561361807092,0.120252295273683,"DIAPH2"
"ENSG00000151338",44.9515606462984,-0.380260700925879,0.173563407951549,-2.19090363236029,0.0284587668363174,0.0562932878856602,-0.328875145426446,0.166178432456626,"MIPOL1"
"ENSG00000168938",399.723279643508,0.241519596057973,0.110244003022304,2.19077309818938,0.0284682162936731,0.0563035204630463,0.225081524262432,0.107996929482631,"PPIC"
"ENSG00000130312",758.712565146983,-0.336649726500474,0.153749845633284,-2.18959391545299,0.028553700689282,0.0564641068301422,-0.297945380058555,0.147232544682976,"MRPL34"
"ENSG00000105072",69.0602325327543,0.327607295757427,0.149652711467084,2.18911700660688,0.0285883367511648,0.0565234569624192,0.291520850254848,0.145796069761447,"C19orf44"
"ENSG00000185189",855.871925704096,0.41207789228824,0.188244007951994,2.18906246616534,0.0285923001192247,0.0565234569624192,0.352707700562211,0.185357580098282,"NRBP2"
"ENSG00000185278",198.932623613639,-0.278972395853432,0.1274519081085,-2.18884440408647,0.0286081510761449,0.056546301916908,-0.250715731216623,0.122874819879237,"ZBTB37"
"ENSG00000178234",535.922785548086,0.140102383933037,0.0640126692792233,2.18866648603436,0.028621089565191,0.0565620411448634,0.142538799139732,0.0631971724162325,"GALNT11"
"ENSG00000203950",123.565974106583,-0.32200519155585,0.147127261531239,-2.18861676758307,0.0286247060723246,0.0565620411448634,-0.286653017772758,0.141365076863458,"RTL8A"
"ENSG00000135100",461.927848581462,0.390993781823902,0.178676764770106,2.18827435300261,0.028649623909693,0.0566027833726018,0.337004228763225,0.175505226333711,"HNF1A"
"ENSG00000137507",204.021766784894,0.453333003183535,0.207223777920088,2.18764954356905,0.0286951400348542,0.05668420310561,0.375004615995886,0.204783159281496,"LRRC32"
"ENSG00000132825",25.3707070698573,-0.382170470129574,0.174710798981996,-2.18744618166939,0.0287099679709715,0.0567049862444961,-0.329841549903403,0.167847786591583,"PPP1R3D"
"ENSG00000050327",81.4297777628923,0.350241753761408,0.160138883012326,2.18711250617659,0.0287343118913759,0.0567445553265119,0.307769268594069,0.156458827561788,"ARHGEF5"
"ENSG00000055950",587.07865689294,-0.225811174662257,0.103267154960808,-2.18666985401078,0.0287666338374435,0.0567998651925288,-0.211541159548229,0.100494512043249,"MRPL43"
"ENSG00000162944",20.5990606718372,-0.531951035840368,0.243352526587733,-2.1859277292056,0.028820893167545,0.056898467452976,-0.424012102662212,0.231543169405595,"RFTN2"
"ENSG00000115361",729.448626730491,-0.218454014270329,0.0999495744160773,-2.18564226557817,0.028841787861609,0.0569266604313612,-0.204533149583074,0.0973274189031465,"ACADL"
"ENSG00000133059",141.981806538515,0.209558882315062,0.0958810329602953,2.18561352381175,0.0288438923562047,0.0569266604313612,0.197736213308317,0.0939376873141466,"DSTYK"
"ENSG00000198538",47.3740203206516,0.514516101617243,0.235416631520144,2.18555544820637,0.028848145100869,0.0569266604313612,0.407760592425322,0.233734842758996,"ZNF28"
"ENSG00000020633",47.2068739477178,-0.480447084708593,0.219912554857704,-2.18471876250753,0.0289094736316675,0.0570391322994956,-0.393546032316344,0.208722244674322,"RUNX3"
"ENSG00000186815",773.587857491318,0.327783385877773,0.150048463186324,2.18451678155973,0.0289242955139875,0.0570598254026311,0.291451535622814,0.146828671521108,"TPCN1"
"ENSG00000179241",29.8424965617103,-0.427109851889252,0.195590704115497,-2.18369197974277,0.028984889516337,0.0571707948122986,-0.359595131116591,0.186835526927082,"LDLRAD3"
"ENSG00000132341",1622.61645099846,0.177612852827285,0.0813413425687558,2.18354956063275,0.0289953633802829,0.0571815229052174,0.170352087262384,0.0801181175075913,"RAN"
"ENSG00000196126",2253.55910845355,0.491269543034695,0.22499178420016,2.18349992103554,0.0289990147682012,0.0571815229052174,0.39758981541743,0.224246250369957,"HLA-DRB1"
"ENSG00000117419",428.191655781305,0.234844761169302,0.107568594488305,2.1832093492198,0.0290203965809523,0.0572151155113535,0.218956370170192,0.105406829282074,"ERI3"
"ENSG00000184060",148.390204332873,-0.428919589453862,0.196469496092637,-2.18313579453384,0.0290258112760139,0.0572172228267703,-0.360517694709121,0.186566005672866,"ADAP2"
"ENSG00000100211",258.759444591066,-0.213701448653578,0.0978996436957752,-2.18286237402108,0.0290459466286543,0.0572397744817935,-0.201412983535877,0.095493138691704,"CBY1"
"ENSG00000231925",2011.87100395935,0.320493879095944,0.146821395845469,2.1828826599174,0.029044452313043,0.0572397744817935,0.286401014787582,0.143675960164201,"TAPBP"
"ENSG00000231852",89.8898696387625,0.842561364862109,0.386058673701255,2.18246971835714,0.0290748837773471,0.0572882250542581,0.534433355104748,0.42531675953949,"CYP21A2"
"ENSG00000180210",29082.2341951586,0.259372006118067,0.118857527200753,2.18220934110451,0.0290940862162566,0.0573174830350494,0.239384776505587,0.116373290783861,"F2"
"ENSG00000162909",872.248030510043,0.347730008985963,0.159356519346877,2.18208837900787,0.0291030107052602,0.0573264869756816,0.30706858907296,0.156049390087032,"CAPN2"
"ENSG00000171262",199.185789105197,-0.356953695509,0.163629398235323,-2.18147655224917,0.0291481869102868,0.0574068853942911,-0.312708581389484,0.156384997444398,"FAM98B"
"ENSG00000089351",145.588863260753,0.413660177081704,0.189642326216686,2.18126504422359,0.02916381831977,0.0574290804663613,0.349831918308011,0.186515281994681,"GRAMD1A"
"ENSG00000174136",132.634874682009,-0.260736482581366,0.119545558985012,-2.1810637282984,0.0291787031867065,0.0574497990363658,-0.239793218461246,0.11574209322797,"RGMB"
"ENSG00000060339",499.231366183703,-0.217952072586341,0.0999378430547568,-2.18087629194602,0.0291925677044222,0.0574685027506613,-0.201342253728328,0.0972007499590793,"CCAR1"
"ENSG00000112234",461.265967704657,-0.369254572447858,0.169361870076053,-2.18026981092051,0.0292374674770719,0.0575482877564851,-0.320846076053356,0.1615404262108,"FBXL4"
"ENSG00000111540",1872.53344362598,0.171175297301127,0.0785137020170557,2.18019648677299,0.0292428999277017,0.057550376748598,0.164604936873644,0.0773846332714103,"RAB5B"
"ENSG00000198939",23.0773072689491,-0.443252664729269,0.203395221731552,-2.17926783606691,0.0293117771348968,0.0576773064950009,-0.369603441275711,0.194462256204376,"ZFP2"
"ENSG00000130021",168.015509004802,-0.342981730350322,0.157388846779103,-2.17919971693865,0.0293168349610674,0.057678638538167,-0.300891979762434,0.150564928927628,"PUDP"
"ENSG00000196664",22.2415390058611,0.695280543664529,0.319375480927086,2.17700038101316,0.029480539012306,0.0579920479061737,0.494286482791474,0.328738669774452,"TLR7"
"ENSG00000165476",629.333838753438,-0.316620887780478,0.145447014825954,-2.1768813073225,0.0294894244656226,0.0580008608476826,-0.282775737288136,0.139523745325496,"REEP3"
"ENSG00000128000",184.869882374517,-0.320049304021097,0.147027318292065,-2.17680161577407,0.0294953724524377,0.0580038945046743,-0.28399356182864,0.141012130217052,"ZNF780B"
"ENSG00000135439",18.7504576695711,0.558269801119515,0.256473567071205,2.17671476828847,0.0295018557163677,0.0580079797433836,0.434213769700847,0.253395286525795,"AGAP2"
"ENSG00000076944",160.925196742665,0.489847278755656,0.225059969799049,2.1765189037972,0.0295164817238282,0.0580280720286579,0.396466795716312,0.22382222829955,"STXBP2"
"ENSG00000117385",408.866775516757,0.278606206747932,0.128027813854443,2.17613812467878,0.0295449339166602,0.05807533591322,0.25424532000901,0.125176459766489,"P3H1"
"ENSG00000158092",252.272708721308,-0.344828694429398,0.158470906382701,-2.17597477228186,0.0295571469981375,0.0580906698578114,-0.302140649624111,0.151480988704618,"NCK1"
"ENSG00000176871",828.839162557565,0.261756212690988,0.120302295022468,2.17582060792855,0.0295686771157491,0.0581046571501422,0.241640249289105,0.117733944426282,"WSB2"
"ENSG00000149289",226.320810044766,-0.452803203590371,0.20812112107684,-2.17567155725243,0.0295798284538436,0.0581048574978114,-0.375415392024146,0.197078437503552,"ZC3H12C"
"ENSG00000168077",100.903719103523,-0.406274244089404,0.186737611547987,-2.17564228610154,0.0295820188218008,0.0581048574978114,-0.34517179431327,0.177946370349915,"SCARA3"
"ENSG00000183597",194.379537714787,0.244199303489682,0.112236955657849,2.17574774777495,0.0295741277509561,0.0581048574978114,0.226868072408991,0.109852915807919,"TANGO2"
"ENSG00000143155",466.539753999167,-0.339055279461854,0.155862549611766,-2.17534796079237,0.0296040510168332,0.0581221198460522,-0.297412026486423,0.148972715877718,"TIPRL"
"ENSG00000151117",84.2810489935294,0.375249164858594,0.172493149416493,2.17544387199133,0.029596869879993,0.0581221198460522,0.324506061990485,0.168490318043429,"TMEM86A"
"ENSG00000183735",415.537643353802,-0.243759894574458,0.112053784480689,-2.17538297081314,0.0296014295460681,0.0581221198460522,-0.226728163399589,0.108702775189115,"TBK1"
"ENSG00000005421",15649.0222212999,-0.291417385618549,0.133987298318878,-2.17496277091132,0.029632906344619,0.0581700976492104,-0.262109851354872,0.128795917658117,"PON1"
"ENSG00000106049",3342.56645003905,-0.20411991591193,0.0938864641969677,-2.1741144227532,0.0296965430746567,0.0582863276864832,-0.189658625507896,0.0914666692911718,"HIBADH"
"ENSG00000113494",382.923798337624,-0.607094935193124,0.279305021502097,-2.17359119405795,0.0297358503379276,0.0583547779921233,-0.463304025729368,0.262414703060704,"PRLR"
"ENSG00000197008",87.225811466211,-0.350357336733467,0.161267239995576,-2.17252640240558,0.0298159803911775,0.0585033081714222,-0.307371546386382,0.154364869683748,"ZNF138"
"ENSG00000176771",97.8669796690387,0.396979938821579,0.182746104914864,2.17230314707129,0.0298328048177256,0.0585275977097563,0.338745214394928,0.179229357159674,"NCKAP5"
"ENSG00000142627",151.109325022001,-0.4373699690838,0.201411157128629,-2.17152800926753,0.0298912822511225,0.0586335849401488,-0.365240245521947,0.191029248511523,"EPHA2"
"ENSG00000099953",16.5316719472197,-0.763577464646201,0.351858662242552,-2.17012552648152,0.0299973378937771,0.058832854269249,-0.540365713437587,0.333755191448788,"MMP11"
"ENSG00000171608",123.590246445969,-0.386409069822988,0.178072725775191,-2.16995089023803,0.0300105664909824,0.0588500325320635,-0.330564194067897,0.169484698706771,"PIK3CD"
"ENSG00000105552",114.28479134595,0.482187343749987,0.222290036187735,2.16918109340158,0.030068937951098,0.0589469382168191,0.390492011512099,0.220455695287566,"BCAT2"
"ENSG00000160072",148.677819174742,0.666031251517446,0.307035971246413,2.16922873503613,0.0300653225936775,0.0589469382168191,0.478599290073549,0.318581776890467,"ATAD3B"
"ENSG00000122882",331.421704904097,0.169450152387973,0.0781308332354719,2.16880001621487,0.0300978700191388,0.0589948722155698,0.165551007918927,0.076968191309672,"ECD"
"ENSG00000080573",476.079546273305,0.791076354383909,0.364903724383466,2.16790430330766,0.0301659683819761,0.0591195504193358,0.517781351303475,0.395716927259254,"COL5A3"
"ENSG00000204366",9.9727487782362,0.541345019580246,0.249775183581889,2.16732908296618,0.0302097704400441,0.0591965824696562,0.425594631930777,0.24202774381186,"ZBTB12"
"ENSG00000197872",107.469465424984,-0.475162723956927,0.219270623992402,-2.16701496673531,0.0302337129239287,0.0592346821958995,-0.389234222354896,0.20742102804486,"CYRIA"
"ENSG00000072071",27.4835079399282,0.583235160222984,0.269154453962189,2.16691625064067,0.0302412406022743,0.0592406150527517,0.444533777470397,0.26926188782837,"ADGRL1"
"ENSG00000145014",60.4195563380349,-0.489231186535172,0.225789918348035,-2.1667539016559,0.0302536241621069,0.0592560570839482,-0.397616740765184,0.213631111466191,"TMEM44"
"ENSG00000171564",202992.231592409,-0.345214245423261,0.15934006404319,-2.16652508266653,0.0302710852797941,0.059281438166558,-0.303038000886112,0.152198964791707,"FGB"
"ENSG00000159216",96.5441064647844,-0.407126814421103,0.187929071360557,-2.16638549572779,0.0302817413746372,0.0592934870521227,-0.345893419939662,0.178734540001973,"RUNX1"
"ENSG00000007516",136.321807406735,0.454748672332977,0.209923716543427,2.16625677089184,0.0302915711108131,0.0593039145345674,0.374171338830594,0.207576720974196,"BAIAP3"
"ENSG00000044459",318.152493036692,-0.365186150272808,0.168596370145392,-2.16603803485143,0.0303082806050849,0.0593220905765904,-0.312950722323717,0.160396379864957,"CNTLN"
"ENSG00000143761",3535.43483956964,0.1508180429635,0.0696291965998848,2.16601727907556,0.0303098665736536,0.0593220905765904,0.14908707356223,0.0687337899118346,"ARF1"
"ENSG00000105617",60.2864730662298,0.340642856096673,0.157329164439112,2.16516026962378,0.0303754137634361,0.059441542450862,0.300024286593695,0.153314189013213,"LENG1"
"ENSG00000119681",97.4714792392538,0.826842530064985,0.381926696644621,2.16492467619867,0.0303934541284046,0.0594680066955826,0.525893530001124,0.418078857311687,"LTBP2"
"ENSG00000011638",25.7303593023475,-0.51620441098417,0.238480173763282,-2.16455901905103,0.0304214722408404,0.0595139826928536,-0.41298911345677,0.226473357678459,"LDAF1"
"ENSG00000167995",90.6881625572113,-0.894350889829473,0.413213630645141,-2.16437896405582,0.0304352769251576,0.0595321432174455,-0.598204578257855,0.388901863559844,"BEST1"
"ENSG00000163006",36.76675076362,-0.370713654354552,0.171392638652729,-2.16294968832168,0.0305450494663763,0.0597379859290419,-0.321114434797609,0.164112420450478,"CCDC138"
"ENSG00000175548",125.190138430272,-0.490266016316732,0.226691394455359,-2.16270237118894,0.030564078614027,0.0597663239317212,-0.398172367884555,0.214203089176494,"ALG10B"
"ENSG00000133315",300.949499582901,0.467248114210095,0.216064978347521,2.16253516781683,0.0305769493930399,0.0597826129653644,0.382068400221299,0.214205265620747,"MACROD1"
"ENSG00000069275",3863.76649097591,-0.311657173128014,0.14412848534767,-2.16235654163872,0.0305907046055863,0.0598006261079658,-0.269221977714878,0.137622439319765,"NUCKS1"
"ENSG00000120705",1066.68191575318,0.170355872486199,0.0788102962909814,2.16159411274405,0.0306494756522469,0.0598799519865682,0.170346410948205,0.0775388196009239,"ETF1"
"ENSG00000136546",18.0289645884907,-1.10776615883919,0.512451618079857,-2.16169901656269,0.0306413835008283,0.0598799519865682,-0.67972680630932,0.488024172082924,"SCN7A"
"ENSG00000140284",5620.40637371251,-0.326883468520627,0.151212373236993,-2.16175079805346,0.0306373898167829,0.0598799519865682,-0.283692675995623,0.144294258198984,"SLC27A2"
"ENSG00000172172",641.589062333271,-0.223059981861245,0.103190794693473,-2.16162674707412,0.0306469580835671,0.0598799519865682,-0.20807058780409,0.100348962393591,"MRPL13"
"ENSG00000198146",788.989033624768,-0.385238087595852,0.178267641207483,-2.16100962006604,0.0306945963050237,0.0599592069661636,-0.326406807314128,0.169151853605041,"ZNF770"
"ENSG00000151729",790.227985829806,-0.170940264562543,0.0791181846852186,-2.16056858789985,0.0307286800884941,0.0600168820716678,-0.164535843825271,0.0777110522739252,"SLC25A4"
"ENSG00000204613",91.3064254930194,0.342106903594722,0.158358540544398,2.16033124843562,0.0307470355688401,0.0600438253187998,0.300701793455502,0.154650445438689,"TRIM10"
"ENSG00000232040",46.8093430657274,-0.418718155750161,0.193826697213576,-2.16027080773491,0.0307517114662928,0.0600440505954636,-0.352405910039547,0.184447139951618,"SCAND3"
"ENSG00000005206",229.419397531242,0.644814284742306,0.298635492713731,2.15920177097107,0.0308345167360166,0.0601878795176271,0.468777887109079,0.30809693164471,"SPPL2B"
"ENSG00000143183",1784.12522474746,-0.230841776088303,0.106910423923349,-2.15920737769974,0.0308340819521045,0.0601878795176271,-0.211541329744597,0.103671877301341,"TMCO1"
"ENSG00000179295",1682.2694189237,0.336700824702221,0.155944346600992,2.1591088875041,0.0308417203183234,0.0601930165595977,0.297112438611361,0.152583919488731,"PTPN11"
"ENSG00000166313",98.1366432544886,0.313701187916202,0.145299468933948,2.1589974844217,0.0308503620960419,0.0602009585529105,0.280040302440888,0.141847542989359,"APBB1"
"ENSG00000136271",694.683003173144,0.248031473054502,0.114897124745302,2.15872654432672,0.0308713881809358,0.060233061172229,0.227130642373321,0.112473670407005,"DDX56"
"ENSG00000011304",1418.94735935885,0.21260172342539,0.0985168988797007,2.15802289600081,0.0309260517077295,0.0603129013159482,0.200130021092683,0.0967419674810999,"PTBP1"
"ENSG00000070785",372.436488603138,0.209129371461454,0.0969061435587198,2.15806102463187,0.0309230875243701,0.0603129013159482,0.198005775337818,0.0950567828648837,"EIF2B3"
"ENSG00000077044",275.215798019245,0.308650070253904,0.143020626994975,2.15808080791555,0.0309215496350112,0.0603129013159482,0.276623480679172,0.139705638954522,"DGKD"
"ENSG00000124104",136.607676919418,0.367951033453954,0.170527603278224,2.15772125087353,0.0309495107019391,0.0603497123669623,0.318516881424836,0.166845623737636,"SNX21"
"ENSG00000134716",2730.26761135374,-0.211241364765917,0.0979045660066168,-2.15762526082431,0.0309569790679974,0.0603553363555833,-0.19835890932277,0.0953815698159109,"CYP2J2"
"ENSG00000117143",1945.59819320366,-0.317796441245676,0.147375705229231,-2.1563692655541,0.0310548425896648,0.060537171681304,-0.28240336948389,0.141191417617489,"UAP1"
"ENSG00000077254",531.694083011766,-0.339411405038769,0.157406513143654,-2.1562729410632,0.0310623588664257,0.0605428596351386,-0.293896396503115,0.150097610361267,"USP33"
"ENSG00000177666",622.58031527366,0.525451699244159,0.24375968571902,2.1556136228771,0.031113847920642,0.0606342394498479,0.41502326983974,0.244278261188026,"PNPLA2"
"ENSG00000143546",80.2261563605732,-0.681176266096347,0.31606110172758,-2.15520436514667,0.0311458454858413,0.0606867131039895,-0.500037505760063,0.296777912939162,"S100A8"
"ENSG00000166037",836.197927366037,-0.339709661704379,0.157626824024041,-2.15515134437123,0.0311499929482577,0.0606867131039895,-0.298946659250296,0.150635986918923,"CEP57"
"ENSG00000168566",255.84569122422,-0.242981912921196,0.112768162234927,-2.15470313699889,0.0311850721699821,0.0607460660142009,-0.224881315032298,0.109401962301747,"SNRNP48"
"ENSG00000166788",104.016555233299,-0.206148613710163,0.0956774829127518,-2.15461995272335,0.0311915863659855,0.0607497671737523,-0.19361666813088,0.093539327789066,"SAAL1"
"ENSG00000100221",436.120428670768,-0.218184388116857,0.101267173883267,-2.15454208654389,0.0311976851576795,0.060752658302915,-0.204681423161316,0.0985809933357453,"JOSD1"
"ENSG00000136068",2804.37014571288,0.213180542139156,0.0989516658638268,2.15439063383255,0.0312095504727257,0.0607667763271082,0.205243192703557,0.0970195472245182,"FLNB"
"ENSG00000157601",548.245418286905,0.498084876174343,0.231348042414434,2.15296775791204,0.0313212125690067,0.0609751714747216,0.398091848679336,0.230511697040022,"MX1"
"ENSG00000149489",25.1989397311107,-0.403958140085322,0.187672520192965,-2.15246291609434,0.0313609130051174,0.0610434329724091,-0.342927979851314,0.179370894904594,"ROM1"
"ENSG00000105619",87.9159915760893,0.35928862805339,0.167023123730999,2.15113105315912,0.0314658570947301,0.0611946335376802,0.313191600135383,0.163160466760218,"TFPT"
"ENSG00000125753",408.087986944912,-0.278990542983825,0.129683963679041,-2.15131104162045,0.0314516573299459,0.0611946335376802,-0.25077377698144,0.124832600076517,"VASP"
"ENSG00000148795",47.0659431326821,-0.930068242790131,0.432326173709611,-2.15131143879077,0.0314516260022101,0.0611946335376802,-0.319465550251513,0.336791453276114,"CYP17A1"
"ENSG00000165996",16.7121733129847,0.790501685631006,0.367483228435487,2.15112316552912,0.0314664794964374,0.0611946335376802,0.521843004313126,0.386490779129014,"HACD1"
"ENSG00000180370",888.999436506001,-0.219876223100763,0.10221322326576,-2.15115242505437,0.0314641707218301,0.0611946335376802,-0.205244464052733,0.0994069960080056,"PAK2"
"ENSG00000196352",246.418289248827,-0.331777124438063,0.15422258009093,-2.15128760161091,0.0314535062627933,0.0611946335376802,-0.293323835901,0.147592866699336,"CD55"
"ENSG00000125384",17.2307283716525,-0.517531059605749,0.240598813743874,-2.1510125156173,0.0314752118374524,0.0612025755504206,-0.413909833428216,0.228697155216422,"PTGER2"
"ENSG00000007255",297.237844286681,0.403194610445485,0.187462071735271,2.15080632958579,0.031491489305262,0.0612161447206673,0.341499313512654,0.184176290434233,"TRAPPC6A"
"ENSG00000168685",139.659631030143,-0.540174374007077,0.251145301034588,-2.15084404040944,0.0314885116644529,0.0612161447206673,-0.425240025882136,0.236269983411017,"IL7R"
"ENSG00000186625",121.56816692854,0.197420701238097,0.0917948180217715,2.15067370351204,0.0315019633580278,0.0612274652453194,0.18743782185772,0.0899549748409252,"KATNA1"
"ENSG00000100296",256.627396854279,0.242808636646016,0.11292560184896,2.15016464531026,0.0315421936293018,0.061296608313415,0.225729856675039,0.110411084199196,"THOC5"
"ENSG00000117724",26.2743033420829,0.578809243495586,0.269201150788856,2.15009943976639,0.0315473499291664,0.061297581045957,0.440237188553842,0.268807504528112,"CENPF"
"ENSG00000127774",218.552996622957,-0.329354209090528,0.153190799559294,-2.14996076812725,0.0315583181574589,0.0613098446010187,-0.288674339340577,0.146467333496515,"EMC6"
"ENSG00000135521",128.959613583505,-0.278168797255387,0.129470620489652,-2.14850903010556,0.0316733398098905,0.0615242242456503,-0.252852373560342,0.124851735277896,"LTV1"
"ENSG00000105146",21.3499438718931,-0.507843804682504,0.236439162406228,-2.14788362263766,0.0317230017259996,0.0616116006379275,-0.407698402027409,0.224625388673609,"AURKC"
"ENSG00000120875",12.5056624391264,-0.601013012237063,0.279846583012875,-2.14765178036643,0.0317414286504559,0.0616382964029355,-0.458005316318317,0.266499977768872,"DUSP4"
"ENSG00000164430",12.5704816671124,-0.497032051016113,0.231502158201746,-2.14698668417151,0.0317943417245406,0.0617319426552576,-0.399776903252727,0.221307405689516,"CGAS"
"ENSG00000006062",181.929451013383,0.415489992439372,0.193528438861194,2.14691956843292,0.0317996854515717,0.061733214192774,0.349193269180634,0.190136471651957,"MAP3K14"
"ENSG00000184602",203.565591987188,0.350200480918853,0.163125351068763,2.14681825126759,0.0318077537405573,0.061739773809255,0.306032828073208,0.159420975367227,"SNN"
"ENSG00000196505",190.031609494368,-0.241699389967827,0.112602683930222,-2.14647983095681,0.0318347162202267,0.0617830002587714,-0.22414725184807,0.109127903637204,"GDAP2"
"ENSG00000026297",175.104533831408,-0.372232995874333,0.173424257890946,-2.14637214194339,0.0318433000824903,0.0617905510517416,-0.31950586488591,0.165011421027828,"RNASET2"
"ENSG00000079785",1259.32770449568,0.159823608730776,0.0744787282032718,2.14589605094459,0.0318812729507431,0.0618460055502408,0.150931005842764,0.0735202112488902,"DDX1"
"ENSG00000135423",4868.37944352376,0.379071713234974,0.176645691453915,2.14594372562928,0.0318774686846163,0.0618460055502408,0.33024614401791,0.173188662915206,"GLS2"
"ENSG00000131148",195.242169510724,0.216108179801842,0.100732855035252,2.14535942345935,0.0319241207230297,0.0619200019798776,0.203533000586743,0.0986644887875497,"EMC8"
"ENSG00000174837",46.3895610555665,-0.837752655610749,0.390513437649095,-2.14525948365324,0.0319321060073588,0.0619263673137261,-0.560406176836125,0.364802114769871,"ADGRE1"
"ENSG00000128185",912.783981655127,0.368877199477378,0.171969836117755,2.14501105429206,0.0319519631652224,0.0619466274529993,0.321261290028147,0.168418590747666,"DGCR6L"
"ENSG00000132640",181.372567174269,-0.22633471071349,0.105515244405511,-2.14504275651063,0.0319494285924276,0.0619466274529993,-0.211590318874194,0.102586564056213,"BTBD3"
"ENSG00000019549",96.0112428965572,-0.421815908099858,0.19666003946971,-2.14489892932634,0.0319609288698845,0.0619548865578473,-0.353275056548917,0.186765383121954,"SNAI2"
"ENSG00000114115",626.602321027435,-0.338293126854725,0.15772941455626,-2.1447687979217,0.0319713371040905,0.0619659391009061,-0.299228471677949,0.150748705695559,"RBP1"
"ENSG00000196628",224.234630333003,-0.446089619257707,0.208028511431537,-2.14436769358183,0.032003436710985,0.0620190238058329,-0.369233443730501,0.196668661815726,"TCF4"
"ENSG00000134222",32.8373257325002,-0.808469673588795,0.3770539774185,-2.14417489804505,0.0320188755938754,0.0620317695755795,-0.555858985515711,0.354960075265799,"PSRC1"
"ENSG00000168701",778.08206618306,-0.248488788022612,0.11589054623184,-2.14416789032565,0.032019436885587,0.0620317695755795,-0.229758823802482,0.112235492198217,"TMEM208"
"ENSG00000137101",49.4541008357428,-0.554241197168314,0.258542127481306,-2.14371716736333,0.0320555558035304,0.0620926066954952,-0.432677254050741,0.243568289018476,"CD72"
"ENSG00000168061",89.9150357749216,0.467585064214125,0.218145349826914,2.14345648250182,0.0320764618551903,0.0621239624574045,0.38031420557488,0.215270664693159,"SAC3D1"
"ENSG00000128487",27.3990233999942,-0.544286690488695,0.254003798169326,-2.14282894354933,0.032126836305431,0.0622032245290153,-0.427335339272036,0.240157915062146,"SPECC1"
"ENSG00000189337",145.956939823829,-0.317303433184558,0.148075146691192,-2.14285408642066,0.0321248167080436,0.0622032245290153,-0.281677782796824,0.141885272181125,"KAZN"
"ENSG00000136631",396.926667800349,0.184178193542079,0.0859931221667875,2.14177818994474,0.0322113352826871,0.062357659216565,0.187295851487132,0.0843469947716276,"VPS45"
"ENSG00000100644",547.530648929715,-0.450564490805065,0.21039020070084,-2.14156595366215,0.0322284258931515,0.0623815723771291,-0.374594746514481,0.198796454000711,"HIF1A"
"ENSG00000069974",401.087054307794,-0.334782445309519,0.156344841149294,-2.14130791171955,0.0322492155319699,0.0624126373208755,-0.294135661384522,0.149360412395842,"RAB27A"
"ENSG00000119632",30.5412729696832,-0.521339761469108,0.243600904625588,-2.14013885650548,0.0323435467080186,0.0625859988180148,-0.413680939196675,0.230559091435425,"IFI27L2"
"ENSG00000122176",177.754984466034,0.430051743530095,0.200977175622788,2.13980389662384,0.0323706181856089,0.0626015803513112,0.357662915044832,0.197783196619989,"FMOD"
"ENSG00000162365",6260.57854087594,0.348148980286546,0.162699565345144,2.13982735324461,0.032368721788204,0.0626015803513112,0.304240231535886,0.158933914122838,"CYP4A22"
"ENSG00000168438",324.247966901321,0.332945241420238,0.155585988554125,2.139943606197,0.0323593244906164,0.0626015803513112,0.294176924084312,0.1520299358597,"CDC40"
"ENSG00000170515",702.325214723144,-0.188140156212253,0.0879205227773935,-2.13988896185941,0.0323637413698609,0.0626015803513112,-0.184700442876464,0.0861055751356545,"PA2G4"
"ENSG00000112514",1349.00609710935,-0.266753874659686,0.124670583693041,-2.13966973409283,0.0323814666529756,0.062613363188879,-0.243981961917952,0.120313785711434,"CUTA"
"ENSG00000006210",364.180279129795,0.349994215723128,0.163588497704672,2.13947936825592,0.032396865100604,0.0626339391945011,0.305645575672603,0.159946548747185,"CX3CL1"
"ENSG00000178694",97.2778053188431,-0.242608264142552,0.113408328599352,-2.13924556634316,0.0324157856197538,0.0626613174966494,-0.225573946601339,0.110014440428939,"NSUN3"
"ENSG00000198113",52.4778516233533,0.440740087079152,0.206060439311817,2.13888744754257,0.0324447848904853,0.0627081676259732,0.364258156886921,0.2020358564904,"TOR4A"
"ENSG00000182326",69268.9075855764,-0.165389212776667,0.0773319642181318,-2.13869147704758,0.0324606633363436,0.0627296482439894,-0.120864582221518,0.0749394873539538,"C1S"
"ENSG00000091140",1867.81114118973,0.351194586927033,0.164218614296295,2.13857965147229,0.0324697269500539,0.0627379549492824,0.302959293614214,0.160499585868879,"DLD"
"ENSG00000081051",173.986222820787,-0.517856850272538,0.242166056129317,-2.13843698224991,0.0324812936301616,0.0627418884880732,-0.410943412980455,0.227795684621815,"AFP"
"ENSG00000126790",185.237664869781,-0.309187080612366,0.144583962453484,-2.13846041681032,0.0324793934682475,0.0627418884880732,-0.276491567947388,0.138741393667803,"L3HYPDH"
"ENSG00000004866",775.7071525206,0.171472723618559,0.0801974439414045,2.13813203004131,0.0325060289807367,0.062780457321458,0.16908507655095,0.0789029473403523,"ST7"
"ENSG00000137103",105.450283697264,0.349239034804729,0.163380694774158,2.13757834294611,0.0325509810147662,0.0628580545673821,0.305022624290855,0.159390271992965,"TMEM8B"
"ENSG00000117461",134.588108753771,0.32659535622116,0.152802990045951,2.13736233906776,0.032568532091279,0.0628827237884997,0.289222841184225,0.148873304767582,"PIK3R3"
"ENSG00000146109",289.806347811484,-0.161618603285116,0.0756224032949436,-2.13717888143238,0.032583445035755,0.0629022928652126,-0.155130944009135,0.0743087575109335,"ABT1"
"ENSG00000126803",21.368714109134,-0.554997203689773,0.259709153145761,-2.13699516157708,0.0325983851564075,0.0629219086599122,-0.432127133215577,0.245906789752669,"HSPA2"
"ENSG00000136935",491.187326210624,0.189348082031397,0.088607294551765,2.13693559869135,0.0326032300766698,0.0629220356478209,0.181455761851213,0.0870317938217383,"GOLGA1"
"ENSG00000170471",524.279211587164,0.204197819154804,0.0955663754014014,2.13671197947107,0.0326214250505929,0.0629479235257373,0.193358677796882,0.0937626420827424,"RALGAPB"
"ENSG00000167302",181.915791634307,0.538654631293433,0.252155404667367,2.13620101462431,0.0326630327943961,0.0630097420909919,0.417559143136276,0.252756633217298,"TEPSIN"
"ENSG00000169245",330.311560872894,0.757663589029936,0.354673473924962,2.13622851645859,0.0326607921699698,0.0630097420909919,0.501287461799237,0.379026938352308,"CXCL10"
"ENSG00000099365",97.4618411434851,0.497913921091146,0.233122027234542,2.13585102616751,0.0326915584893664,0.0630555316541163,0.396259207151242,0.231550670204178,"STX1B"
"ENSG00000077152",19.3351281463994,0.554486638101678,0.259701048049515,2.1350958814612,0.0327531789945087,0.0631318178698778,0.425601861804771,0.256279078532593,"UBE2T"
"ENSG00000099381",184.131131246039,0.461623886091674,0.216196982518819,2.13520041174252,0.032744643300657,0.0631318178698778,0.375983800708065,0.213634264427511,"SETD1A"
"ENSG00000111490",21.8348619787559,0.713869885872799,0.334362651838097,2.13501682065395,0.0327596361771927,0.0631318178698778,0.492376569039273,0.345351200881315,"TBC1D30"
"ENSG00000189171",69.8129321388109,-0.578081617405892,0.27075441626751,-2.1350773345641,0.0327546936889638,0.0631318178698778,-0.442489967880818,0.254110715577573,"S100A13"
"ENSG00000198077",2129.4207853608,0.78419075208328,0.367300079689845,2.13501383594979,0.0327598799701508,0.0631318178698778,0.507844498194364,0.396731581887201,"CYP2A7"
"ENSG00000198833",770.072806711011,-0.274102567119087,0.128376126378812,-2.13515218795639,0.0327485809034874,0.0631318178698778,-0.240505488679249,0.123166062343399,"UBE2J1"
"ENSG00000074695",4834.46802767509,-0.392261779004342,0.183744032687337,-2.13482730985785,0.0327751186490282,0.0631519408946444,-0.324151920139555,0.173444406352005,"LMAN1"
"ENSG00000165821",17.7152508470241,0.58004868563961,0.271757451293718,2.13443525790462,0.032807168023818,0.0631951973959894,0.438944318562909,0.269971970822339,"SALL2"
"ENSG00000166747",1597.76155311289,0.215924913924585,0.101162301025851,2.13444051524101,0.0328067380708225,0.0631951973959894,0.203022404274015,0.0991934921472188,"AP1G1"
"ENSG00000186399",11.2976845099992,0.68107944173716,0.319163194003012,2.13395358404244,0.032846580523587,0.063261860616376,0.483944795209351,0.32089220716057,"GOLGA8R"
"ENSG00000160856",23.6420560892498,-0.573997823349722,0.269012851939747,-2.13371896253598,0.0328657928800886,0.0632803493798255,-0.442886239505644,0.254140524235198,"FCRL3"
"ENSG00000176783",371.164089768852,0.158132368254786,0.0741094875464003,2.1337668561772,0.0328618702514876,0.0632803493798255,0.152696693865363,0.0731077822531334,"RUFY1"
"ENSG00000164024",490.598044643521,-0.156925250282655,0.0735543489282945,-2.13345985069674,0.0328870218458687,0.0633119651444227,-0.151884882692713,0.0723805652141545,"METAP1"
"ENSG00000212123",23.8002086757117,1.04146085182746,0.488232278235902,2.13312576462683,0.0329144107566755,0.063355428658244,0.52564609197562,0.560606321781737,"PRR22"
"ENSG00000107771",379.335409241937,-0.39278733490448,0.184166017337998,-2.13278942870118,0.0329420038375608,0.0633992724053976,-0.332777330328486,0.174599940332209,"CCSER2"
"ENSG00000215915",126.853176361013,-0.793944704429719,0.372267314903893,-2.13272740486145,0.0329470944504748,0.0633998020366781,-0.547114729717197,0.348149600069772,"ATAD3C"
"ENSG00000177225",317.888871670487,0.570857426974583,0.267696503796562,2.13247994978825,0.0329674110543626,0.0634296264711,0.43320942761338,0.270663006891665,"GATD1"
"ENSG00000168612",50.0272276049782,0.458463801152287,0.215007797971038,2.13231243461246,0.0329811705040791,0.0634468280036098,0.371821539094155,0.211167601360185,"ZSWIM1"
"ENSG00000150756",179.716028981675,-0.236180365174909,0.110780945092626,-2.13195838848851,0.0330102675064497,0.0634935254915875,-0.212008275577617,0.107197826036778,"ATPSCKMT"
"ENSG00000092208",76.6903308049321,-0.207136731220164,0.0971703815249291,-2.13168588997484,0.0330326775448495,0.0635273491901094,-0.195365396245699,0.0950420982684893,"GEMIN2"
"ENSG00000157657",198.540060365507,0.295900010130817,0.138850639244106,2.13106696333324,0.0330836259125753,0.0636160389608538,0.266405142331573,0.13546206180051,"ZNF618"
"ENSG00000109586",37.860174495945,-0.485253971094437,0.227720976833772,-2.1309146739198,0.0330961722710552,0.0636308709288425,-0.39233939090613,0.215374941821469,"GALNT7"
"ENSG00000102034",55.6466530882019,0.510119997884246,0.239425362627795,2.1306013376589,0.0331219992786933,0.0636712282819793,0.402358381740231,0.237412058909387,"ELF4"
"ENSG00000135655",1035.56763376418,-0.279698650801428,0.1313051534124,-2.1301422185842,0.0331598737127129,0.063734729533077,-0.242135896772522,0.125688642961184,"USP15"
"ENSG00000063601",264.307074540124,0.12476187593983,0.0585769352396163,2.12988056526815,0.033181475040813,0.063766535324191,0.121809460030579,0.0579552389150043,"MTMR1"
"ENSG00000205730",320.124270127574,-0.192452177026268,0.090360581482381,-2.12982446404236,0.0331861081605163,0.063766535324191,-0.182558880442406,0.0883099545767674,"ITPRIPL2"
"ENSG00000088986",1419.5331589151,-0.265914398690655,0.124865264129543,-2.12961066910313,0.0332037694908932,0.0637890224323819,-0.240952732334165,0.120332154268543,"DYNLL1"
"ENSG00000134802",792.413054869524,-0.295050889440867,0.138549806598096,-2.12956550922332,0.0332075011204273,0.0637890224323819,-0.26528908735009,0.13307098904901,"SLC43A3"
"ENSG00000127324",405.553742873778,0.729728072371435,0.342725125269909,2.12919339309234,0.0332382633070865,0.0638388001022759,0.493672205995463,0.363012974895921,"TSPAN8"
"ENSG00000163466",1541.72135687756,0.198575090065006,0.0932684272565268,2.12907085394334,0.0332483987391765,0.0638489524212366,0.18773977514349,0.0915568715119594,"ARPC2"
"ENSG00000167034",61.3006621627803,0.344019803966705,0.161604468432529,2.12877655737802,0.0332727513380157,0.0638863999002938,0.300791212637713,0.156788273172385,"NKX3-1"
"ENSG00000177989",120.608021762669,0.653411536923166,0.30702530104451,2.1282009485871,0.033320426223898,0.0639686106246487,0.466631401985975,0.316464124007393,"CIMAP1B"
"ENSG00000172469",457.019310145923,-0.505294510060966,0.237461958481753,-2.12789666728784,0.033345651976379,0.064007705776499,-0.401501603366564,0.222971549552928,"MANEA"
"ENSG00000147471",1320.93308528154,-0.189270325443218,0.088958131641026,-2.12763377503232,0.0333674596195543,0.0640402293514652,-0.177360437986674,0.0868848874800226,"PLPBP"
"ENSG00000164715",385.135967029796,0.202087220583529,0.0949923824637028,2.12740448594126,0.0333864897482402,0.0640674135002668,0.191796662080963,0.0931982892555608,"LMTK2"
"ENSG00000164031",301.389815687005,-0.492729162967199,0.231627545454792,-2.12724769845375,0.0333995078626719,0.0640737171091269,-0.395980548978511,0.217970871448773,"DNAJB14"
"ENSG00000164691",44.2577730833622,-0.442597327996013,0.208059727656859,-2.12726092156557,0.0333984097758731,0.0640737171091269,-0.366543477694769,0.197329655704812,"TAGAP"
"ENSG00000134830",39.2657260302803,-0.661246472289144,0.31090165297249,-2.12686702038105,0.0334311337570671,0.0641250447327426,-0.485912447732656,0.291797644857652,"C5AR2"
"ENSG00000180376",133.266403052125,-0.31712195924606,0.14912064872178,-2.12661332930308,0.033452224075002,0.064156151809392,-0.280926476707875,0.142861791710518,"CCDC66"
"ENSG00000135473",1325.38344875985,0.318920509941359,0.149977986722188,2.12644880033036,0.0334659080870449,0.0641730477532819,0.283331226021609,0.146512077336315,"PAN2"
"ENSG00000186479",21.5046948608664,1.12359547166742,0.528569248552133,2.12572992989129,0.0335257533257124,0.0642784430299009,0.501205864557702,0.605203823738137,"RGS7BP"
"ENSG00000179044",32.5527700130958,0.4997316623583,0.235107031009324,2.12554962823924,0.033540777607977,0.0642978855542552,0.39697349169156,0.231637922399442,"EXOC3L1"
"ENSG00000110801",39.2395706567338,0.399592966418173,0.188008495657644,2.12539845617304,0.033553379001413,0.0643126784004374,0.338161791295733,0.182944360630941,"PSMD9"
"ENSG00000138160",29.7585056768414,-0.388725397916039,0.182931998456264,-2.12497212732838,0.0335889387164188,0.0643527309575625,-0.331568209611288,0.174615175359488,"KIF11"
"ENSG00000146592",18.0837103122743,-0.60519504222906,0.284790694325821,-2.12505202693412,0.0335822719069656,0.0643527309575625,-0.457837359094906,0.268594532529774,"CREB5"
"ENSG00000165475",3712.98201501282,0.205722156354436,0.0968096178660621,2.12501775018941,0.0335851318140492,0.0643527309575625,0.185614466434148,0.0950920856838363,"CRYL1"
"ENSG00000153790",27.2306734129037,-0.405791509499415,0.190981014057264,-2.12477408554204,0.0336054681698236,0.0643750318527422,-0.343012054780252,0.181884314176778,"SPMIP4"
"ENSG00000146147",964.526598912993,0.754637726539584,0.355198056394908,2.12455477431042,0.033623780984208,0.0644007419898287,0.498525316394507,0.379421455323722,"MLIP"
"ENSG00000107521",624.917696688702,0.251477655177863,0.118374621276657,2.12442204642941,0.0336348681052905,0.0644126070508007,0.231729179876635,0.115794540929343,"HPS1"
"ENSG00000186918",739.383546429274,-0.263742314548454,0.124163751670814,-2.12414904510694,0.0336576824788748,0.064446923722639,-0.240813180711197,0.119709383780291,"ZNF395"
"ENSG00000100815",506.219858480359,0.316592109132729,0.149057299014883,2.12396247097647,0.033673281854093,0.0644674173172878,0.282628368801008,0.145534058440612,"TRIP11"
"ENSG00000091409",450.389475129662,0.370796647098997,0.174585434666943,2.12386931250231,0.0336810731044672,0.064472958489883,0.320742543929631,0.17086068965683,"ITGA6"
"ENSG00000049245",845.051349690194,0.221808712605749,0.10444465565723,2.12369614519759,0.0336955599396497,0.0644913130055862,0.204734086636218,0.102355932923409,"VAMP3"
"ENSG00000146425",675.182156615441,-0.216574915138321,0.10200975499469,-2.1230804362739,0.0337471120996954,0.0645805927186904,-0.200999047894292,0.099151252218437,"DYNLT1"
"ENSG00000082146",1679.39246981069,-0.227253141821461,0.107101844943776,-2.1218415232787,0.0338510484009478,0.0647700774955498,-0.216612893308933,0.104120301556382,"STRADB"
"ENSG00000018236",19.5442293987434,-0.663076350298291,0.312559163692251,-2.12144268133237,0.0338845666915973,0.064824790040914,-0.485508351660327,0.29442208729001,"CNTN1"
"ENSG00000167964",647.729377218963,0.391647162452587,0.184624482601155,2.12131758981643,0.033895085105295,0.0648354918634772,0.3336864210084,0.181071907676691,"RAB26"
"ENSG00000113597",234.577402178919,-0.283272216661769,0.133556666776236,-2.12098896670108,0.0339227309268186,0.0648789476151211,-0.256367457020795,0.128503723062674,"TRAPPC13"
"ENSG00000049759",347.858810475475,0.277289546061283,0.130784390899467,2.12020367380411,0.0339888727402881,0.0649960055916678,0.253055444320691,0.127694246480006,"NEDD4L"
"ENSG00000135362",47.0531208460996,-0.355268174272098,0.167571127123207,-2.12010374562251,0.0339972971593207,0.0650026741794389,-0.308585955879037,0.16025723900307,"PRR5L"
"ENSG00000179526",395.278940556506,0.382524882023523,0.180454322541326,2.11978785897978,0.034023939640621,0.0650441686232636,0.327743327834275,0.176761914270562,"SHARPIN"
"ENSG00000122970",65.0032358435109,-0.311410041922957,0.146951554286568,-2.11913404682798,0.0340791401082425,0.0651402379014403,-0.276907497126661,0.141197764079237,"IFT81"
"ENSG00000100060",146.851104532785,0.344409441915833,0.162563228080494,2.11861837380159,0.0341227316608281,0.0652046277280788,0.301528451170977,0.158600776474997,"MFNG"
"ENSG00000185090",159.339454009911,0.318610189650361,0.15038486700014,2.11863198741975,0.0341215802443017,0.0652046277280788,0.283021097724724,0.146770838900816,"MANEAL"
"ENSG00000204397",88.5756818133508,-0.4061780190799,0.19176455166442,-2.1181079378565,0.0341659274323966,0.0652776956283463,-0.342690051475041,0.181929398066434,"CARD16"
"ENSG00000112695",1496.25497064724,-0.301761305625218,0.142479866931687,-2.11792242738337,0.0341816378782931,0.0652982362602448,-0.269290167718444,0.136567417840678,"COX7A2"
"ENSG00000213339",355.453801606961,0.444189633249914,0.20977565859706,2.11745078633322,0.0342216078556616,0.0653651079395969,0.364810565453729,0.206830149253496,"QTRT1"
"ENSG00000102962",12.6664239829519,1.02104262866181,0.482279036045645,2.11712007437366,0.034249658389127,0.0654091967437259,0.530885126317404,0.540752864909118,"CCL22"
"ENSG00000102878",124.461000326225,0.835779051379616,0.394841792129505,2.11674414421026,0.0342815681287547,0.0654416595596903,0.511563273530176,0.431643958437374,"HSF4"
"ENSG00000107798",3081.5163389404,0.556865483343266,0.263064901182373,2.11683687500831,0.0342736945848328,0.0654416595596903,0.424808386367585,0.265173343231402,"LIPA"
"ENSG00000133466",251.036051083026,0.508845853533672,0.240389492468031,2.11675580454642,0.0342805779933463,0.0654416595596903,0.400313583092971,0.239469626160893,"C1QTNF6"
"ENSG00000111206",17.1062986912298,0.7470129950734,0.352924305769146,2.11663799534973,0.0342905828646504,0.0654493786598995,0.502261495239891,0.365064188868828,"FOXM1"
"ENSG00000163349",489.90897609144,0.28672413499225,0.135507340394503,2.11593065111831,0.0343507061066655,0.0655546306131842,0.259585585328937,0.13225696899012,"HIPK1"
"ENSG00000157224",1033.64578906404,-0.428567244822296,0.202559251302139,-2.11576238590575,0.034365021662797,0.0655724456829543,-0.354280224199127,0.191018584877594,"CLDN12"
"ENSG00000138698",450.848514396964,-0.255202567210249,0.120775354153925,-2.11303513865089,0.034597760442599,0.0660069720311923,-0.234860728288663,0.116712824479078,"RAP1GDS1"
"ENSG00000129347",213.248821356623,0.355410059518103,0.168244229895989,2.112465073767,0.034646578602578,0.0660905322923126,0.30825931306335,0.164314195710582,"KRI1"
"ENSG00000162512",833.381505130964,0.467359692516907,0.22126505100323,2.11221650413325,0.0346678835618336,0.0661215927821384,0.380950144128266,0.219014034032602,"SDC3"
"ENSG00000187634",34.7341137689887,0.765505933438324,0.362443873706902,2.11206751988686,0.0346806583976301,0.0661363772397447,0.496617017638034,0.383211348872224,"SAMD11"
"ENSG00000143751",236.537338381708,-0.323897065939644,0.153366903771715,-2.11190979262228,0.0346941872954484,0.0661525952109881,-0.285085712290549,0.146554205176258,"SDE2"
"ENSG00000162402",900.949621832325,0.203404231998251,0.0963195194626656,2.11176543584286,0.0347065733036675,0.0661570499661338,0.192278486064408,0.0945124440217967,"USP24"
"ENSG00000177807",50.5682081813472,0.831707726835202,0.393843771778291,2.1117706726194,0.0347061239151028,0.0661570499661338,0.510935464299188,0.427148623501097,"KCNJ10"
"ENSG00000124593",68.8915155883679,0.53546062166656,0.253591843343145,2.11150569595414,0.034728868850786,0.0661899663128905,0.413410394729336,0.252949551237631,NA
"ENSG00000134321",102.240931306989,-0.511035072627653,0.242044548192291,-2.11132651590097,0.0347442564332356,0.0662097091040642,-0.403247968663934,0.227275054429136,"RSAD2"
"ENSG00000158373",295.066296376846,-0.340262051322337,0.161287420522062,-2.1096626768595,0.0348874214905999,0.0664729075752877,-0.296363525548287,0.153729781296127,"H2BC5"
"ENSG00000128917",46.3891727274898,-0.46649592759085,0.221209141707383,-2.10884561094646,0.0349579101607648,0.066597575629667,-0.379577095991452,0.208933033125958,"DLL4"
"ENSG00000141560",465.148663553733,-0.264650931794945,0.125500253488744,-2.10876810554555,0.0349646028989702,0.0666006889131715,-0.241094115398824,0.121066145424334,"FN3KRP"
"ENSG00000239306",357.943488604548,0.260644185998188,0.123604449153612,2.10869582594285,0.0349708453653994,0.066602943740901,0.239169273509575,0.120741027083639,"RBM14"
"ENSG00000182240",132.083774459954,0.517362890570371,0.24540232237409,2.10822328641905,0.0350116799433423,0.0666710700222801,0.403873647652231,0.244479713594513,"BACE2"
"ENSG00000174130",38.1027691536009,-0.416358733836175,0.197525411619866,-2.10787427512086,0.0350418659399546,0.0667189019472801,-0.348101646247414,0.187682319472638,"TLR6"
"ENSG00000105550",52.1392902681439,-0.739431409802462,0.350806208827716,-2.10780593728204,0.0350477790818489,0.0667205117685978,-0.519099611329054,0.32766326282843,"FGF21"
"ENSG00000197771",601.99587256553,-0.211768698219479,0.100520042279905,-2.1067310898039,0.0351408956909092,0.0668881065008689,-0.198828047960934,0.0978330389056837,"MCMBP"
"ENSG00000091542",1088.51150227615,0.16145600659587,0.0766406049254154,2.10666404255283,0.0351467111453979,0.0668895054842885,0.158494824674204,0.0754906613718992,"ALKBH5"
"ENSG00000080819",746.096742935742,-0.252932061742669,0.120074305564631,-2.10646283193806,0.0351641684138081,0.0669130569932356,-0.2326452174653,0.116093351707376,"CPOX"
"ENSG00000007933",20487.2242938725,-0.227992390926869,0.108240429989766,-2.10635148944277,0.0351738317995701,0.0669217730452514,-0.212241967860026,0.105010866289815,"FMO3"
"ENSG00000163435",174.536951425938,-0.551474674020316,0.261943458356727,-2.10531951238611,0.0352635047291562,0.0670748429935709,-0.427426283923694,0.245389112737402,"ELF3"
"ENSG00000177034",224.075652265638,-0.297516059922007,0.141321024427066,-2.1052498106929,0.035269568437224,0.0670748429935709,-0.266766306419788,0.135618193878271,"MTX3"
"ENSG00000177614",112.071085855904,0.356615477694214,0.169389782660097,2.10529508978596,0.0352656292752374,0.0670748429935709,0.30850368428669,0.165232385439654,"PGBD5"
"ENSG00000166402",36.5054341629145,0.433885074983881,0.206202081416005,2.10417408012742,0.0353632646651668,0.0672433192636606,0.358047854228191,0.201141270313596,"TUB"
"ENSG00000179152",1039.22974984688,-0.240293788362191,0.114221525839652,-2.10375221829486,0.0354000668073721,0.0673035782795468,-0.219106753958358,0.110425671560079,"TCAIM"
"ENSG00000071246",163.581893953737,0.368895151648319,0.175381114393438,2.10339153633592,0.0354315576852985,0.0673537234312214,0.316907602837467,0.171222891687992,"VASH1"
"ENSG00000174807",24.5086221606497,0.667717608385115,0.317579679021132,2.10251994221798,0.0355077546165418,0.0674888259392795,0.469382572059666,0.323801160470135,"CD248"
"ENSG00000160271",197.811836443603,0.340921667433052,0.162162857891084,2.1023412627695,0.0355233924756888,0.0675088027331002,0.297026230755182,0.158369038902689,"RALGDS"
"ENSG00000171984",20.7836648534945,-0.34834554626029,0.165798439908545,-2.10101823908862,0.0356393652050992,0.0677194230466641,-0.302802490489348,0.159604862084429,"SHLD1"
"ENSG00000138308",932.100501959574,0.255175636909172,0.121461402091445,2.10087840676381,0.0356516413844583,0.0677329740934744,0.232048323658906,0.118774115255601,"PLA2G12B"
"ENSG00000120942",260.638204490528,0.191048160277809,0.0909495953696929,2.10059384542872,0.0356766347732741,0.0677706786069726,0.184652708684362,0.089185695460657,"UBIAD1"
"ENSG00000168286",219.247253136016,0.233165190858864,0.11102617210526,2.10009213537334,0.0357207370196054,0.0678446658396026,0.227182759779372,0.108431542045989,"THAP11"
"ENSG00000132463",902.839699489862,-0.179161992884819,0.0853311896656003,-2.09960734857825,0.0357633958121222,0.0679158905614311,-0.156763255151283,0.0830718911887025,"GRSF1"
"ENSG00000131697",55.6909425795555,0.726194847530089,0.345986339888427,2.09891190433781,0.0358246672664367,0.0680224357124179,0.484972252725232,0.362394302499514,"NPHP4"
"ENSG00000101474",4596.51406228931,0.208994574132734,0.0996312033705844,2.09768192154988,0.0359332529258461,0.0682187754897895,0.198605864122116,0.0976521015032213,"APMAP"
"ENSG00000099326",104.890913717701,0.665014116705864,0.317052507366991,2.0974889056345,0.0359503182575112,0.0682413336474038,0.465308841830805,0.327068988854699,"MZF1"
"ENSG00000250305",80.2366991370358,-0.504676979501739,0.240627584202057,-2.09733635142162,0.0359638110926039,0.0682571049221887,-0.400392382751238,0.226077630884863,"TRMT9B"
"ENSG00000198176",457.938724747097,-0.138122586172114,0.065908352748548,-2.09567650247725,0.0361108976615512,0.0685263878080113,-0.134001032585,0.065017349223622,"TFDP1"
"ENSG00000127884",18855.1405214881,0.213071414874609,0.101709078065825,2.09491049301137,0.0361789499145549,0.0686456340358884,0.200216786061468,0.0996945901611164,"ECHS1"
"ENSG00000157212",159.175102527379,0.172894514763434,0.0825436963829537,2.09458168630232,0.0362081946081059,0.0686912233732453,0.165051376585323,0.081094592905316,"PAXIP1"
"ENSG00000180992",771.488438985449,-0.272530559591954,0.130118904818921,-2.09447320488303,0.0362178475714109,0.0686996371020308,-0.239244745180347,0.124750390473478,"MRPL14"
"ENSG00000122574",23.9128775919311,0.748260250352672,0.357323091801466,2.0940719128458,0.0362535746651529,0.0687574998619133,0.492274399492972,0.372685142346744,"WIPF3"
"ENSG00000167895",130.295895068763,-0.435485789531729,0.208031341987224,-2.09336624650757,0.0363164731101954,0.0688668709446685,-0.359918759901075,0.196317666453223,"TMC8"
"ENSG00000149124",7496.12710901555,-0.218162146110825,0.10426332690631,-2.09241497067194,0.0364014107462318,0.0690179973912569,-0.196258052895131,0.10099840431462,"GLYAT"
"ENSG00000156170",340.51463872751,-0.250728467599405,0.119835145658041,-2.09227823959824,0.0364136331118766,0.0690312301729255,-0.230830301720759,0.115789581817231,"NDUFAF6"
"ENSG00000106537",208.219602678381,-0.791116839705207,0.378133926529924,-2.09216043364626,0.0364241665688431,0.0690313195689345,-0.536889605012914,0.351311537775766,"TSPAN13"
"ENSG00000221914",360.479670410753,-0.196198404939319,0.093775667436654,-2.09221016818517,0.0364197193068659,0.0690313195689345,-0.843938695238673,0.0924375000337369,"PPP2R2A"
"ENSG00000128228",318.112203700148,0.417615418568028,0.199632869854889,2.09191712202298,0.0364459301624077,0.0690626247147754,0.347103478203128,0.195906577157421,"SDF2L1"
"ENSG00000117139",256.245958987466,0.1993786358269,0.0953246306341523,2.09157522563185,0.036476530632679,0.0691106637372071,0.188146859324699,0.0933872673517047,"KDM5B"
"ENSG00000153898",10.3388427704046,-0.647445868275777,0.30957336316179,-2.09141336212899,0.036491025402256,0.0691209376628016,-0.473435548088197,0.292787621154413,"MCOLN2"
"ENSG00000164120",3423.09127474179,-0.506537889918801,0.242207473648795,-2.09133881084648,0.0364977030709248,0.0691209376628016,-0.394965413337517,0.226083954202146,"HPGD"
"ENSG00000197496",823.77338675289,-0.272892078080203,0.13048366505119,-2.09138881846355,0.0364932236997208,0.0691209376628016,-0.246680376117465,0.125515116928805,"SLC2A10"
"ENSG00000067057",25.6926757134757,0.595109394442482,0.284643235002151,2.09072031674312,0.0365531426654333,0.0692159753103833,0.439518034470281,0.284457044616888,"PFKP"
"ENSG00000128928",5255.77763570369,0.176209101565737,0.0843016430249546,2.09022143866848,0.0365979125710255,0.0692907847152892,0.168988128034727,0.0829321436497219,"IVD"
"ENSG00000006047",40.4928926537533,0.757305490178225,0.362351770009381,2.08997320520504,0.0366202067349459,0.0693230254309559,0.493023848438214,0.382094131574718,"YBX2"
"ENSG00000163472",61.5255378259911,0.374704048623638,0.179313004036352,2.08966466563504,0.036647933194344,0.0693655388781963,0.320104672011059,0.174819714877444,"TMEM79"
"ENSG00000174808",20.2612610968121,-0.47891784021696,0.229196630063232,-2.08955009541298,0.0366582334330981,0.0693750612879357,-0.384611293680104,0.217271922771781,"BTC"
"ENSG00000157911",293.545438647852,0.324952061510142,0.155525979940285,2.08937478892535,0.0366739988352685,0.0693949221996472,0.286258290251169,0.151742021093293,"PEX10"
"ENSG00000035862",880.160219264901,-0.357272409370537,0.171029713794584,-2.08894934946591,0.0367122828429109,0.0694573812199691,-0.307121801619321,0.162408717678585,"TIMP2"
"ENSG00000134108",720.759638926807,-0.342812316023805,0.164134596866105,-2.08860485582731,0.0367433077208374,0.0695060904385842,-0.29549434698008,0.155984095468062,"ARL8B"
"ENSG00000133935",1915.95454908227,0.443803099813141,0.212593829503845,2.08756341070151,0.0368372354546204,0.069673759803984,0.362400852705084,0.209547422817551,"ERG28"
"ENSG00000111907",724.659330915721,-0.185269872699791,0.0887742908899164,-2.08697665554471,0.0368902447998641,0.0697639992868444,-0.175886205901194,0.0867846149527661,"TPD52L1"
"ENSG00000165168",591.189517487098,0.633659847253942,0.303834739635325,2.08554113336245,0.0370202084503806,0.0699997220246605,0.452279099258113,0.311636047843208,"CYBB"
"ENSG00000144061",18.1814306409816,-0.425524611280612,0.204047945597135,-2.08541482755603,0.037031662065918,0.0700113243480581,-0.35239618109107,0.194792549531687,"NPHP1"
"ENSG00000113889",65494.3704083863,0.181053970719148,0.0868227982236975,2.08532752253234,0.0370395807907432,0.0700162413052297,0.175069372213721,0.0852882608176738,"KNG1"
"ENSG00000169592",411.224067732522,0.434210651342061,0.208384884244655,2.08369552770572,0.0371878712977445,0.0702864647582693,0.357833334657618,0.204951651606276,"INO80E"
"ENSG00000090060",1968.89274952373,-0.313228961917507,0.150332604803538,-2.08357303677968,0.0371990217459231,0.0702974480130363,-0.274462621834082,0.14343464537307,"PAPOLA"
"ENSG00000077063",53.8629477737745,-0.434474018918537,0.20854121252098,-2.08339643596744,0.0372151028707921,0.0703076545267396,-0.358454877346019,0.196965659081299,"CTTNBP2"
"ENSG00000157184",2331.0890823545,0.255552253351033,0.122658289601212,2.08344869459608,0.0372103436265937,0.0703076545267396,0.233802970364307,0.119813140991729,"CPT2"
"ENSG00000119421",515.917744616404,-0.188941911341175,0.0906957294677772,-2.08325036305379,0.0372284086219867,0.070322701279351,-0.178000534327703,0.0886056159199683,"NDUFA8"
"ENSG00000132423",204.742551661445,-0.210481128803751,0.101046405772554,-2.08301450402427,0.0372499015205522,0.0703532066302668,-0.194343784858007,0.0982494449315619,"COQ3"
"ENSG00000148985",472.589571213373,0.17452485100881,0.0838036325887111,2.08254517874347,0.0372927006958929,0.0704239382332367,0.168471655314231,0.0823931564084431,"PGAP2"
"ENSG00000139567",89.9321794640412,0.465833414429534,0.223704492424381,2.08236057032694,0.0373095471564558,0.0704456471908644,0.374348414211928,0.220236363575496,"ACVRL1"
"ENSG00000239779",87.0507168266334,0.433548782978655,0.20828275267332,2.0815395293851,0.0373845498264208,0.0705771412409888,0.355771173518641,0.204202412059376,"WBP1"
"ENSG00000184470",748.386037918275,0.295690579328603,0.14212770457132,2.0804570102673,0.0374836348227896,0.0707540553515194,0.264824606034614,0.138661811162384,"TXNRD2"
"ENSG00000110435",529.129648544525,-0.273001748375439,0.131312022388471,-2.07903087173386,0.0376145130390085,0.0709909229747113,-0.239899184755717,0.125825637151336,"PDHX"
"ENSG00000175414",51.1169240493627,-0.328965502706948,0.158257597863358,-2.07867114848401,0.0376475865566049,0.0710431596107583,-0.290434190162224,0.151690547302151,"ARL10"
"ENSG00000126775",248.046857248582,-0.238104499518932,0.114562898410595,-2.07837356441143,0.0376749655991048,0.0710846370131576,-0.22044974810947,0.110917981645121,"ATG14"
"ENSG00000169018",647.475644457558,-0.282651830984445,0.136000812791232,-2.07830986582653,0.0376808283495499,0.0710855116850801,-0.255264773069813,0.130628933178765,"FEM1B"
"ENSG00000163743",263.659495912795,-0.357656827098853,0.172122044319537,-2.07792574456575,0.0377161989205833,0.0711420451272779,-0.308837046036228,0.163500054307397,"RCHY1"
"ENSG00000105697",4384.10754790605,-0.943772156327382,0.454356008429797,-2.07716446754815,0.037786382137211,0.0712533844968155,-0.590304885537425,0.420156170859663,"HAMP"
"ENSG00000156650",214.395345888585,-0.270901462384901,0.130417494298064,-2.07718652963663,0.0377843466396244,0.0712533844968155,-0.245906628118835,0.125584095114921,"KAT6B"
"ENSG00000164823",251.230176124214,-0.357343805898536,0.172038989852844,-2.07710941690715,0.0377914616391662,0.0712533844968155,-0.309629743299745,0.163512917653293,"OSGIN2"
"ENSG00000164506",90.6374317157278,0.331861632132525,0.159784936393195,2.07692689701292,0.037808306836919,0.0712749381178229,0.29057925541913,0.155578584517474,"STXBP5"
"ENSG00000065675",16.8549294475197,-0.501280452548797,0.241392333097576,-2.07662126678302,0.0378365284848019,0.0713179289951184,-0.396965297919283,0.228585175112711,"PRKCQ"
"ENSG00000123545",210.775687433081,-0.259369060150063,0.124911644218149,-2.07642019103594,0.0378551054275096,0.071342730898739,-0.236339491623435,0.120448624242503,"NDUFAF4"
"ENSG00000130227",685.739778909644,0.174581264110486,0.0841300091744688,2.07513663463937,0.0379738732842206,0.0715563211192284,0.168641858209791,0.0827259126475981,"XPO7"
"ENSG00000150681",36.4446622642323,-0.669652463510633,0.322749941884221,-2.07483372297819,0.0380019479649804,0.0715989763747756,-0.481676146817792,0.301171878134426,"RGS18"
"ENSG00000105556",42.9208368795408,0.466671906788648,0.224931183199314,2.07473192534236,0.0380113868102092,0.0716065129121784,0.37458871505244,0.22029512917134,"MIER2"
"ENSG00000114346",41.2272141002081,0.578702100301211,0.2789639752179,2.07446893402341,0.0380357810299727,0.0716319686798199,0.429425243770945,0.279102406587898,"ECT2"
"ENSG00000161813",1518.69129436485,-0.356166098673447,0.171688472693414,-2.07449045987762,0.0380337838615775,0.0716319686798199,-0.306435297988995,0.162960435787842,"LARP4"
"ENSG00000106367",551.820940425835,0.187414715758581,0.0903493581770215,2.07433367032203,0.0380483328350406,0.0716453589968742,0.179587070688155,0.0887948533245876,"AP1S1"
"ENSG00000080293",13.1109437738049,1.22702202023725,0.59158315940373,2.07413277530414,0.0380669814036721,0.0716635181719876,0.440019796662814,0.612716714661517,"SCTR"
"ENSG00000161920",254.749086400397,-0.212223112599244,0.102319961532999,-2.07411251352749,0.0380688626837977,0.0716635181719876,-0.198938475101479,0.0995601575299558,"MED11"
"ENSG00000203668",57.1268728397592,-0.501255312875745,0.241781860599417,-2.07317170789012,0.0381563023946135,0.0718178523699043,-0.396320312176144,0.226994381928295,"CHML"
"ENSG00000177842",24.3832253490603,-0.278521673525977,0.13437688380601,-2.07269037380014,0.0382011042131932,0.071891900810592,-0.251536333512052,0.130223189858449,"ZNF620"
"ENSG00000257017",378200.030572639,-0.284263755213635,0.137171394415984,-2.07232533010185,0.0382351117215823,0.0719456168252611,-0.0594838390838124,0.120688420001133,"HP"
"ENSG00000133247",40.3721147990921,0.572512538196617,0.276323755916337,2.07189040369716,0.0382756631091813,0.0720116291076709,0.426122829307351,0.276171797687307,"KMT5C"
"ENSG00000154845",449.252162367703,0.179593513899532,0.0866976939606502,2.0714912438276,0.0383129118912004,0.072071409909922,0.171559364657263,0.085143626785132,"PPP4R1"
"ENSG00000169116",24.1348105022134,-0.68761815380483,0.33199765054655,-2.07115367434933,0.0383444372306333,0.0721204086540739,-0.487963706326616,0.310662392001303,"PARM1"
"ENSG00000058866",20.343119879072,-0.496596671138652,0.239827680638396,-2.07063951007141,0.0383924969868103,0.0722004878343585,-0.396256962563009,0.226725237451351,"DGKG"
"ENSG00000175376",215.848124243611,0.135881185312493,0.0656553366608635,2.06961371646565,0.0384885325464164,0.0723707539997313,0.132057979221145,0.0648491667287534,"EIF1AD"
"ENSG00000179021",172.766102121828,-0.33693781178394,0.162813122360951,-2.06947577012227,0.0385014627471995,0.0723847291917219,-0.293881195919435,0.155103367707181,"C3orf38"
"ENSG00000109107",2004.23861190417,0.471919957744019,0.228058094502569,2.06929711823363,0.0385182139100574,0.0724058829725607,0.37688756803942,0.225562102139551,"ALDOC"
"ENSG00000088035",178.04615757971,-0.418339802245376,0.202179943493127,-2.06914590546217,0.0385323971040982,0.0724222041788089,-0.34677775927432,0.190650610458485,"ALG6"
"ENSG00000084734",2486.31995015416,0.332041323307886,0.160503479849055,2.06874843847719,0.038569699193557,0.0724819668259165,0.300115804286603,0.156497121187064,"GCKR"
"ENSG00000158636",161.186674627843,-0.239156451431452,0.115627455917424,-2.0683361882687,0.0386084210995655,0.0725443802193349,-0.220803404138793,0.111943155588542,"EMSY"
"ENSG00000099977",2631.21709202941,-0.48258689974567,0.23365190479805,-2.06540965357325,0.0388842559403476,0.0730522422532273,-0.385240801094491,0.2188141734718,"DDT"
"ENSG00000112033",154.70649917314,0.45687075032347,0.221266264997544,2.0648007518387,0.0389418567052947,0.0731500193154387,0.36780132035673,0.21776121640178,"PPARD"
"ENSG00000172995",31.032159372681,0.571253778990634,0.27667317752092,2.06472410556473,0.038949112407696,0.0731532116918295,0.424894778668591,0.275590786863605,"ARPP21"
"ENSG00000169994",10.1827092504331,0.940904023432017,0.455748850836695,2.06452308481885,0.0389681474473685,0.0731785236474188,0.509710808502405,0.48961690803439,"MYO7B"
"ENSG00000141968",84.8644869410577,0.478865806654926,0.231986354343471,2.06419816376758,0.0389989315528748,0.0732258888797989,0.379791109894305,0.228644961501494,"VAV1"
"ENSG00000213672",241.31434773145,0.250055836397125,0.121164748122056,2.0637672282802,0.0390397916834667,0.0732921570375763,0.239107208463919,0.11812209328281,"NCKIPSD"
"ENSG00000164347",847.868624862445,0.277041198213698,0.134255577038401,2.06353586439434,0.0390617439751073,0.0733229143393588,0.249774182694188,0.13097718416858,"GFM2"
"ENSG00000123552",109.80296227566,-0.36929090262671,0.178975495790814,-2.06336013203917,0.0390784248351884,0.0733437692630208,-0.31507744906328,0.169771788650822,"USP45"
"ENSG00000188906",413.422168354138,-0.507296527607569,0.245921887742785,-2.06283601782596,0.0391282107184874,0.0734267420637977,-0.397058575711764,0.229709981515131,"LRRK2"
"ENSG00000165949",678.909089846704,-0.611287837612643,0.29634792167099,-2.06273704963352,0.0391376178024342,0.0734339284575813,-0.44836257953298,0.274597718503056,"IFI27"
"ENSG00000170485",116.410093603974,0.661122848042187,0.320541001411766,2.06252193987786,0.0391580709508341,0.073461835585449,0.45698991883971,0.329741808799319,"NPAS2"
"ENSG00000153291",328.449462041354,-0.569122438871894,0.276037740143697,-2.06175589821749,0.0392309817541242,0.0735881330353041,-0.42912209303524,0.25667603113405,"SLC25A27"
"ENSG00000115252",51.5911814346092,-0.460043526320871,0.223161665111273,-2.06148097206338,0.0392571769466522,0.0736267794415417,-0.372000972021651,0.210140023396202,"PDE1A"
"ENSG00000145287",173.586330387806,-0.474060255760597,0.229991684467834,-2.06120606863462,0.0392833848225141,0.0736654386231621,-0.380107684792585,0.215703506941274,"PLAC8"
"ENSG00000039319",441.910517013783,-0.399124166582235,0.193644668131596,-2.06111622092791,0.0392919536602677,0.0736710142254463,-0.333897325642593,0.18272021345908,"ZFYVE16"
"ENSG00000102890",106.969119304025,0.433200849211983,0.210240691160791,2.06049954849451,0.0393508089733131,0.0737708601655476,0.354186921581664,0.206244401114705,"ELMO3"
"ENSG00000169249",99.3586985329058,-0.401737153008813,0.194982952523776,-2.0603706519411,0.0393631203333902,0.0737729312895965,-0.336534321655026,0.184212265194107,"ZRSR2"
"ENSG00000186638",15.0945947289852,0.4979673856219,0.241685465694368,2.06039442293821,0.0393608496365195,0.0737729312895965,0.391951550877073,0.23352339418504,"KIF24"
"ENSG00000099968",954.161740212486,0.167730319424265,0.08141843157363,2.06010256132948,0.0393887370785592,0.0738104344401239,0.162565913483397,0.0800927851731799,"BCL2L13"
"ENSG00000152464",131.542561668704,-0.184858430384368,0.0897467396858656,-2.05977878451535,0.0394196936501759,0.0738579317771761,-0.175569695831137,0.0877982698706884,"RPP38"
"ENSG00000188070",371.496306583238,-0.269198589479563,0.130722310637701,-2.0593163337332,0.03946394477259,0.0739303211263404,-0.240938506193056,0.125578272182075,"ZFTA"
"ENSG00000100030",1295.41141952308,0.224421567177991,0.108987911934289,2.05914181852845,0.039480654789065,0.0739511027106031,0.209754508029835,0.106606585102497,"MAPK1"
"ENSG00000162927",340.345382644043,-0.270935838287144,0.13164357330843,-2.05810151971767,0.0395803891712562,0.0741273689656842,-0.24588906446484,0.126614978429233,"PUS10"
"ENSG00000161647",18.0712303725268,0.673495150399161,0.327290786110547,2.05778830013161,0.039610459668465,0.0741731349729783,0.463663788614378,0.331217112454403,"MPP3"
"ENSG00000180011",780.301939209381,-0.217845541371925,0.105882709683091,-2.05742318102683,0.0396455372277118,0.0742282626763444,-0.202870136667651,0.102773298931154,"PTGR3"
"ENSG00000144597",448.412184085973,0.226191640094446,0.109942856145044,2.05735641246249,0.0396519546378826,0.0742297219909516,0.21478421095368,0.107422156447049,"EAF1"
"ENSG00000150593",859.127070147311,-0.254820485271457,0.123862569668529,-2.05728402013123,0.0396589135682782,0.0742321944896148,-0.23311754183307,0.119428855674515,"PDCD4"
"ENSG00000105397",738.712753244786,0.3279201380153,0.159404174635842,2.05716154400869,0.0396706893138351,0.0742436809532271,0.289414170989868,0.155353893529748,"TYK2"
"ENSG00000198574",16.7204767752951,-0.532583566560584,0.258913703878822,-2.05699257544841,0.0396869400514613,0.0742635379075525,-0.411793367204118,0.244266240685884,"SH2D1B"
"ENSG00000135968",302.004098974892,-0.294119383916995,0.142994909018846,-2.0568521350521,0.0397004513604203,0.0742684631115019,-0.263384812317569,0.137022957054033,"GCC2"
"ENSG00000169220",398.655734764926,0.358027358893298,0.174066030864924,2.05684795082809,0.039700853970739,0.0742684631115019,0.306931226841291,0.169819493665483,"RGS14"
"ENSG00000183684",213.081020401823,0.256567106644276,0.124777285968301,2.05620041062165,0.0397632027278184,0.0743745314837984,0.234577566830936,0.121751144910603,"ALYREF"
"ENSG00000117091",125.930553117437,-0.436421488423645,0.212266041553347,-2.05601181060308,0.0397813777992163,0.074388905820534,-0.357039475904517,0.199694054281995,"CD48"
"ENSG00000166851",21.9949543648076,0.647402689547188,0.314884054983846,2.05600340601686,0.0397821878993149,0.074388905820534,0.454895472127935,0.317076036808444,"PLK1"
"ENSG00000176428",72.4317263523107,0.686282156675485,0.333823171687736,2.0558254036285,0.0397993484571189,0.0744041239373814,0.463698710189498,0.34483302632425,"VPS37D"
"ENSG00000221988",85.9373726260805,-0.299335946517565,0.145605453342524,-2.05580175498924,0.0398016288083683,0.0744041239373814,-0.266312376106557,0.1394788549173,"PPT2"
"ENSG00000136630",232.946039927177,0.435464110843955,0.211932375988841,2.05473141520805,0.0399049538602899,0.0745866869001387,0.355050558597081,0.208039440514335,"HLX"
"ENSG00000162702",455.489087204648,-0.350110528363071,0.170466993965566,-2.05383177246495,0.0399919766517335,0.0747387316673845,-0.30233299766807,0.161888199437219,"ZNF281"
"ENSG00000102362",321.931262414948,0.313005434383586,0.152446131625473,2.05321992133308,0.0400512531850786,0.0748388872317264,0.276341031776646,0.14854602755924,"SYTL4"
"ENSG00000127329",739.480803057677,-0.419789380389084,0.204518070133055,-2.05257843532348,0.0401134807805964,0.0749338944320846,-0.345742051313969,0.192319385745051,"PTPRB"
"ENSG00000137944",316.794153263369,-0.316103545793133,0.154001133725578,-2.05260531624665,0.0401108715410893,0.0749338944320846,-0.278658393744481,0.14699361331701,"KYAT3"
"ENSG00000101400",262.457403372828,0.306008651231325,0.149132248682749,2.05192809693564,0.0401766507988517,0.0750412518680212,0.271598076894268,0.145316951500385,"SNTA1"
"ENSG00000213967",30.5417378080671,0.401022609832269,0.195478776131702,2.05148926020534,0.0402193244582254,0.0751103015343256,0.33400340546389,0.189287466876539,"ZNF726"
"ENSG00000068903",669.376999395719,0.20494577719132,0.0999071480532399,2.05136250193135,0.0402316579256368,0.0751226788042737,0.191136634110354,0.0979162430375759,"SIRT2"
"ENSG00000159110",333.64628777868,0.211207343223148,0.103022705096422,2.05010480966766,0.0403542041596113,0.0753408184863078,0.198415990859519,0.100834898785226,"IFNAR2"
"ENSG00000171115",304.163913333475,-0.391868180679546,0.191187357646828,-2.04965529887927,0.0403980800252114,0.075412040495099,-0.328536970974026,0.180430215079219,"GIMAP8"
"ENSG00000171792",67.9760687372496,-0.24059147174429,0.117431487515354,-2.04878160734217,0.0404834750631888,0.0755607361329663,-0.224475513777775,0.113907735390326,"RHNO1"
"ENSG00000167272",323.959348345646,-0.256722519572444,0.125336024078017,-2.04827400151647,0.040533158956963,0.0756427456877924,-0.234582844332861,0.120784977969281,"POP5"
"ENSG00000205659",138.218617087218,-0.220102263032329,0.107465049416281,-2.04812880306536,0.0405473803245464,0.0756585614162383,-0.204647507232251,0.104280223503855,"LIN52"
"ENSG00000138028",62.774722064308,0.609320073442434,0.297525621446476,2.0479583253372,0.0405640830530979,0.0756790020514505,0.43708050149461,0.300501803305893,"CGREF1"
"ENSG00000136193",79.7110277303515,0.431396986318127,0.210669074146445,2.04774710320436,0.0405847858462406,0.0757068986188161,0.352187946665939,0.206188778906697,"SCRN1"
"ENSG00000143303",367.057613564025,0.228899979392736,0.11180811367529,2.04725732210723,0.0406328258739769,0.0757857749620032,0.214180537579776,0.10928283153195,"METTL25B"
"ENSG00000174804",1233.7176860756,-0.230776356866829,0.112740172396557,-2.04697537675468,0.0406605022514563,0.0758266533488206,-0.205517376442731,0.108706333753773,"FZD4"
"ENSG00000077782",154.317499333733,-0.372291608835739,0.181907726393459,-2.04659591000817,0.0406977767683519,0.0758746713299521,-0.316533371593096,0.172218008275691,"FGFR1"
"ENSG00000167733",35.2330881103855,-0.386517443723628,0.188854379408856,-2.0466427357072,0.0406931755759023,0.0758746713299521,-0.326161857510699,0.179658803280075,"HSD11B1L"
"ENSG00000130772",199.093673257131,0.409644200125609,0.20020489769258,2.04612476940813,0.0407440965871004,0.075950272641337,0.339340930826455,0.19588446226395,"MED18"
"ENSG00000100138",818.279652466163,-0.159534642162828,0.0779739579342515,-2.04599902825696,0.0407564662809986,0.0759625757440016,-0.149581792784333,0.0764676253427797,"SNU13"
"ENSG00000111752",62.4873507026538,-0.368084575669087,0.179916450096784,-2.04586393001351,0.0407697600188238,0.0759765973684125,-0.314166804693107,0.170695529031142,"PHC1"
"ENSG00000242259",265.428611242734,-0.133260320788503,0.0651388277255467,-2.04578936160743,0.0407770991628801,0.0759795198950579,-0.130528925489252,0.0643011884827075,"C22orf39"
"ENSG00000137880",965.585191649292,0.387398616158373,0.189390042563094,2.04550678016408,0.0408049214514638,0.0760206022116843,0.325950664289116,0.185270465841204,"GCHFR"
"ENSG00000162482",2661.61788418281,0.314377889818811,0.153709545723226,2.04527238916501,0.0408280112300742,0.0760528573649062,0.281566993382127,0.149723105795324,"AKR7A3"
"ENSG00000160305",253.242962908988,-0.232110694055501,0.113519985137804,-2.04466811525511,0.0408875891251869,0.0761530624447886,-0.210144931762013,0.109713633475244,"DIP2A"
"ENSG00000131620",2225.07644607835,0.261917645152959,0.128101573712724,2.04460911417315,0.0408934102347925,0.0761531314216801,0.238602471722816,0.124988281744224,"ANO1"
"ENSG00000184076",1349.6832135622,-0.206242250132249,0.100879612371316,-2.04443935978973,0.0409101623002619,0.0761735535066112,-0.193336618671562,0.0981130782715762,"UQCR10"
"ENSG00000203859",10.7532445196039,-0.655497452170535,0.320686511306163,-2.04404435191452,0.0409491658237292,0.0762353955366541,-0.468092978998464,0.301686087008176,"HSD3B2"
"ENSG00000137462",167.936627540455,-0.422320573330699,0.206655722307654,-2.04359486693515,0.0409935868007462,0.0763073043713593,-0.346794508081943,0.194284040870593,"TLR2"
"ENSG00000151468",366.636024226993,0.33354284717518,0.163220837514754,2.04350652927529,0.0410023216914953,0.0763127745815984,0.291645846619661,0.158997939535369,"CCDC3"
"ENSG00000108349",573.686854151062,0.153072175448681,0.0749268062382308,2.04295609453826,0.0410567846051921,0.0763905092440768,0.160418237464151,0.0736266757796447,"CASC3"
"ENSG00000137166",261.598936732929,0.55552633070595,0.271929126539495,2.04290852464186,0.041061494297458,0.0763905092440768,0.414934683589267,0.272707364572903,"FOXP4"
"ENSG00000141696",53.301860549787,-0.344739520678186,0.168746949025745,-2.04293779928187,0.0410585958862216,0.0763905092440768,-0.29824910016342,0.160973282101249,"P3H4"
"ENSG00000187678",202.758109196442,-0.455967550200671,0.22323067898805,-2.04258461367257,0.0410935755100159,0.0764393918006314,-0.368121083600193,0.209330569941042,"SPRY4"
"ENSG00000119535",125.753339678597,0.584364314174928,0.286103599575724,2.04249200304193,0.0411027518755476,0.0764456605726034,0.426070282066758,0.28812786069273,"CSF3R"
"ENSG00000170500",46.6079308864334,0.558834074311548,0.273616888726825,2.04239612880577,0.0411122534456603,0.0764525323256445,0.41643615915803,0.272274934538395,"LONRF2"
"ENSG00000100376",221.845378505439,0.703441462585176,0.344513470143929,2.04184022845695,0.0411673823638702,0.076544238977929,0.464343504633386,0.358593437776918,"SIRAL2"
"ENSG00000119042",87.6022938280928,0.327456954864983,0.16044768062684,2.04089553420572,0.041261211805474,0.0767078670758078,0.287472679421592,0.155739066516585,"SATB2"
"ENSG00000037474",830.425611914263,-0.151088454231823,0.0740437255449581,-2.04053014782576,0.0412975514610143,0.076764585985559,-0.14673757911206,0.0727739100220685,"NSUN2"
"ENSG00000137834",155.017681353321,0.287341646391003,0.140830232540172,2.04034063715004,0.0413164099982636,0.0767887992711941,0.257520853224102,0.137177724763833,"SMAD6"
"ENSG00000087502",529.749896132092,-0.325343853510042,0.159526816869613,-2.03943048506984,0.0414070824799571,0.0769464570121545,-0.286240295188854,0.151885132098524,"ERGIC2"
"ENSG00000150471",9.6517535232911,-0.762746293426865,0.374051193786709,-2.03914946963596,0.0414351122299131,0.0769768149596496,-0.511975608067652,0.349832984254453,"ADGRL3"
"ENSG00000154310",72.1137234388635,-0.524158584926914,0.257041925849338,-2.03919490252397,0.0414305794596318,0.0769768149596496,-0.403934838396472,0.239814250753325,"TNIK"
"ENSG00000183060",101.57153847617,0.397904263454998,0.195154182070379,2.03892255463683,0.0414577574822233,0.0770080184834865,0.331901332030725,0.190297829134053,"LYSMD4"
"ENSG00000162600",267.500241233052,-0.333405322622187,0.16354777820918,-2.03858056815518,0.0414919062296619,0.0770605779968582,-0.289904484053299,0.155562459945475,"OMA1"
"ENSG00000111605",474.337532703889,-0.257867386491311,0.126527919100238,-2.03802756201992,0.0415471765494991,0.077152345056517,-0.231770910972399,0.121669425984759,"CPSF6"
"ENSG00000136895",129.016412182379,0.367771348812116,0.180537482052881,2.03709138196794,0.0416408853664704,0.0773154557516498,0.312941035892041,0.175744810066678,"GARNL3"
"ENSG00000004399",531.124473109263,0.351468369618078,0.172610538967619,2.03619299099698,0.0417309798024228,0.0774608882107286,0.30229770886476,0.168236497208896,"PLXND1"
"ENSG00000198865",177.71600204693,-0.967864253780875,0.475322085250261,-2.03622824146975,0.0417274416285046,0.0774608882107286,-0.582877103343912,0.435352196192951,"CCDC152"
"ENSG00000157036",65.5178264685308,0.283453820697919,0.139234350418392,2.03580380736619,0.0417700599739898,0.0775224992412672,0.254171777134403,0.135055479455432,"EXOG"
"ENSG00000111786",992.437496755606,-0.133691240353663,0.065699078829624,-2.0349028134833,0.0418606528585286,0.0776796836554458,-0.129295166420638,0.0647847534170096,"SRSF9"
"ENSG00000111652",772.296357455186,0.141405038566302,0.0694977743611822,2.03467002887626,0.0418840858367811,0.0777122145049409,0.138150521578274,0.068601086450054,"COPS7A"
"ENSG00000109917",575.355284429449,-0.320946742063508,0.157752723286557,-2.03449256137728,0.0419019578434606,0.0777344197501764,-0.282587279703551,0.150332434734247,"ZPR1"
"ENSG00000070961",392.787671141398,-0.336389263631049,0.165387154011598,-2.03395037324035,0.0419565993208808,0.0778138592278795,-0.291735074846176,0.1571314661947,"ATP2B1"
"ENSG00000148655",263.553561462492,-0.248709468903757,0.122275902737931,-2.03400231226922,0.0419513623184732,0.0778138592278795,-0.226427910533739,0.117986049887288,"LRMDA"
"ENSG00000185811",102.677386460813,-0.407072483712029,0.200227953328049,-2.03304522143864,0.042047954481571,0.0779723054513189,-0.337516316466085,0.188677547255671,"IKZF1"
"ENSG00000185038",341.41010556638,0.85388799302955,0.420081284805898,2.03267325613921,0.0420855449640143,0.078031021686553,0.482986925793878,0.45541909674472,"MROH2A"
"ENSG00000075539",456.425947215095,-0.273842959384453,0.134776450680697,-2.03183091705853,0.0421707761253188,0.0781780397727326,-0.246871013662907,0.129384529244603,"FRYL"
"ENSG00000144649",265.769988010396,-0.351838351405781,0.17320878279927,-2.03129625253197,0.0422249513059765,0.0782674516252973,-0.298784188837547,0.163917435964974,"GASK1A"
"ENSG00000139719",129.693108444823,-0.15975236461261,0.0786480711499598,-2.03123054738377,0.0422316129774804,0.0782687804703699,-0.153340271769907,0.0772740948484386,"VPS33A"
"ENSG00000144711",1482.3544894627,0.2015940579443,0.0992654062361864,2.03085914406716,0.0422692852995249,0.0783275735754461,0.191858260051738,0.0972570541340222,"IQSEC1"
"ENSG00000074842",1091.94828522821,0.2569789983072,0.126595767647462,2.02991776962735,0.0423648985197279,0.0784937030552685,0.246349030105286,0.123278790865128,"MYDGF"
"ENSG00000185664",114.112635898491,0.26238472080957,0.129274868934844,2.02966533999593,0.0423905682965331,0.0785302127750322,0.239165600965818,0.125818947006044,"PMEL"
"ENSG00000004455",2885.13622869492,0.124614002763084,0.0614066080481386,2.02932561696609,0.0424251357774176,0.078583193253444,0.122310925906083,0.0607539804539289,"AK2"
"ENSG00000148840",161.087904562372,0.374785122950959,0.184695905234763,2.02920103980962,0.0424378177192171,0.0785956264019149,0.31701967311583,0.179881992681871,"PPRC1"
"ENSG00000177463",397.459127807629,-0.259703581565498,0.127994193830515,-2.02902626903052,0.0424556147711473,0.0786175279995675,-0.232190808908652,0.122951664689746,"NR2C2"
"ENSG00000108799",359.717295566357,0.234818446305489,0.115742610856554,2.02879859515621,0.0424788084564099,0.0786494152913925,0.217863040749367,0.112966411712931,"EZH1"
"ENSG00000198948",949.36573463841,-0.401284735101521,0.198000136150629,-2.02668918770966,0.0426942089240305,0.079037113989565,-0.332380692356515,0.186199830200417,"MFAP3L"
"ENSG00000203710",61.3730339445506,0.819948035789769,0.40472225278318,2.02595244059643,0.0427696585629893,0.079165657899665,0.480142068567876,0.4317219413972,"CR1"
"ENSG00000010270",195.531638870762,-0.26429939344272,0.130486778800937,-2.02548791434204,0.0428172882210182,0.0792330492269093,-0.239189767375339,0.125498001421895,"STARD3NL"
"ENSG00000175489",69.3396928723013,0.517497930765053,0.255493975853885,2.02547997085069,0.0428181030874571,0.0792330492269093,0.395062399864493,0.252838425644133,"LRRC25"
"ENSG00000107651",538.986430543043,0.219735433647446,0.108491024058983,2.02537892469319,0.0428284698402871,0.0792410952666133,0.204970450329236,0.10607318336185,"SEC23IP"
"ENSG00000111254",30.2511552397895,0.411814096710412,0.2033541461217,2.02510794377389,0.0428562813953149,0.0792702790097824,0.339519087426242,0.197196755349861,"AKAP3"
"ENSG00000119125",1815.3358751271,0.2914437110719,0.143915151177152,2.02510791037663,0.0428562848239125,0.0792702790097824,0.260287159222025,0.140184551907611,"GDA"
"ENSG00000187531",225.954887580515,0.419287504144055,0.207051444067091,2.02504023110408,0.0428632333260658,0.0792719946580955,0.343470024535555,0.202576522628128,"SIRT7"
"ENSG00000132669",171.441038745319,-0.205015363641095,0.101270999224925,-2.02442323281271,0.0429266232967595,0.0793780789782493,-0.192280098453876,0.0985164325880928,"RIN2"
"ENSG00000108175",375.61785726553,-0.273236239461096,0.134993229636879,-2.02407365314601,0.0429625740222371,0.079433401148262,-0.239590690820799,0.129131433894407,"ZMIZ1"
"ENSG00000197635",1890.4901904882,0.314763424483478,0.155546818267003,2.02359281912904,0.0430120645020866,0.0795137378874576,0.278900321729291,0.151426497420623,"DPP4"
"ENSG00000074410",41.3903226484082,1.30846604007515,0.646671587685648,2.02338569529237,0.0430333978424672,0.079537796775122,0.347753767623686,0.550413117851634,"CA12"
"ENSG00000167123",39.5981212852251,0.56835636319527,0.28089880514945,2.02334916623402,0.0430371611898807,0.079537796775122,0.417448008077494,0.279749232439264,"CERCAM"
"ENSG00000132017",120.585992374888,0.40056506805107,0.19799997535884,2.02305615101778,0.0430673586766003,0.0795824342927888,0.332434167997723,0.193163657468532,"DCAF15"
"ENSG00000163219",145.832547959809,-0.363674250758115,0.179776060868305,-2.02292924320176,0.0430804430662239,0.0795954411184261,-0.309798249171448,0.170176430382598,"ARHGAP25"
"ENSG00000129946",729.229311480475,0.505351824103571,0.249874583888937,2.02242187355953,0.0431327872217406,0.0796809704730513,0.38855352219025,0.24784276743432,"SHC2"
"ENSG00000172336",250.32497614561,-0.329963795219434,0.163160652492579,-2.02232456280746,0.043142832688049,0.0796883466850244,-0.287927025866184,0.155198067553462,"POP7"
"ENSG00000206562",79.3739623364401,0.192372813660248,0.095128591694136,2.02223968876548,0.0431515959170854,0.0796933527625678,0.181708253122213,0.0929399968022288,"METTL6"
"ENSG00000175662",375.720351562434,0.328979903924546,0.162718433853616,2.02177403096506,0.0431997017691903,0.0797710061000224,0.287743881885085,0.15836834282484,"TOM1L2"
"ENSG00000065308",598.896811448428,0.337252542554814,0.166851447387272,2.02127430019849,0.043251378013768,0.0798492432671421,0.291616019963572,0.162464851780681,"TRAM2"
"ENSG00000169410",311.529461706673,-0.244531540450941,0.120980702736069,-2.02124417300179,0.0432544950807988,0.0798492432671421,-0.223519824008662,0.11670590402552,"PTPN9"
"ENSG00000204498",137.827457905045,0.371507308596465,0.183806372111919,2.0211884078222,0.0432602652456725,0.0798492432671421,0.31442384970681,0.179024488063911,"NFKBIL1"
"ENSG00000196954",619.708602549796,0.213949471118676,0.105864585831643,2.02097301413828,0.0432825586858974,0.0798679982702909,0.20120109462781,0.103537527699457,"CASP4"
"ENSG00000251192",48.2141100436551,-0.277233685983536,0.137178067054876,-2.0209767635276,0.0432821705377254,0.0798679982702909,-0.249425402919378,0.131943712959117,"ZNF674"
"ENSG00000157111",14.2990130248494,0.544066270049594,0.269268550185277,2.02053403442487,0.0433280235345485,0.0799360060128569,0.409622077935594,0.261790932051658,"TMEM171"
"ENSG00000182923",346.766025999737,0.135423659953612,0.0670248275997802,2.02049993716143,0.0433315566545465,0.0799360060128569,0.13229069723845,0.0661635020893273,"CEP63"
"ENSG00000178096",176.021781778126,-0.303205958451008,0.150077572767003,-2.02032823999452,0.0433493514206339,0.0799576297007657,-0.267182825092369,0.143279411808726,"BOLA1"
"ENSG00000109171",513.345029026337,-0.228434226162421,0.113089908238446,-2.01993466720988,0.0433901647668229,0.0800216990222707,-0.211409270302241,0.109456420435996,"SLAIN2"
"ENSG00000176953",358.509557188633,-0.277003041600036,0.137147836827215,-2.01974050782163,0.0434103109756448,0.0800476406590112,-0.244085537544962,0.131202544026796,"NFATC2IP"
"ENSG00000184232",4896.6266237547,0.248762829228527,0.123211531358403,2.01898983387289,0.043488276152338,0.0801801769810506,0.233993622584494,0.120042089863993,"OAF"
"ENSG00000140835",76.9237825917222,0.745768248734629,0.369525754513806,2.01817664837964,0.0435728672323554,0.0803248907842608,0.467575468533603,0.38680484061038,"CHST4"
"ENSG00000166831",67.9333771104635,0.402655304722261,0.199543807296835,2.01787923252002,0.043603840411299,0.0803707353850151,0.333474788140591,0.194255171033716,"RBPMS2"
"ENSG00000178718",58.3916320933442,-0.36146484178335,0.179147894379313,-2.01768959124919,0.0436235995464721,0.0803959002839937,-0.308499063635137,0.169931984060701,"RPP25"
"ENSG00000104356",66.6781238335526,0.238842773716492,0.118397494909381,2.01729583805213,0.0436646496989357,0.0804602908238191,0.220094386328843,0.114966066892559,"POP1"
"ENSG00000131203",20.1462181185086,-0.561854207649259,0.278572708221597,-2.01690327540025,0.0437056082048466,0.0805244944899259,-0.422579231687753,0.260317811055333,"IDO1"
"ENSG00000119772",186.054169420197,0.292874970668634,0.145231976169577,2.01660115349986,0.0437371525548233,0.0805713376992869,0.261552917230395,0.141211018653551,"DNMT3A"
"ENSG00000120278",132.606185169664,-0.288219073476451,0.142939460802174,-2.01637162935252,0.0437611298707057,0.080604229977296,-0.256761859014353,0.136839949591258,"PLEKHG1"
"ENSG00000144504",115.842293899119,0.271817217790632,0.134814063596666,2.01623785040594,0.043775110252312,0.0806187021376332,0.245364082428626,0.131169308745633,"ANKMY1"
"ENSG00000123700",33.426024975892,-0.646376304808951,0.320598591852998,-2.0161545347814,0.0437838189408151,0.0806234629615065,-0.461340961853318,0.297107228267169,"KCNJ2"
"ENSG00000151665",195.448898569592,-0.190681133291137,0.0946296943103676,-2.01502429740224,0.0439021032850766,0.0808299666971498,-0.180019131379982,0.0923093381985662,"PIGF"
"ENSG00000117020",138.908612185565,-0.325870364335615,0.161774273656161,-2.0143522018107,0.0439725689037937,0.0809370672707043,-0.284637936845245,0.153951108020966,"AKT3"
"ENSG00000137965",356.310610861849,-0.408355895735017,0.202719649107023,-2.01438734495555,0.0439688819690168,0.0809370672707043,-0.337111652334863,0.190474921881379,"IFI44"
"ENSG00000122694",64.109170981243,-0.367870846472453,0.18268413829755,-2.01369888979237,0.0440411566635884,0.081051980518983,-0.310246291408771,0.172874376622887,"GLIPR2"
"ENSG00000041357",1466.57888237562,-0.210576725266115,0.104604707043041,-2.01307122039424,0.0441071373849784,0.0811620644040008,-0.191414279471807,0.101401807971769,"PSMA4"
"ENSG00000034053",20.1456611433311,0.472960039280759,0.234963623799432,2.01290749450001,0.0441243619958719,0.0811824133646799,0.373300434969624,0.227442988646954,"APBA2"
"ENSG00000183281",287.27889706795,0.49578609070988,0.246343225269824,2.01258260772886,0.0441585581800995,0.0812339775044278,0.383527100155063,0.243627278963555,"PLGLB1"
"ENSG00000102572",516.786521349431,-0.118800608794691,0.0590391747317546,-2.01223356075798,0.0441953222870372,0.0812902505212534,-0.115921136369449,0.0583844675485109,"STK24"
"ENSG00000182150",140.131384043955,0.256276174511663,0.127367963586754,2.01209289443578,0.0442101455652773,0.0812948011888884,0.235843262135315,0.123852682220592,"ERCC6L2"
"ENSG00000185745",983.278733657158,-0.311293050900311,0.154707908727897,-2.01213404964202,0.0442058082360513,0.0812948011888884,-0.27375256087705,0.147406405170203,"IFIT1"
"ENSG00000273259",81.2028983572553,0.364602928971563,0.181225569066541,2.01187354990559,0.0442332682486794,0.0813259614246771,-0.123593004574848,0.16185813802519,NA
"ENSG00000151778",36.0286035309085,-0.343311575119709,0.170673517047043,-2.01151052055182,0.0442715602080925,0.0813849988410703,-0.295793837225998,0.162864266932996,"SERP2"
"ENSG00000140367",120.905669083631,-0.470482138843984,0.233908164822195,-2.01139681978019,0.0442835589991883,0.0813956914398036,-0.374450015925736,0.218628174916991,"UBE2Q2"
"ENSG00000140464",230.013564251435,0.391759561423278,0.194875073101463,2.01031129937951,0.0443982517195409,0.0815951119681009,0.32680589722198,0.19010760406359,"PML"
"ENSG00000148218",6413.68644138198,0.16122387009475,0.0802101471924036,2.01001837969472,0.0444292436162947,0.0816406729172555,0.159159273597523,0.0788835612119702,"ALAD"
"ENSG00000136770",635.820293602897,0.172188085876249,0.0857013930785115,2.00916320833323,0.0445198281086101,0.0817801374042513,0.165596902274199,0.0842301748672783,"DNAJC1"
"ENSG00000156469",234.837268478833,-0.272820311025576,0.135786556001531,-2.00918499635928,0.0445175182670906,0.0817801374042513,-0.245741362595626,0.130305409626955,"MTERF3"
"ENSG00000183853",114.453300740773,0.387105876440972,0.19267376989057,2.00912597838736,0.0445237752478865,0.0817801374042513,0.323461486338886,0.187652322515649,"KIRREL1"
"ENSG00000257218",554.758763980379,0.135499977280982,0.0674444472284553,2.00906053573249,0.0445307142297008,0.08178147350373,0.136581383130974,0.0665221368716038,"GATC"
"ENSG00000213281",572.433086733069,-0.295910915677196,0.147297502748989,-2.00893368967335,0.0445441665037831,0.08179476934293,-0.262571949386535,0.140678765429101,"NRAS"
"ENSG00000094880",441.111778802755,0.222593382162644,0.110822230756629,2.0085625478111,0.0445835465217731,0.081855664970808,0.206990406578739,0.108272924503124,"CDC23"
"ENSG00000084090",1795.36416733834,0.163442675657904,0.0813800300192867,2.00838799910948,0.0446020771692957,0.0818782693824523,0.16687405463959,0.0798211904575954,"STARD7"
"ENSG00000115457",1152.72557418626,-0.8543746400588,0.425674523604888,-2.00710776116786,0.0447381900178952,0.082116688941253,-0.533077361388083,0.386945940919473,"IGFBP2"
"ENSG00000133574",387.234030264889,-0.398160141035327,0.198447911772077,-2.00637102945495,0.0448166768616667,0.0822492845777395,-0.33006966703273,0.186582377619256,"GIMAP4"
"ENSG00000156675",295.1204528166,0.227969668315415,0.113653980697423,2.00582211829721,0.0448752299336445,0.0823452651298068,0.211241012523631,0.110975801478465,"RAB11FIP1"
"ENSG00000083844",206.06917674231,-0.18459108552232,0.092033347953999,-2.00569782177851,0.0448884977610341,0.0823466575897693,-0.174813044939718,0.08986250710992,"ZNF264"
"ENSG00000164111",1698.80414800831,-0.298084809602903,0.148614672700288,-2.00575625667899,0.0448822598117246,0.0823466575897693,-0.263668459552868,0.141825894890012,"ANXA5"
"ENSG00000100170",69.9135284783639,0.749435412756929,0.373802755280297,2.00489536840081,0.0449742339720191,0.082492444201115,0.464594815084463,0.390571185146744,"SLC5A1"
"ENSG00000122863",45.9680470360524,0.415939876432688,0.207475516269307,2.00476607511023,0.0449880609129736,0.0825063114612355,0.343688700874639,0.20154837589577,"CHST3"
"ENSG00000147224",812.553682946339,0.247154871300981,0.123288703610569,2.0046838360931,0.0449968576197791,0.0825109508944306,0.226300538880147,0.120244950377853,"PRPS1"
"ENSG00000110395",161.253284317744,0.288506704458479,0.143935361225007,2.00441852511469,0.0450252465298876,0.082540016125383,0.257558104730524,0.139899865681729,"CBL"
"ENSG00000128242",34.5307758045409,0.578296618367169,0.288503555841294,2.00446963879118,0.0450197760698662,0.082540016125383,0.418536996701082,0.287322140825711,"GAL3ST1"
"ENSG00000142623",40.1894905160238,1.73687320967487,0.866612743454311,2.00420917277504,0.0450476583906832,0.0825696046737763,0.17624832108897,0.414344893711443,"PADI1"
"ENSG00000139372",196.709914666433,-0.258061953173086,0.128795151961018,-2.00366201090544,0.0451062783029119,0.0826655428920013,-0.23368850679391,0.123841936667595,"TDG"
"ENSG00000084234",8782.11688538981,0.193693079805628,0.096701246524504,2.00300499494126,0.0451767523458236,0.0827831762540171,0.185459001042416,0.0947428444922327,"APLP2"
"ENSG00000170759",673.832665397155,-0.315099973506343,0.157322669148191,-2.00288982644664,0.045189115315777,0.0827943072985695,-0.274964551411304,0.149672260278454,"KIF5B"
"ENSG00000134461",52.4379231372267,-0.259753883935879,0.129819744626248,-2.00088118093062,0.0454051960849811,0.0831786297001338,-0.236504460186126,0.125272800702884,"ANKRD16"
"ENSG00000159403",35893.1030210524,-0.230297540785107,0.115112973522902,-2.00062194327113,0.0454331470155832,0.0832182545363339,-0.208772476127949,0.111078917591374,"C1R"
"ENSG00000103264",889.853694971552,0.264765263140435,0.132374636348778,2.00012079687861,0.045487221591467,0.0832825419932213,0.24037233586629,0.128937099184342,"FBXO31"
"ENSG00000174514",24.1341907855955,-0.367746035479286,0.18385878683537,-2.0001548025473,0.0454835506055239,0.0832825419932213,-0.311447374267922,0.174885688834119,"SLC60A1"
"ENSG00000204923",86.5209507283675,-0.358853457715482,0.179407523023568,-2.00021410288542,0.0454771496022908,0.0832825419932213,-0.306101211041827,0.169949811730898,"FBXO48"
"ENSG00000111261",165.805835106794,0.210967809742628,0.105509203616608,1.99952044476829,0.0455520720361788,0.0833825244284821,0.197156951846106,0.103107362107567,"MANSC1"
"ENSG00000119912",605.49308165176,0.302733443594742,0.151406623127571,1.99947292490414,0.0455572084902279,0.0833825244284821,0.26831734253209,0.147263485651009,"IDE"
"ENSG00000143222",828.640244198134,-0.141358640849091,0.070699136395756,-1.99943942819613,0.0455608294651755,0.0833825244284821,-0.136480730442461,0.0695948490986508,"UFC1"
"ENSG00000120896",699.347476182859,0.429169743659151,0.214709551611887,1.99883861913571,0.0456258177782827,0.0834898564098498,0.348125831704484,0.210380903169783,"SORBS3"
"ENSG00000088386",612.283012026832,-0.270799019288816,0.135598035362685,-1.99707184963638,0.0458173784330444,0.0838287388062065,-0.243857515823129,0.130051880986772,"SLC15A1"
"ENSG00000106819",359.825102990734,-0.436255531733408,0.218535063258642,-1.99627247558479,0.0459042723344447,0.0839760524600942,-0.35333590044976,0.204470781547383,"ASPN"
"ENSG00000187535",83.1125009444418,0.386991179235631,0.193868745870479,1.99615042382424,0.0459175518650146,0.0839886757230873,0.322744755970716,0.188471445838144,"IFT140"
"ENSG00000155858",75.9427297493311,-0.271504620182782,0.136054221379978,-1.99556189752109,0.045981630397699,0.0840942000022371,-0.245123707125146,0.13080065910796,"LSM11"
"ENSG00000184611",11.818265580075,0.936321094148299,0.469255908949903,1.99533149458595,0.0460067370932003,0.0841284306345938,0.479632537032455,0.494178799836332,"KCNH7"
"ENSG00000105369",16.9512837699903,-0.507355396318925,0.254287080562642,-1.99520713044618,0.0460202936822763,0.0841415340398346,-0.391269419089931,0.239170155182924,"CD79A"
"ENSG00000181847",27.2038892218418,-0.501798447940427,0.251548974753284,-1.99483400173897,0.0460609875965471,0.0842042436401193,-0.389126730263863,0.235401286972034,"TIGIT"
"ENSG00000040341",332.498863105197,-0.267482304934598,0.134108080500561,-1.99452787584622,0.0460943967215627,0.0842536203298756,-0.241568122711179,0.128715876180949,"STAU2"
"ENSG00000121741",735.644186041796,-0.29044545090245,0.145632846803688,-1.99436773555603,0.0461118818002445,0.0842738805916185,-0.25612248682317,0.138982404903513,"ZMYM2"
"ENSG00000139631",1125.66606766189,-0.399613453885003,0.200395617695036,-1.99412271825794,0.0461386450710391,0.084311089660694,-0.326176607824758,0.187687091225032,"CSAD"
"ENSG00000165661",161.745530115888,0.242841965334464,0.12179758360467,1.9938159538754,0.0461721714235519,0.0843606451516076,0.222691338054356,0.11858881638043,"QSOX2"
"ENSG00000069535",6423.7699888109,-0.131262888183163,0.0658369515065745,-1.99375707986805,0.0461786081236535,0.0843606985647318,-0.126635071556458,0.064894647351645,"MAOB"
"ENSG00000105514",54.5870693794607,-0.299889814986088,0.150434390604264,-1.99349240410715,0.0462075544813697,0.084401867688917,-0.266451362207245,0.143962438165032,"RAB3D"
"ENSG00000146731",1315.50591148407,0.182985574055167,0.0918025701777717,1.99325110071345,0.0462339580247388,0.0844383813779596,0.175433154282936,0.090039428900989,"CCT6A"
"ENSG00000164209",715.28421772521,-0.463988899940859,0.232787733528377,-1.99318449004229,0.0462412488361928,0.0844399836584348,-0.367121641882072,0.216781293456261,"SLC25A46"
"ENSG00000132646",561.496480726263,0.236427385561072,0.11862586054296,1.99305096274055,0.0462558668629766,0.0844549636829775,0.217160023602605,0.115719375015988,"PCNA"
"ENSG00000073331",201.431327675077,-0.220220749799502,0.110539456755143,-1.99223658469133,0.0463451059212796,0.084606165357677,-0.203314612236087,0.107089161451137,"ALPK1"
"ENSG00000170892",316.621181260842,-0.250236533781262,0.125637287941587,-1.99173778645719,0.0463998354764794,0.0846943343800537,-0.231560895889533,0.121072885573665,"TSEN34"
"ENSG00000128694",129.895833989467,-0.210274822473978,0.105578355949915,-1.99164706233662,0.0464097958298644,0.0847007723726081,-0.196239899722799,0.102616655565047,"OSGEPL1"
"ENSG00000217128",342.014500387473,-0.358011241854404,0.179783819124793,-1.99134295620842,0.0464431959407271,0.0847499816709096,-0.303832630458637,0.169784262065186,"FNIP1"
"ENSG00000170037",217.825037190251,0.313015801247032,0.157219047028596,1.99095343193436,0.0464860071208015,0.0848163483581586,0.275229134535408,0.152807883939975,"CNTROB"
"ENSG00000128159",387.463812925146,0.531846551908068,0.26714612109352,1.99084512150518,0.0464979170225289,0.0848235487032202,0.397823948108514,0.265796469481988,"TUBGCP6"
"ENSG00000143195",66.8436411351573,0.626948954890234,0.314923065331557,1.99080036970353,0.0465028387163788,0.0848235487032202,0.432617271073118,0.3183418468513,"ILDR2"
"ENSG00000116194",316.817478934738,-0.404565029247683,0.203244949479803,-1.99052931097747,0.0465326584656694,0.084866183870204,-0.331946055385784,0.190596297188648,"ANGPTL1"
"ENSG00000170802",447.626022777386,-0.418109481314996,0.210102608830096,-1.99002517695108,0.0465881621322391,0.0849556430239695,-0.342165186809635,0.196894649828712,"FOXN2"
"ENSG00000163389",197.699847541024,-0.270015330022455,0.135689537309358,-1.98994952283498,0.0465964962333916,0.0849590734536538,-0.243177626259887,0.130104403661443,"POGLUT1"
"ENSG00000083444",2164.95046229144,0.207796391529946,0.104440109468858,1.98962249835546,0.0466325358756181,0.0850130112625849,0.19543593986613,0.102197721200504,"PLOD1"
"ENSG00000197283",47.2816990924058,0.428878721416875,0.215597524933782,1.98925623820867,0.0466729273215569,0.0850748665534568,0.344404840809189,0.209230301453469,"SYNGAP1"
"ENSG00000124839",2065.26160259777,0.282890008176822,0.142238360730432,1.98884468805817,0.0467183485090415,0.0851458716043798,0.253018203487011,0.138422323264235,"RAB17"
"ENSG00000187955",402.649370137641,0.481492824613822,0.242143816518659,1.98845806403947,0.0467610525781477,0.085211905639293,0.375004229660096,0.238779037066375,"COL14A1"
"ENSG00000170315",16309.2406796633,0.226652141274833,0.114032430168797,1.98761125181083,0.0468547009286374,0.08537074348553,0.223497268474915,0.111359858560463,"UBB"
"ENSG00000089335",674.013348628347,-0.278795355183366,0.140295661450665,-1.98719869381995,0.0469003825557782,0.0854421525846652,-0.249533562305161,0.134276216297539,"ZNF302"
"ENSG00000126226",382.785153739888,-0.163779099394673,0.082474729296559,-1.98580948117773,0.0470544826048291,0.0857110290502463,-0.156482675935306,0.0808108113846454,"PCID2"
"ENSG00000174326",71.3659548167877,0.754759167281464,0.380243212276517,1.98493791056182,0.0471513798679395,0.0858756490996392,0.458691818987325,0.396705750028082,"SLC16A11"
"ENSG00000138119",100.980732220546,0.543126936292973,0.273660498741863,1.98467421783548,0.0471807290773568,0.0859172170169405,0.401052026116996,0.271965315040158,"MYOF"
"ENSG00000163703",467.504002332518,0.268912790289751,0.135505963034412,1.98450890475912,0.0471991363884298,0.0859388507384963,0.244481642276064,0.131803930370082,"CRELD1"
"ENSG00000163220",162.902074402084,0.685776657068962,0.345643000257579,1.98406059592675,0.0472490851663943,0.0860078169851224,0.446680317516273,0.355387066268177,"S100A9"
"ENSG00000163946",504.824773106386,-0.259329571051239,0.130707064581453,-1.98405167985111,0.0472500790105872,0.0860078169851224,-0.226086264662288,0.125028002488657,"TASOR"
"ENSG00000189306",372.60167196597,0.271006724293847,0.136608054282618,1.98382683742191,0.0472751472330014,0.0860415521799414,0.262129803182861,0.13258183087709,"RRP7A"
"ENSG00000101444",2515.63770302881,-0.225407612442992,0.113655499046601,-1.98325302632801,0.0473391735111005,0.0861461725566205,-0.206931354566487,0.109841657056409,"AHCY"
"ENSG00000132470",29.0863404045021,0.740442413716101,0.373418416896996,1.98287599167972,0.0473812830094733,0.0862108861391273,0.455651141641917,0.384150092777594,"ITGB4"
"ENSG00000164627",10.5262735454929,-0.553580498103836,0.279202013229719,-1.9827238768811,0.0473982810206966,0.0862298974600651,-0.410934729943501,0.263565304063689,"KIF6"
"ENSG00000178726",91.4899748133863,-0.457226767284412,0.230642565278663,-1.98240410104696,0.0474340309719884,0.0862830135088698,-0.363933716719113,0.215232025128162,"THBD"
"ENSG00000161016",6401.68556185329,-0.279222349771221,0.14091611456624,-1.9814791986758,0.0475375598498814,0.0864593884491696,-0.234931035571419,0.133837451640747,"RPL8"
"ENSG00000137337",281.849240940099,0.393462338234688,0.198584953386309,1.9813300631558,0.047554271096068,0.0864730147297404,0.325426327142212,0.193537112462476,"MDC1"
"ENSG00000162755",64.2709374260896,-0.276326569611672,0.139467647861028,-1.98129511646325,0.0475581877303699,0.0864730147297404,-0.247703134926729,0.133904439974151,"KLHDC9"
"ENSG00000134308",1529.5962541292,-0.276917581000525,0.139804579316475,-1.9807475717492,0.0476195889702757,0.0865727020688553,-0.246473748970348,0.133705035877834,"YWHAQ"
"ENSG00000149929",235.908423787811,0.228464307811631,0.115370385672135,1.98026821597782,0.0476733982520497,0.0866585615610225,0.211103211652497,0.112615854647933,"HIRIP3"
"ENSG00000101452",186.858189311023,0.179854404573095,0.0908345948201741,1.98002099232296,0.047701169902719,0.0866970738458308,0.17023649118392,0.0890148641270291,"DHX35"
"ENSG00000117859",1936.7082376616,-0.198808419867725,0.100433819891403,-1.9794967480346,0.0477601054167485,0.0867922081320789,-0.177276185008205,0.0973019290645304,"OSBPL9"
"ENSG00000198740",452.043412620615,-0.240463815847597,0.121484211488104,-1.97938327048486,0.0477728706112983,0.0868034245747106,-0.215106612156695,0.116903804162124,"ZNF652"
"ENSG00000151914",4141.78520078246,0.30551508985386,0.154359168945586,1.97924808704793,0.0477880812640255,0.0868190807123168,0.270954638227173,0.150053007502186,"DST"
"ENSG00000089327",181.816821696736,-0.366824177180464,0.185351674315705,-1.97907128993969,0.0478079803720696,0.0868432491140546,-0.309727277065932,0.174858224993556,"FXYD5"
"ENSG00000108518",5442.07278237676,0.194092018419974,0.0980952685842115,1.97860733979593,0.0478602326378505,0.0869261722872038,0.182751790353416,0.0961277610151805,"PFN1"
"ENSG00000204569",978.510917027696,-0.287065512959963,0.145098328005191,-1.97842054354819,0.0478812840655375,0.0869524118630161,-0.255220579131832,0.138584555266911,"PPP1R10"
"ENSG00000163687",2256.43421655454,-0.404831192257847,0.204649561381947,-1.97816789600781,0.0479097691341461,0.0869921418314945,-0.329848776650349,0.191415373019811,"DNASE1L3"
"ENSG00000105258",256.513836154076,-0.304117510889685,0.153754936433525,-1.97793656544594,0.04793586328102,0.0870275201265733,-0.265645292145472,0.146376594012939,"POLR2I"
"ENSG00000143612",3665.5372181009,-0.133336761170392,0.0674145240640263,-1.97786401404772,0.0479440495572492,0.0870303814243407,-0.128615100033474,0.0664266950138928,"LTAP1"
"ENSG00000213463",789.039526241606,-0.245342053657562,0.124047752252406,-1.97780329915493,0.0479509011742295,0.087030819528523,-0.224047655983495,0.119452213004748,"SYNJ2BP"
"ENSG00000138587",12.0295881074775,0.663579811976303,0.335603138495806,1.97727534656115,0.0480105148072343,0.087127007298697,0.446428598721121,0.332640242108381,"MNS1"
"ENSG00000174099",60.8160635159448,-0.453583846527835,0.229417924007345,-1.97710727481482,0.0480295056491958,0.0871494585690892,-0.361710695093451,0.214473244738193,"MSRB3"
"ENSG00000103145",141.353289421593,-0.369349843556891,0.186847997034046,-1.97673964623549,0.0480710669145632,0.0872128520045665,-0.311770890830305,0.176333664588265,"HCFC1R1"
"ENSG00000136940",118.09642658762,-0.247542974742349,0.125254119387545,-1.97632601588482,0.0481178649092833,0.0872857273898627,-0.225740751428491,0.120766736062082,"PDCL"
"ENSG00000164695",103.54484044862,-0.289688203122477,0.146648301993733,-1.9753941858451,0.0482234320991071,0.0874651752330685,-0.257336352702976,0.140302755704474,"CHMP4C"
"ENSG00000111711",303.54151164248,-0.525930295718024,0.266322448784208,-1.97478769859227,0.0482922456225557,0.0875619760080282,-0.396620847088701,0.245887308971526,"GOLT1B"
"ENSG00000124356",434.358528056135,-0.118423085770321,0.0599687082458027,-1.97474798498115,0.0482967545017698,0.0875619760080282,-0.115344249784221,0.0592806250670578,"STAMBP"
"ENSG00000214944",338.907927413762,0.384100410288087,0.194504613272771,1.97476246874119,0.0482951100491601,0.0875619760080282,0.319940745283189,0.189487479259135,"ARHGEF28"
"ENSG00000187510",10.018497634648,-0.518517260039362,0.26259370856259,-1.97459894556374,0.0483136788248064,0.0875805996705771,-0.393134997332703,0.24764481248071,"PLEKHG7"
"ENSG00000162989",113.452662483788,-0.420346036890582,0.212904993924908,-1.97433620105144,0.0483435271783474,0.0876226430107546,-0.342591676566391,0.199533757093564,"KCNJ3"
"ENSG00000033178",540.837808141755,-0.348166829431008,0.176402860707737,-1.97370285285706,0.0484155405983374,0.0877410884401529,-0.298739381946255,0.166774463128788,"UBA6"
"ENSG00000018280",27.5208662652868,-0.443689073852858,0.224831246593503,-1.97343154288093,0.0484464168367466,0.0877849606485832,-0.356099444381539,0.211347561728274,"SLC11A1"
"ENSG00000108587",585.111838427072,-0.121322485613864,0.0615120115388879,-1.97233812679275,0.0485710199517317,0.0879986306157286,-0.111469521823123,0.0606363219387753,"GOSR1"
"ENSG00000156398",610.046150144457,-0.231313057262281,0.11728903558471,-1.97216266728716,0.0485910399385539,0.0880227891897358,-0.210307477744982,0.113141413317724,"SFXN2"
"ENSG00000117525",37.358787522819,-0.642716790126609,0.325956856512849,-1.97178484601465,0.0486341729950764,0.0880888047397407,-0.45187568330332,0.299989582870897,"F3"
"ENSG00000113282",1856.45238688015,-0.230268430424973,0.116798168307487,-1.97150720565036,0.0486658896283948,0.088129797548365,-0.211982560452538,0.112811328932638,"CLINT1"
"ENSG00000205571",33.0992478561053,-0.733205066586556,0.371907883180138,-1.97146954863396,0.0486701927672917,0.088129797548365,-0.487226737704877,0.340673603608491,"SMN1"
"ENSG00000116688",1990.68714028276,0.162587914967526,0.0824748420954755,1.97136376180398,0.0486822829389847,0.0881313545305793,0.156228763575807,0.0810982414464889,"MFN2"
"ENSG00000198542",116.953531962779,0.833361766065962,0.422737680986523,1.97134488726244,0.0486844403388199,0.0881313545305793,0.459368540288534,0.447060544874238,"ITGBL1"
"ENSG00000196199",448.489677421115,-0.145667990850937,0.07391364108795,-1.97078629474641,0.0487483249917018,0.0882348703382933,-0.139205199295697,0.0726237683603234,"MPHOSPH8"
"ENSG00000180573",798.308466862231,-0.379795046829011,0.192727011652613,-1.97063734643271,0.0487653716717795,0.0882535922241442,-0.31127192754071,0.180586149966117,"H2AC6"
"ENSG00000140153",203.382088681539,-0.116185244030349,0.0589742450719385,-1.97010142119875,0.048826748083658,0.0883404115525784,-0.114167674935361,0.0582822009126579,"WDR20"
"ENSG00000144815",70.6066749103241,-0.375118437909056,0.190411320758193,-1.97004272863285,0.0488334737414299,0.0883404115525784,-0.314702843694114,0.179536563144915,"NXPE3"
"ENSG00000167699",1126.3815701868,-0.135474904178247,0.0687658677584432,-1.97008935674506,0.0488281305016634,0.0883404115525784,-0.130155501093736,0.067712289542827,"GLOD4"
"ENSG00000115520",284.46724334264,-0.338680309732204,0.171925188773254,-1.96992838657794,0.048846578580255,0.0883519787865967,-0.290830642332344,0.162713482996659,"COQ10B"
"ENSG00000137409",1519.22091369164,0.152957383931988,0.0776531930923898,1.96975008806146,0.0488670194138127,0.0883768101102002,0.147116919523489,0.0764764832493636,"MTCH1"
"ENSG00000165269",401.167966256885,-0.312867623818071,0.158939677190985,-1.96846771899583,0.0490142468220593,0.0886308987308382,-0.271769570121576,0.150957912870669,"AQP7"
"ENSG00000123395",374.570065286462,0.270196330478176,0.137268169811825,1.9683829896514,0.0490239876045618,0.0886363390279676,0.248730984674785,0.133442583034469,"ATG101"
"ENSG00000149634",16.761593698985,0.931060557598448,0.473079880875364,1.96808318264488,0.0490584675158668,0.0886865005236718,0.459326862285881,0.494900866838492,"SPATA25"
"ENSG00000170011",395.01604463355,-0.313763044115222,0.159457122324151,-1.96769538758759,0.0491030968582351,0.0887549935798356,-0.273326793415293,0.151489373401314,"MYRIP"
"ENSG00000162695",380.565170917576,-0.402595128442206,0.204648471638836,-1.96725206505674,0.049154158307998,0.088835092420467,-0.330418893329551,0.191696272565243,"SLC30A7"
"ENSG00000151553",527.256976539142,-0.351983077372725,0.178964971753026,-1.96677078159443,0.0492096424982895,0.0889231612863684,-0.300020487585675,0.168881561049482,"FHIP2A"
"ENSG00000068878",1279.65332045965,0.186675789132045,0.0949428080584115,1.96619199441833,0.049276436882024,0.0890316410029818,0.176346876754234,0.0930599509325078,"PSME4"
"ENSG00000044574",10289.5211105242,0.352539945188135,0.179319621282992,1.96598644736025,0.0493001761425769,0.0890623105232118,0.306012518760027,0.174424101396524,"HSPA5"
"ENSG00000110315",504.168330623556,-0.284287572369823,0.144617837652812,-1.96578497496499,0.0493234541194107,0.0890799172751937,-0.252203335237881,0.138096388796595,"RNF141"
"ENSG00000160200",295.540838582102,0.757347550729143,0.385259798202088,1.96580996580359,0.0493205661948422,0.0890799172751937,0.453092091177246,0.402109578906296,"CBS"
"ENSG00000126246",25.0856520570432,-0.641019657252923,0.326133230530319,-1.96551469536108,0.0493546965152065,0.0891241166258688,-0.45019385349737,0.300694696710752,"IGFLR1"
"ENSG00000163710",413.614937894681,-0.420543372540789,0.213985211282524,-1.9652917602121,0.0493804787233402,0.089158445264879,-0.341689141056351,0.200084549520375,"PCOLCE2"
"ENSG00000133872",4823.18694108866,-0.174454450617636,0.0887845226443791,-1.96491962136691,0.0494235413504386,0.0892239607047682,-0.168241410003831,0.086875877738873,"SARAF"
"ENSG00000140750",273.730297787782,-0.302208248590638,0.153817243721494,-1.96472281831955,0.0494463274551589,0.0892528581402004,-0.265798497134078,0.146491188046374,"ARHGAP17"
"ENSG00000105708",21.9956726591845,-0.401677931293933,0.204467696045363,-1.96450558725334,0.0494714889735231,0.0892860347944353,-0.330284043528763,0.19320638479886,"ZNF14"
"ENSG00000078140",1153.86330138693,-0.251073132452629,0.127809721709841,-1.96442906763091,0.0494803546736952,0.0892897957283267,-0.227981880825936,0.122854419471108,"UBE2K"
"ENSG00000132688",91.1960180255958,0.563110920233607,0.286671542355263,1.96430701006157,0.0494944992403215,0.0892908436555321,0.406113195704051,0.285409289743559,"NES"
"ENSG00000142684",173.501773777264,-0.456705980572554,0.232499351562798,-1.96433227663948,0.0494915709600641,0.0892908436555321,-0.362260063008764,0.216538401300519,"ZNF593"
"ENSG00000110446",229.21760519008,0.302466576301728,0.154006625759933,1.96398417801333,0.0495319267847721,0.0893461224891504,0.266041474293244,0.149507461351035,"SLC15A3"
"ENSG00000116096",951.20974692293,-0.19818946336336,0.100950619918259,-1.9632317614675,0.0496192503773259,0.0894913767764209,-0.185453090058171,0.0981138440333878,"SPR"
"ENSG00000170509",8449.07861300658,-0.370205004830434,0.188606367910532,-1.96284467450243,0.0496642250061221,0.0895602227681967,-0.303240296279373,0.176570596338253,"HSD17B13"
"ENSG00000166938",552.461764053066,0.203765021243734,0.103821501784792,1.9626475993972,0.0496871357818081,0.0895892672833861,0.188928571618636,0.101531751330001,"DIS3L"
"ENSG00000119402",1285.51793505592,0.184392230549999,0.0939629321626227,1.96239332155865,0.049716709701986,0.0896303162996504,0.174963380197952,0.0921234206020271,"FBXW2"
"ENSG00000161551",127.115305567325,-0.415406327157308,0.211696406047495,-1.9622738756562,0.0497306070167998,0.0896430958355951,-0.338901436279844,0.198218858065938,"ZNF577"
"ENSG00000117133",305.946831076161,-0.211686756756707,0.107883510722834,-1.96217897747651,0.0497416505706741,0.0896507284618063,-0.19549776103507,0.104579067702685,"RPF1"
"ENSG00000113248",11.9381446960514,-0.425356093299614,0.216855675342912,-1.9614708843889,0.0498241181915262,0.0897747830997173,-0.344138547042495,0.205127699895791,"PCDHB15"
"ENSG00000182511",430.803538688728,0.392460633310037,0.200083820540255,1.96148110452078,0.0498229270952806,0.0897747830997173,0.323703612912888,0.194933888302079,"FES"
"ENSG00000185838",16.475388501087,0.606384958787109,0.30918180804744,1.96125691422979,0.0498490606383024,0.089807434642021,0.422994179385294,0.304766983807614,"GNB1L"
"ENSG00000196588",125.837380075804,0.379011517566183,0.193342673977092,1.96030969143982,0.0499596039602069,0.0899942735996831,0.315933677243212,0.187851000851233,"MRTFA"
"ENSG00000075151",498.530404938537,0.243910750734842,0.124444919445475,1.95998962289265,0.0499970032046812,0.0900435678842805,0.215125335703996,0.121246737690704,"EIF4G3"
"ENSG00000096872",146.00983171716,-0.277765940998861,0.141720321502222,-1.95995844529965,0.0500006474860986,0.0900435678842805,-0.247276818858815,0.135652023392295,"IFT74"
"ENSG00000100836",689.068905427261,-0.419347904570744,0.213997116015932,-1.95959605614275,0.0500430227112987,0.0901075542966301,-0.337175918258806,0.199499639881981,"PABPN1"
"ENSG00000135722",18.6717632357244,0.498256513081221,0.254293448057549,1.95937613370385,0.0500687535625239,0.0901415574188691,0.379317145562074,0.246993288973272,"FBXL8"
"ENSG00000100614",1213.56879771621,-0.248764478587413,0.126971072346018,-1.95922168720043,0.0500868303800944,0.0901577914614028,-0.226157818827402,0.122077337680016,"PPM1A"
"ENSG00000189067",2000.0054769398,0.271376156079008,0.138515025205465,1.95918208639434,0.0500914662418473,0.0901577914614028,0.24124317920371,0.134633554779318,"LITAF"
"ENSG00000138755",422.222613281326,0.683428811209248,0.348869768433595,1.958979748454,0.050115158513473,0.0901881051104956,0.44100643774786,0.35798061195453,"CXCL9"
"ENSG00000031081",119.874519281767,0.444198786470148,0.226803417009318,1.95851893383025,0.0501691515468216,0.0902482646899102,0.352067364477987,0.221533965425707,"ARHGAP31"
"ENSG00000118526",47.2344022172171,-0.343540477096036,0.175407124890772,-1.95853205683613,0.0501676132675234,0.0902482646899102,-0.293427293058905,0.16636506072576,"TCF21"
"ENSG00000198556",118.600001810027,-0.431512924139163,0.220325428488721,-1.95852529187866,0.0501684062511842,0.0902482646899102,-0.347263114757667,0.205739923180199,"ZNF789"
"ENSG00000097033",917.095102017183,-0.226413232364946,0.115632121994362,-1.95804788894201,0.0502243936337712,0.0902982884858981,-0.206460999754561,0.111576505998272,"SH3GLB1"
"ENSG00000151239",643.569761042679,-0.416247648465533,0.212564167271025,-1.9582211518031,0.050204068197488,0.0902982884858981,-0.335519293679888,0.198261876049165,"TWF1"
"ENSG00000163975",14.0234573126952,0.612509617648953,0.31280961178671,1.95809078292196,0.0502193611061159,0.0902982884858981,0.425369137886426,0.307965536315445,"MELTF"
"ENSG00000169964",271.863259017888,-0.263448205071472,0.134539207317597,-1.9581519047423,0.050212190730956,0.0902982884858981,-0.237778373783239,0.129051322353673,"TMEM42"
"ENSG00000138385",658.85333389801,-0.164925706012581,0.0842365329837893,-1.95788810591623,0.0502431438656079,0.0903196657747942,-0.154730327898491,0.0823849395730121,"SSB"
"ENSG00000151702",151.747712163864,-0.346502458552616,0.17700423226559,-1.95759420053131,0.0502776484205134,0.0903693541439562,-0.29561770021922,0.167285130957766,"FLI1"
"ENSG00000115211",395.105081751277,0.217908188159206,0.11134261618842,1.95709599449729,0.050336183280599,0.0904622152705933,0.201793090176548,0.108674557145916,"EIF2B4"
"ENSG00000083168",401.091242748071,0.257641449671746,0.131648834628744,1.95703555142215,0.0503432886975447,0.09046263668512,0.23187455634014,0.128076917450477,"KAT6A"
"ENSG00000173531",4423.2497300498,0.353445531809404,0.180639097276199,1.95663916139363,0.0503899073670095,0.0905216974203912,0.303682358214358,0.175596793301603,"MST1"
"ENSG00000198846",11.2729316694081,-0.514816637630603,0.263107327482784,-1.9566792097962,0.0503851957090713,0.0905216974203912,-0.390701484974605,0.247263117500181,"TOX"
"ENSG00000023318",1506.63321372408,-0.159588138402584,0.0815910101237051,-1.95595247761515,0.0504707525438925,0.0906423040791625,-0.152670129939706,0.0799391951521722,"ERP44"
"ENSG00000168356",12.6074544344947,-0.471808964405816,0.241217051392988,-1.95595195978559,0.0504708135503828,0.0906423040791625,-0.368375528272131,0.227666993810936,"SCN11A"
"ENSG00000186310",18.4367949103966,-0.435638990139434,0.222843167680611,-1.95491293124953,0.0505933479992302,0.0908499754170574,-0.35147055556486,0.209714652755555,"NAP1L3"
"ENSG00000100503",268.892160803337,0.360376318608583,0.184371295884772,1.95462269155938,0.0506276209747665,0.0908991214719455,0.304395736465768,0.179069356931246,"NIN"
"ENSG00000162946",33.1508159235567,-0.359933913477288,0.184208877399296,-1.95394444914338,0.0507077871230444,0.0910306415683124,-0.3036121917489,0.174489355667046,"DISC1"
"ENSG00000160345",12.2291142286041,-0.461020148478312,0.235960321432528,-1.95380369750063,0.050724436847063,0.0910357054973326,-0.362439192262112,0.223030465748117,"PIERCE1"
"ENSG00000168234",2670.31873424185,0.245723907775273,0.125765899586277,1.95381982384426,0.0507225290053039,0.0910357054973326,0.224915645340494,0.122475940488589,"TTC39C"
"ENSG00000179583",115.335633562323,0.430502546112248,0.220391277046858,1.95335564946483,0.0507774676191262,0.0911114547117867,0.344485383997367,0.214799270048023,"CIITA"
"ENSG00000184083",138.609824725958,-0.196375552320977,0.100533721768254,-1.95333017486066,0.0507804841770538,0.0911114547117867,-0.183992461047758,0.0978249783488757,"FAM120C"
"ENSG00000105705",255.191823258286,0.343982304299776,0.176163460304573,1.95263140100142,0.050863287558153,0.0912351908099265,0.294240954542119,0.171011472562524,"SUGP1"
"ENSG00000162222",143.215368841089,-0.13949825406576,0.0714411668962011,-1.95263123667116,0.0508633070442701,0.0912351908099265,-0.134701443812689,0.07034478201721,"TTC9C"
"ENSG00000021300",26.5900400385531,0.678731445823896,0.347692607196856,1.95210203431105,0.0509260917705929,0.0913353663331462,0.43937459373627,0.351312623478022,"PLEKHB1"
"ENSG00000149541",282.482967138027,0.344054393077471,0.176265483701204,1.95191018600496,0.0509488687354498,0.0913637708759102,0.293405047762813,0.17113458765194,"B3GAT3"
"ENSG00000090857",548.283365388205,0.303457700163895,0.15547386489333,1.95182451000428,0.0509590432734379,0.0913695715290867,0.265733690785686,0.150961638476665,"PDPR"
"ENSG00000272636",16.6245973149955,0.66005641622939,0.33823987332811,1.95144472393147,0.0510041656353455,0.0914380235232787,0.438909291991642,0.336428267532658,"DOC2B"
"ENSG00000101307",18.2119318745084,0.747175062227285,0.382947810735123,1.95111459389982,0.0510434155440648,0.0914959304361003,0.45502358632082,0.389451198523327,"SIRPB1"
"ENSG00000272333",278.528146955707,0.477402439726772,0.244710776356448,1.95088441479742,0.0510707970229719,0.0915325501775725,0.367359187444951,0.240422297886922,"KMT2B"
"ENSG00000244414",13885.3720625904,-0.656383086412419,0.336493860999033,-1.95065397170591,0.0510982222249636,0.0915692383032355,-0.435887979570896,0.302313692222763,"CFHR1"
"ENSG00000196411",723.855871529941,0.303778465013832,0.155746430599367,1.95046823124476,0.0511203363086227,0.0915964000870069,0.266556485869207,0.151300436751936,"EPHB4"
"ENSG00000160447",53.5392660046428,0.778127693961089,0.399076620442117,1.94982029540854,0.0511975416810602,0.0917222525204571,0.451439154031068,0.413844843908238,"PKN3"
"ENSG00000126945",752.299894244397,-0.265055314959505,0.135950756287139,-1.9496420777512,0.0512187944756843,0.0917478432744027,-0.238210180784132,0.130230026704241,"HNRNPH2"
"ENSG00000160799",302.228094175596,-0.321298901648999,0.164829328289865,-1.94928235759094,0.0512617142899342,0.0918122337561248,-0.278056543588389,0.156260509388669,"CCDC12"
"ENSG00000151360",18.8601829809278,-0.780514522346282,0.400837972263126,-1.94720704213602,0.0515099177693719,0.0922442297812228,-0.498214035501287,0.365328453268936,"ALLC"
"ENSG00000122678",260.510659863122,0.430926281502522,0.22134253264967,1.94687517280996,0.0515497017931179,0.0922903690247743,0.344332143302176,0.216128329915398,"POLM"
"ENSG00000246922",111.09950678031,0.589502469236752,0.302789351623214,1.94690621079145,0.051545979914192,0.0922903690247743,0.41245838726364,0.302871785298824,"UBAP1L"
"ENSG00000177156",1823.34118405473,0.195910989460613,0.10068476551394,1.94578582430614,0.0516804721356193,0.0925119097399814,0.184047722145352,0.0985557484003896,"TALDO1"
"ENSG00000100219",10124.1845253792,0.153656305508891,0.0789779832915356,1.94555873808136,0.0517077675340034,0.09254818751396,0.148800882791912,0.0777260236209277,"XBP1"
"ENSG00000198276",302.812807969912,0.310835586404628,0.159805497104312,1.9450869465506,0.0517645146825174,0.0926371619287786,0.271219079033078,0.155078688385848,"UCKL1"
"ENSG00000101134",20.3460257875023,1.00592094387829,0.517177619184466,1.94502025332132,0.0517725407552376,0.0926389333492061,0.430271030757225,0.527040888875531,"DOK5"
"ENSG00000173545",321.372174273514,0.233658872519784,0.120187027607767,1.94412722546342,0.0518801108847104,0.0928187987373417,0.214767247007195,0.117103618537593,"ZNF622"
"ENSG00000100281",162.820972725416,0.207974710952647,0.106984002827111,1.9439795245719,0.0518979202794592,0.092838045978174,0.195739346631957,0.104368059410831,"HMGXB4"
"ENSG00000152683",363.612467444525,0.2450687862293,0.1260749663836,1.9438338415546,0.0519154913740764,0.0928442487681459,0.223593675020435,0.122701179531922,"SLC30A6"
"ENSG00000172888",230.072966147323,-0.266191987350968,0.136937819232817,-1.94388948825305,0.0519087791368619,0.0928442487681459,-0.2375833342009,0.131094719693379,"ZNF621"
"ENSG00000183914",14.1963011000078,0.598669820052276,0.308046852086003,1.94343755178233,0.0519633137907034,0.0929171518903166,0.420289324215911,0.300623794646973,"DNAH2"
"ENSG00000110721",548.774888898667,-0.521120198796978,0.268283854465257,-1.94242102207632,0.0520861524174483,0.0931241557208208,-0.387781498804655,0.246376099018317,"CHKA"
"ENSG00000119185",279.106560292648,-0.193929681465027,0.0998467529039753,-1.94227329206723,0.0521040244802349,0.0931434604625624,-0.181542231723876,0.097126408932645,"ITGB1BP1"
"ENSG00000104332",108.978365128204,-0.381977264914623,0.196697018150667,-1.9419575777302,0.0521422361242232,0.0931991149621942,-0.316029631564274,0.184606297801917,"SFRP1"
"ENSG00000122085",423.598816933528,0.15269025000026,0.0786606323249082,1.94112665366802,0.0522429168363032,0.0933663965069591,0.146734193990018,0.0774079006244867,"MTERF4"
"ENSG00000106144",189.91766125163,0.176417944198481,0.0909170575849696,1.94042733987078,0.0523277766456183,0.0934926729971789,0.167455017476276,0.0890391123016316,"CASP2"
"ENSG00000240583",487.795664459202,0.641797872747972,0.330747569546866,1.94044622497833,0.0523254834762946,0.0934926729971789,0.427006080904397,0.335397373105771,"AQP1"
"ENSG00000132854",117.695640774605,0.442882051214755,0.228255006771151,1.94029501249359,0.0523438471711962,0.0935086963169564,0.349591208000673,0.222875971573343,"KANK4"
"ENSG00000198198",428.700235285316,0.292209243217304,0.150607541131373,1.94020326619909,0.0523549917412225,0.0935159166008595,0.260178035309715,0.146311002631436,"SZT2"
"ENSG00000066813",13138.2247808804,0.186915577843739,0.0964024611358906,1.93890877516352,0.052512447250198,0.0937844384829229,0.182979446444472,0.0943456059782376,"ACSM2B"
"ENSG00000122786",4731.57996425053,-0.249872392760992,0.128936476203107,-1.93794960215433,0.0526293715082149,0.093980510684546,-0.217497898070956,0.123268766203255,"CALD1"
"ENSG00000198727",328394.832774527,-0.395519379335517,0.204101610042142,-1.93785526362997,0.0526408832249664,0.093988319574167,-0.324655507580252,0.190881097505649,"MT-CYB"
"ENSG00000085274",275.173475976233,-0.250467582014388,0.129269786889134,-1.93755701190409,0.0526772914228932,0.0940405720506864,-0.227114609492105,0.124199030876481,"MYNN"
"ENSG00000125843",147.722682331856,0.198571033702121,0.102497258931536,1.93733018591997,0.0527049946231005,0.094077272126863,0.18547447925989,0.100027208505109,"AP5S1"
"ENSG00000125398",78.9722327302127,0.719761076966632,0.371604836721124,1.93689910851937,0.0527576774611165,0.0941585443205991,0.441195554202552,0.381124131558076,"SOX9"
"ENSG00000165617",42.3241525884153,-0.439625205520119,0.227053262480475,-1.93622060620214,0.052840687749292,0.0942860924639844,-0.345908696993514,0.211437424859042,"DACT1"
"ENSG00000253304",104.471551518851,0.426446579995805,0.220249478390908,1.93619791116568,0.052843466222979,0.0942860924639844,0.340791581874929,0.214482923639301,"TMEM200B"
"ENSG00000028277",26.3932448490186,-0.53459570153163,0.276121431669155,-1.93608912680192,0.052856786006253,0.0942970792084454,-0.398916346886441,0.255804172398782,"POU2F2"
"ENSG00000100399",28.8014677342686,0.511355380634981,0.264217955359128,1.93535439308029,0.0529468218174399,0.0944193222332945,0.379949074456238,0.258659188707686,"CHADL"
"ENSG00000121481",99.8570120205474,-0.36369453670064,0.187918328769939,-1.93538618122715,0.052942923780595,0.0944193222332945,-0.30559569910548,0.176960580204692,"RNF2"
"ENSG00000140990",1131.95717308725,-0.22707750093371,0.117325272525147,-1.9354525759575,0.0529347828682662,0.0944193222332945,-0.200999547822344,0.112814545705655,"NDUFB10"
"ENSG00000167523",48.7906995849449,0.398036337682464,0.205702378061722,1.93501087072038,0.0529889617140698,0.094481672525385,0.325412782598158,0.198898796620346,"SPATA33"
"ENSG00000143199",147.020100500308,-0.394793926483686,0.204073934661921,-1.93456321179733,0.0530439180969851,0.0945668552017477,-0.32416847605346,0.191118174763866,"ADCY10"
"ENSG00000178188",421.473954444448,0.402041816916107,0.207834943833457,1.93442839543995,0.0530604780146831,0.0945835707475382,0.328669870356905,0.202333769355572,"SH2B1"
"ENSG00000078747",1516.04094832404,-0.301038419290742,0.155696502652262,-1.93349506355381,0.053175240611393,0.0947753103952349,-0.260785303227344,0.147837898253546,"ITCH"
"ENSG00000018189",379.323647760928,-0.177607639997169,0.0918880210983255,-1.93287044246082,0.0532521598581616,0.0948995582962311,-0.167506247691405,0.0896211715675867,"RUFY3"
"ENSG00000204084",353.417471534642,-0.264349039475496,0.136794053402576,-1.93246002220239,0.0533027518283461,0.0949768616283671,-0.232261712550351,0.130669185689644,"INPP5B"
"ENSG00000196502",3231.21372694266,-0.421896134097633,0.218327967423451,-1.9323961976862,0.0533106229992391,0.0949780328021627,-0.32062710640197,0.200886463360182,"SULT1A1"
"ENSG00000104626",109.57278099489,-0.295064926721588,0.152702283911588,-1.93228889027243,0.053323858895284,0.094988760142783,-0.259935933567166,0.145554826108755,"ERI1"
"ENSG00000182117",866.28850004609,-0.182800477069667,0.0946264607474043,-1.93181141538871,0.0533827865992363,0.0950808669325684,-0.171002672305753,0.0921837895305655,"NOP10"
"ENSG00000163002",170.909303629264,-0.246222118887649,0.127463938131846,-1.9317002322097,0.0533965161083976,0.0950924565241666,-0.223642886170429,0.122575629818413,"NUP35"
"ENSG00000130766",524.331035053722,0.249938459254789,0.129427506571914,1.93110773648348,0.053469730475367,0.0952099636784801,0.222267839136881,0.126099765347369,"SESN2"
"ENSG00000148672",20910.3265068761,-0.221966631172572,0.114955117892913,-1.93089820828462,0.0534956418162226,0.0952432211159413,-0.182850253488007,0.1100753329221,"GLUD1"
"ENSG00000107551",747.071330064537,0.337189143631131,0.174695525897163,1.93015328755255,0.053587847492318,0.0953944835159354,0.288077008075731,0.16951670041076,"RASSF4"
"ENSG00000022567",24.3866179141881,0.551845451028847,0.285934037771288,1.92997467293578,0.0536099759768838,0.0954209738693594,0.397666014670815,0.280502926179107,"SLC45A4"
"ENSG00000151893",515.805395866964,-0.193698201621149,0.100378733864757,-1.92967368847393,0.0536472820680388,0.0954744681951607,-0.185185102266202,0.0976577270248148,"CACUL1"
"ENSG00000168769",263.168527982444,-0.355020839411657,0.184009473007725,-1.92936175300471,0.0536859683736817,0.0955304040556688,-0.299718766000695,0.173230517648492,"TET2"
"ENSG00000141034",185.277196652964,-0.14376137776955,0.0745574384273108,-1.9281963114882,0.0538307128277732,0.0957750223095219,-0.139617686935012,0.0733068992006501,"GID4"
"ENSG00000110448",19.750062237152,0.590752656936135,0.306422634170873,1.92790150288542,0.0538673787841209,0.0958273083464039,0.412889699302321,0.300784807667137,"CD5"
"ENSG00000159714",27.182643038171,0.445963685896972,0.231375956664927,1.92744178057708,0.0539245970008391,0.095916136735078,0.350123847952044,0.224256085403272,"ZDHHC1"
"ENSG00000113356",28.0412073772441,-0.387627977604788,0.20112304587411,-1.92731755786663,0.0539400667811124,0.0959306928596685,-0.31977597272041,0.189547564955344,"POLR3G"
"ENSG00000110693",261.68409679798,-0.45252402738697,0.234817442957316,-1.92713122878707,0.0539632777758046,0.0959590106964133,-0.354343594096749,0.217612144061661,"SOX6"
"ENSG00000105254",313.772181603923,-0.237020359973862,0.123034167289334,-1.92645965909999,0.0540470043269965,0.0960819415297375,-0.216047330640197,0.118477402202283,"TBCB"
"ENSG00000107140",179.583605252429,0.352200455638621,0.182819547733689,1.92649232538125,0.0540429292193415,0.0960819415297375,0.297672294807622,0.177212939066456,"TESK1"
"ENSG00000118762",393.332208239864,-0.390853132013141,0.202913253922412,-1.92620799508046,0.0540784079286886,0.096124789899975,-0.321765306321706,0.189921429760359,"PKD2"
"ENSG00000198612",430.522452507253,-0.164257622091096,0.0852786366844164,-1.9261286117759,0.0540883168407232,0.0961294248818792,-0.156160211126753,0.083436269622106,"COPS8"
"ENSG00000135387",1743.38685357672,0.309758105038297,0.16087075692331,1.92550909166148,0.0541656996563166,0.0962539616243845,0.269951303180657,0.15610520536947,"CAPRIN1"
"ENSG00000113108",267.784250595914,0.505247823687705,0.262410725035784,1.92540843602641,0.0541782810377886,0.0962633263351585,0.377566473619806,0.258486906651818,"APBB3"
"ENSG00000100802",73.0999364038383,-0.302595496880984,0.157223498785995,-1.92462004228046,0.0542769101476222,0.0963994996460901,-0.26471663179049,0.149793424219126,"C14orf93"
"ENSG00000115419",251.720725043041,-0.419323856133802,0.217873738448817,-1.92461863058503,0.054277086886884,0.0963994996460901,-0.337399321969476,0.202946776311704,"GLS"
"ENSG00000122741",530.21088589069,-0.267054360860685,0.138752427757466,-1.92468243746687,0.0542690989712081,0.0963994996460901,-0.239256276306059,0.132717969715514,"DCAF10"
"ENSG00000144619",47.576641348951,-0.382939043528036,0.19898051414671,-1.92450524700972,0.0542912836766024,0.0963994996460901,-0.316950251341591,0.187002003974583,"CNTN4"
"ENSG00000146072",110.158705978197,-0.353538346062277,0.183709267346787,-1.92444480982499,0.0542988522995142,0.0963994996460901,-0.298687097581467,0.173138762579667,"TNFRSF21"
"ENSG00000179855",32.1755514762547,0.511373565503011,0.265722914383997,1.9244616772644,0.0542967398807913,0.0963994996460901,0.380765293651222,0.259365131577352,"GIPC3"
"ENSG00000183765",127.592894855556,-0.617132735466949,0.320842159096475,-1.92347769135097,0.0544200855416157,0.0966017050345034,-0.433863028777175,0.292609011564604,"CHEK2"
"ENSG00000146463",576.126897414904,-0.182115935949053,0.0946880658859273,-1.92332512281381,0.0544392313935444,0.0966226638618773,-0.171351771867348,0.0922469218245132,"ZMYM4"
"ENSG00000061936",281.758283230335,0.357438461836973,0.185934183909849,1.92239239886238,0.0545564013058378,0.0968175737421027,0.300407924283401,0.180344723110499,"SFSWAP"
"ENSG00000184209",219.202555670414,-0.25839784306914,0.134435766176298,-1.92209149706693,0.0545942458018999,0.096871676580568,-0.232657016614202,0.128868579667036,"SNRNP35"
"ENSG00000173114",40.5718513673885,-0.476370848546051,0.247854981673969,-1.92197407261587,0.0546090202438537,0.0968848349994041,-0.368632209177286,0.23027123523207,"LRRN3"
"ENSG00000139687",274.147982463763,-0.385608339352625,0.20068310165767,-1.92147886975758,0.0546713637710796,0.0969823734047473,-0.316795690582204,0.187739915629151,"RB1"
"ENSG00000102359",38.6732156924844,0.434866845539761,0.226476182841528,1.92014383183088,0.0548397340683692,0.0972679427110533,0.344419504837561,0.219004819793156,"SRPX2"
"ENSG00000113593",319.735664789588,-0.16892930529595,0.0879828895907043,-1.92002451933333,0.0548548023670103,0.097268461678661,-0.159306665136577,0.0859536894341735,"PPWD1"
"ENSG00000152760",186.893561716729,-0.518184697114072,0.269883954858078,-1.92002780375205,0.054854387522664,0.097268461678661,-0.389196775563637,0.248223859104971,"DYNLT5"
"ENSG00000106686",62.5759936164103,-0.403220956204621,0.210052478296807,-1.9196200848193,0.054905905185889,0.0973459665603843,-0.328734558165903,0.196536543333068,"SPATA6L"
"ENSG00000011454",383.797245721459,0.139381090613735,0.0726223913123962,1.91925779494324,0.0549517164679529,0.0974140701517527,0.134402601477546,0.0715885383957051,"RABGAP1"
"ENSG00000143442",902.589793613105,-0.293335119431205,0.152872919717564,-1.91881675298115,0.0550075289012066,0.0974998822715786,-0.258998709841617,0.145385231121228,"POGZ"
"ENSG00000100749",65.6022940937297,-0.206795261646397,0.107826499288316,-1.91785194744615,0.0551297867066578,0.0976729805206845,-0.192324897508255,0.104742383394931,"VRK1"
"ENSG00000112697",2169.32814204709,-0.278297177803606,0.145099690682743,-1.91797223339432,0.0551145320156129,0.0976729805206845,-0.24646661109591,0.138353428398607,"CDC50A"
"ENSG00000178199",10.9482040279968,-0.501840809258862,0.261659537051526,-1.91791522263544,0.0551217616941885,0.0976729805206845,-0.378928019349715,0.244366117847951,"ZC3H12D"
"ENSG00000198455",221.740822267835,-0.401426685413217,0.209314937539726,-1.91781193512302,0.0551348618585544,0.0976729805206845,-0.325730631942329,0.195354293570709,"ZXDB"
"ENSG00000137038",544.581632875893,-0.217777216569395,0.113588865549838,-1.917240880215,0.0552073367580359,0.097788214147222,-0.200975453190368,0.109784631572015,"DMAC1"
"ENSG00000149639",56.4859618020927,0.49488903800326,0.258165846311122,1.91694232631709,0.0552452590466269,0.0978422223039938,0.372463783367443,0.252280568179782,"MTCL2"
"ENSG00000166974",819.080556311604,0.216761923494231,0.11309815220153,1.91658236031994,0.0552910107624814,0.0979100803898897,0.197846501867447,0.110352005588739,"MAPRE2"
"ENSG00000232629",33.8444113526345,0.742180563235362,0.387441467853511,1.91559403113756,0.0554167899125708,0.0981196148452,0.439965444435841,0.394552393339646,"HLA-DQB2"
"ENSG00000014641",2924.1581350989,-0.207704232786578,0.108432885154124,-1.91550960293413,0.0554275456655888,0.0981254627179161,-0.192040828821915,0.104971657939212,"MDH1"
"ENSG00000080345",409.906144287086,-0.313208134373135,0.163556345999454,-1.91498613189965,0.055494272232576,0.0982303829274126,-0.272671402425118,0.154926542169823,"RIF1"
"ENSG00000168827",1171.93021484687,0.309393929919763,0.16166708033999,1.91377198913408,0.0556492960523983,0.0984915488406878,0.270101605628023,0.156780447728504,"GFM1"
"ENSG00000176390",80.4941948222097,-0.311607491702059,0.162850007335246,-1.91346317265174,0.0556887837719901,0.0985349451877465,-0.270623764922437,0.1545833188864,"CRLF3"
"ENSG00000184005",43.8994182904314,-0.469423080493484,0.245323560545737,-1.91348551867266,0.0556859256496583,0.0985349451877465,-0.364132844306836,0.227714674561002,"ST6GALNAC3"
"ENSG00000123838",29779.137027356,-0.245958491315241,0.12854790933623,-1.91336049403894,0.0557019182419964,0.0985449416251175,-0.223003615332161,0.123408380561226,"C4BPA"
"ENSG00000115661",567.639559491503,0.169265100452323,0.0884684358496717,1.91328239079465,0.0557119108015677,0.0985493776183582,0.154670801522319,0.0869023556591122,"STK16"
"ENSG00000111077",1323.27970281802,0.437672512603347,0.228781168636632,1.91306179267968,0.0557401422765094,0.0985860710924937,0.346961054913312,0.223332161863038,"TNS2"
"ENSG00000124203",13.9340978276759,-0.498342521576272,0.260510524002788,-1.91294583389245,0.0557549871071482,0.0985990812965363,-0.378355630517261,0.242857268624702,"ZNF831"
"ENSG00000161888",17.7506143096461,0.567402612198331,0.296698770391767,1.91238612633656,0.0558266861595962,0.0987126175097024,0.402630083439401,0.288931810639258,"SPC24"
"ENSG00000163964",149.513206752446,-0.181479720822847,0.0949141386692122,-1.91204096004418,0.0558709405529324,0.0987643398657234,-0.166831628063855,0.092394550443936,"PIGX"
"ENSG00000171316",190.825752676043,0.219133510871118,0.114605357691004,1.91207038908199,0.0558671662637696,0.0987643398657234,0.202612451829573,0.111638412533626,"CHD7"
"ENSG00000023909",594.318594699503,-0.354867915723624,0.185608700999329,-1.91191422499588,0.0558871968145577,0.0987665548000626,-0.296674443020287,0.174262243799461,"GCLM"
"ENSG00000140988",5209.77548311842,-0.256340502695695,0.134073166503865,-1.91194486846333,0.0558832658263076,0.0987665548000626,-0.2291810573745,0.128328929686112,"RPS2"
"ENSG00000166825",8877.43468896966,0.298399740275588,0.156092404402665,1.91168648735668,0.0559164185446368,0.098791675598321,0.261622382408963,0.151436543396078,"ANPEP"
"ENSG00000168237",5681.87552862866,0.306190761521812,0.160164859038026,1.91172247995496,0.0559117993750528,0.098791675598321,0.267565821431776,0.155358139275292,"GLYCTK"
"ENSG00000197724",256.877227058542,-0.165995274769778,0.0868505959881862,-1.91127387073265,0.0559693950923408,0.0988720053382207,-0.152297205581349,0.0847839975224698,"PHF2"
"ENSG00000095787",1234.00448470915,-0.224755061683437,0.117628635309515,-1.9107172423793,0.0560409277761211,0.0989850892273155,-0.206629266048728,0.113464934691154,"WAC"
"ENSG00000088038",205.696014346528,0.432661597909372,0.226448848895889,1.91063721462452,0.0560512184539623,0.0989899855351935,0.34184236739491,0.220605506879785,"CNOT3"
"ENSG00000214013",270.512154748889,-0.210684072509769,0.110287413929672,-1.91031836728095,0.0560922342969003,0.0990491358306048,-0.194993896367153,0.106717044700134,"GANC"
"ENSG00000181991",424.781164752669,0.174161867482694,0.0911759314013858,1.91017371367425,0.0561108504685617,0.0990687216399467,0.165495109748839,0.089431763776014,"MRPS11"
"ENSG00000153885",193.625192978201,0.376410265408297,0.197096091688889,1.90978046384832,0.0561614856957686,0.0991448271212778,0.311198663077972,0.191029133215279,"KCTD15"
"ENSG00000107796",489.121784003657,-0.58118590925035,0.304361095329997,-1.90952759129813,0.0561940659044872,0.0991890429948356,-0.414802261274743,0.277253009111628,"ACTA2"
"ENSG00000095139",1821.9151310976,0.193986592486402,0.10162166336714,1.9089098333843,0.0562737242891113,0.0993163343150722,0.181599846904462,0.0994017602948762,"ARCN1"
"ENSG00000101972",821.29186053871,-0.421626345899229,0.220931804092575,-1.90840041175131,0.0563394836818834,0.0994057413770673,-0.335297468742537,0.20498817063096,"STAG2"
"ENSG00000110958",2487.82041029097,-0.368985079290426,0.193346511627839,-1.90841342925629,0.0563378025031928,0.0994057413770673,-0.304558095076304,0.180978308435412,"PTGES3"
"ENSG00000040275",49.2887707649783,0.280096940815467,0.146790209746227,1.90814456427103,0.0563725342315357,0.0994507283521906,0.248642645672066,0.141470164709187,"SPDL1"
"ENSG00000109920",633.33684169726,-0.328908486035859,0.172384731504391,-1.90799082474123,0.056392402169841,0.0994654662312228,-0.281740574959179,0.162725962039453,"FNBP4"
"ENSG00000171791",61.0411190506865,-0.3756653401901,0.196893408708237,-1.90796300726741,0.0563959976770529,0.0994654662312228,-0.311459632484829,0.184837180226413,"BCL2"
"ENSG00000163565",297.023055871897,-0.394398015072892,0.206857285035349,-1.90661892814408,0.0565699521854502,0.0997589057693058,-0.321991717225989,0.193117672154083,"IFI16"
"ENSG00000005187",2979.21180068808,-0.272564589509502,0.142970896650157,-1.90643407781414,0.056593910932252,0.0997877904558765,-0.236944617684773,0.136069493759622,"ACSM3"
"ENSG00000169105",111.002577505881,-0.199114367657938,0.104467347571874,-1.90599620154945,0.0566506984735759,0.0998745442023434,-0.185292274620837,0.101487125687559,"CHST14"
"ENSG00000047597",39.015221388664,-0.532470812728598,0.279447902580704,-1.9054385730264,0.0567230851541667,0.099948852382754,-0.394195833004895,0.257243718884021,"XK"
"ENSG00000052795",1330.48425001264,-0.476140872962736,0.249870101932706,-1.90555360277144,0.0567081466548732,0.099948852382754,-0.363988301410675,0.229990017207024,"FNIP2"
"ENSG00000100360",260.479569649715,-0.257186592044583,0.134968554567003,-1.90552972038318,0.0567112479054121,0.099948852382754,-0.23561111774854,0.12949191526635,"IFT27"
"ENSG00000166289",82.6586141852907,-0.444205215857238,0.233125041121084,-1.90543758714672,0.0567232132009675,0.099948852382754,-0.350059525744478,0.216726460579997,"PLEKHF1"
"ENSG00000164970",103.532042710506,0.369184671505548,0.193773303436268,1.90524011800714,0.0567488654922634,0.0999672950322638,0.306570022041235,0.187441540425118,"FAM219A"
"ENSG00000183696",91.5252855932124,-0.30034240672101,0.157637611916606,-1.9052712298122,0.0567448232628006,0.0999672950322638,-0.261972479042263,0.149731115526995,"UPP1"
"ENSG00000040933",200.865186120558,-0.179087224237276,0.0940007054336919,-1.90516893900976,0.0567581143892011,0.0999702119128055,-0.169047074871579,0.0915848336565975,"INPP4A"
"ENSG00000185561",63.3163599217562,0.538289555573934,0.282769057226552,1.90363670216809,0.056957515372244,0.100308005268989,0.38760205558639,0.278513090324872,"TLCD2"
"ENSG00000027847",257.938410055866,0.264225814682999,0.138843471197024,1.90304817651853,0.0570342592009044,0.100429725376369,0.238154570611408,0.13479353989715,"B4GALT7"
"ENSG00000118965",102.598065316205,-0.298203822971407,0.156724494590427,-1.90272633356205,0.0570762639388334,0.100490250203086,-0.260774979173963,0.149042206717154,"WDR35"
"ENSG00000163239",37.0567168724165,-0.68719329887748,0.361180218188698,-1.90263271428242,0.0570884873163015,0.100498331863408,-0.455359397005592,0.326943630726134,"TDRD10"
"ENSG00000185220",90.5942877906641,-0.277896435975814,0.14610672108941,-1.90200994111527,0.0571698549706718,0.10062811638287,-0.246395581026204,0.139479218103404,"PGBD2"
"ENSG00000072506",2588.82981926219,0.238279441439541,0.125300589664181,1.90166257060845,0.0572152821251166,0.100694613615731,0.217978691927779,0.121936817848537,"HSD17B10"
"ENSG00000169189",538.571750718236,-0.19505240486461,0.102573908297501,-1.90157914524314,0.0572261964933534,0.10070036127125,-0.185625945157565,0.0997020726385616,"NSMCE1"
"ENSG00000129187",981.219602655521,-0.151976161266055,0.0799483473226033,-1.90092936696751,0.0573112649249723,0.100836578110676,-0.140293269637143,0.0782244425426057,"DCTD"
"ENSG00000185527",16.124656527554,-0.514710290797865,0.27079860766292,-1.90071247130841,0.0573396841249817,0.100873100105493,-0.384986363311078,0.251111501599456,"PDE6G"
"ENSG00000178028",471.935573094414,0.302599489560834,0.159208189854928,1.90065278574278,0.0573475066049048,0.100873383027412,0.263786032728274,0.154250867300604,"DMAP1"
"ENSG00000163482",240.058545641306,0.336711764444156,0.1771806167334,1.90038713405541,0.0573823340803927,0.100921160900675,0.286645286633767,0.171543890309066,"STK36"
"ENSG00000172239",702.173029176099,-0.20882527628012,0.109898161124507,-1.9001707957928,0.0574107094582846,0.1009575799022,-0.192350896053152,0.10630580694195,"PAIP1"
"ENSG00000119509",260.777621968449,0.19865970889813,0.104565597005582,1.89985726268579,0.0574518538225311,0.101016440628665,0.185670973385229,0.102120942440882,"INVS"
"ENSG00000163539",327.855179374342,-0.272789064924402,0.143616563376856,-1.89942621178445,0.0575084598508153,0.101102467939089,-0.241414825185915,0.13700669868423,"CLASP2"
"ENSG00000050130",430.994964471821,-0.249768698427373,0.131552924147073,-1.89861760996007,0.0576147713251849,0.101275845029023,-0.225747303594503,0.126149102881977,"JKAMP"
"ENSG00000087586",40.6955966145732,0.336856718991303,0.177441165434144,1.89841358495994,0.0576416214495003,0.101309516487001,0.286716290227325,0.17077339927889,"AURKA"
"ENSG00000186522",722.503092463709,-0.308719475975284,0.162626333479127,-1.89833632334156,0.0576517919581036,0.101313867181045,-0.264047853268953,0.153669620756379,"SEPTIN10"
"ENSG00000103342",1263.22249798146,0.16530933032215,0.0870994697096606,1.89793727646329,0.0577043451538247,0.101392687614474,0.159998377852914,0.0854711926333858,"GSPT1"
"ENSG00000113595",214.89296693347,-0.405810853195774,0.213875510929025,-1.89741617183298,0.0577730329160377,0.101499833383047,-0.32844540943366,0.199238472830794,"TRIM23"
"ENSG00000072501",939.143024374476,0.240358522545393,0.126735285839682,1.89653987011511,0.0578886930930165,0.101679866262845,0.218982742250973,0.123261779490248,"SMC1A"
"ENSG00000109113",80.3518153723613,-0.343335583371763,0.181036845682261,-1.89649561158591,0.0578945397320971,0.101679866262845,-0.290718051998152,0.17072317983516,"RAB34"
"ENSG00000117399",12.3144776041966,0.691002432492024,0.364363531258176,1.89646430888936,0.0578986751764052,0.101679866262845,0.433779777249839,0.359448324147817,"CDC20"
"ENSG00000138193",21.1592492260832,0.605000360917123,0.319138506668035,1.89572974829527,0.0579957895335807,0.101836831821702,0.410532590268722,0.3137333236261,"PLCE1"
"ENSG00000143314",1039.93659066166,-0.197200693809823,0.104060823374477,-1.89505221480105,0.0580854844594772,0.101980729216359,-0.183650419236467,0.100940615744868,"MRPL24"
"ENSG00000196233",217.49943203483,-0.44496301618173,0.234856813159571,-1.89461404246937,0.0581435530356362,0.102069069235625,-0.349866036184999,0.217453480864917,"LCOR"
"ENSG00000173175",94.7445378190063,0.342652894805374,0.180915892449009,1.89399002026287,0.0582263345310776,0.102200762623139,0.293011704849932,0.174767083289779,"ADCY5"
"ENSG00000143570",1015.71639665336,0.129967110524446,0.068625168251905,1.89386946269292,0.0582423387298954,0.102215226835218,0.125731223384328,0.0677395749010675,"SLC39A1"
"ENSG00000119703",63.0938051508166,-0.257834830390842,0.1361474322387,-1.89379135655525,0.058252709387961,0.102219801652925,-0.231671159390225,0.130634888929812,"ZC2HC1C"
"ENSG00000196549",2131.38180702902,0.358124358567281,0.189155228510546,1.89328289462173,0.0583202586814035,0.102324696934883,0.29938007131672,0.183392850681371,"MME"
"ENSG00000174007",15.4644592279254,0.377931428465798,0.199626365738301,1.89319395295331,0.0583320812881823,0.10233180309663,0.311584434997362,0.190076491027499,"CEP19"
"ENSG00000175575",294.122653768186,-0.190919215172398,0.100855972779737,-1.89298868386658,0.0583593743634978,0.102366043547803,-0.177742398768431,0.0979852372535444,"PAAF1"
"ENSG00000136869",419.830214646466,0.482772189799888,0.255150827340235,1.89210513182513,0.0584769747151728,0.102558658465428,0.364791925691857,0.250009802629158,"TLR4"
"ENSG00000140400",880.962058981562,0.35035529246091,0.18517329489598,1.89204006256798,0.0584856431780987,0.102560199531546,0.294518414680353,0.179445729395176,"MAN2C1"
"ENSG00000162241",135.900090201063,0.407429335381214,0.215352073337015,1.89192204685026,0.0585013678401281,0.102574112263035,0.327061097969596,0.208955958727831,"SLC25A45"
"ENSG00000076108",678.910347973571,0.206156917873715,0.108972924539387,1.89181779552224,0.0585152614268753,0.102584811177928,0.19479501875433,0.106330775351376,"BAZ2A"
"ENSG00000137642",5569.88409120648,-0.279294589474492,0.147670913000507,-1.89133109425235,0.0585801604296843,0.102684914421145,-0.243756001108055,0.140471612406157,"SORL1"
"ENSG00000112679",337.352418617499,-0.159004659042251,0.0840949139849067,-1.89077616597348,0.0586542300630786,0.102787380941101,-0.151792680673369,0.0822995638062564,"DUSP22"
"ENSG00000167984",49.3514235760252,-0.347693337970736,0.183886282840745,-1.89080627765941,0.0586502088795931,0.102787380941101,-0.292872984473886,0.173443125832529,"NLRC3"
"ENSG00000129465",19.5923781157896,0.475789956651887,0.251676622176955,1.89048133488282,0.0586936145788777,0.102842710879093,0.361813800305987,0.242308575675639,"RIPK3"
"ENSG00000149380",15.611338399095,-0.481360926077148,0.254646982556193,-1.89030681316213,0.058716938114909,0.102869887853745,-0.367292525994743,0.237261104681588,"P4HA3"
"ENSG00000100890",64.7234617475457,0.218742335181171,0.115725064835468,1.89018978293223,0.0587325826492298,0.102883606061703,0.201883542603095,0.112307278766605,"PRORP"
"ENSG00000146223",1421.85693966929,0.142258003683617,0.0752730812234406,1.88989212838702,0.0587723885363765,0.102939639147257,0.148573257142927,0.073952065942239,"RPL7L1"
"ENSG00000110172",265.909351570537,-0.304835197549004,0.161363186402314,-1.88912480191723,0.0588751078282716,0.103105835284254,-0.263903595661505,0.152849013971304,"CHORDC1"
"ENSG00000106991",932.499014014837,0.436364784042151,0.231039483752179,1.88870221208688,0.0589317420591596,0.103191290856616,0.341914956322358,0.225126446583344,"ENG"
"ENSG00000063322",629.535834692896,0.13091230553103,0.0693184062365272,1.88856485078916,0.058950160548314,0.103209815662115,0.140324294618618,0.0681965999557026,"MED29"
"ENSG00000135679",1109.21308361862,-0.309440571092692,0.1639755948146,-1.88711357591087,0.0591450510946547,0.103537261363146,-0.267604130291278,0.15505138652361,"MDM2"
"ENSG00000164692",920.315993716373,0.513176091462912,0.272033819870038,1.88644225084983,0.0592353835407714,0.103667826624724,0.375239045906008,0.267681744123187,"COL1A2"
"ENSG00000214026",129.634686231314,-0.530309115042247,0.28111321122955,-1.8864610194688,0.0592328565099296,0.103667826624724,-0.391312088528833,0.257378708224009,"MRPL23"
"ENSG00000171150",162.823971649152,-0.384484487790382,0.20383003478784,-1.88629947588725,0.0592546098734851,0.103687691865272,-0.315038670071746,0.19035739622624,"SOCS5"
"ENSG00000110063",442.342491245425,-0.447709260389118,0.237549220974499,-1.88470102554948,0.0594702138368114,0.104051140913682,-0.34399950791531,0.218567400351655,"DCPS"
"ENSG00000143324",231.04769457611,0.330481307461947,0.175357527172527,1.8846143236087,0.0594819270512241,0.104057806478397,0.281583047729412,0.169642495240811,"XPR1"
"ENSG00000124831",962.95809066843,-0.251063793421435,0.133242115518206,-1.88426754142258,0.0595287955941186,0.104111260874991,-0.225456591561541,0.127554433775206,"LRRFIP1"
"ENSG00000152284",79.6041876374662,-0.408938832015673,0.217025236801382,-1.88429160609522,0.0595255422000153,0.104111260874991,-0.328862669854238,0.202251332127809,"TCF7L1"
"ENSG00000196683",1580.72043946173,-0.263734324545541,0.139970566820171,-1.88421273512722,0.0595362056150546,0.104111260874991,-0.235334326279672,0.133674014109515,"TOMM7"
"ENSG00000183955",195.594138107428,0.285302878505947,0.151442845260718,1.8838980343692,0.05957876917659,0.104171855906904,0.251359000464869,0.146616478754375,"KMT5A"
"ENSG00000165434",34.6291545522348,-0.492473162190277,0.261460900224157,-1.88354420017703,0.0596266557162877,0.104241740693221,-0.371917087452966,0.241316656171714,"PGM2L1"
"ENSG00000010295",235.329605136267,0.350620255070341,0.186257114948014,1.88245294773411,0.0597745426920455,0.104486408534715,0.29418971822458,0.18018388676088,"IFFO1"
"ENSG00000171811",10.3228731121449,0.809946394913166,0.430274563455267,1.88239432145138,0.0597824963535125,0.104486439265943,0.438105811853966,0.428260697085766,"CFAP46"
"ENSG00000027869",11.7516999220381,-0.530495361865473,0.281838274470979,-1.88226869775311,0.0597995423200626,0.104491883405276,-0.389940211402437,0.26072254286299,"SH2D2A"
"ENSG00000178996",347.518355866028,-0.311926829044092,0.16571980439226,-1.88225438829121,0.0598014842365755,0.104491883405276,-0.265348846393011,0.156370065040417,"SNX18"
"ENSG00000163864",69.4402178768745,-0.228616520077118,0.121471873807001,-1.88205312812044,0.0598288025068702,0.104525744931721,-0.209790543230341,0.117383530937152,"NMNAT3"
"ENSG00000204519",49.6564015054097,0.340716745802223,0.181041597560853,1.88198044202355,0.0598386711777823,0.104529115659637,0.287146202702745,0.174120695475185,"ZNF551"
"ENSG00000157869",124.273532847485,-0.207202747795069,0.110104053640775,-1.88188119277687,0.059852148536926,0.10453878848994,-0.191686099926329,0.106581231891258,"RAB28"
"ENSG00000196684",23.3331234067772,-0.540189771222722,0.28708459174549,-1.88163972137389,0.0598849491923139,0.104582204677809,-0.394353087346645,0.264096862917389,"HSH2D"
"ENSG00000135452",601.171588274863,-0.138503391202847,0.0736207842638907,-1.88130828254135,0.0599299949911603,0.104643894148414,-0.133093702931297,0.072346828960489,"TSPAN31"
"ENSG00000165731",97.7201566135507,0.74624067014777,0.396670068036331,1.88126286876635,0.0599361693584379,0.104643894148414,0.426890519099602,0.403570182213149,"RET"
"ENSG00000158445",155.798850620976,0.644002976281849,0.342426732601183,1.8807029795536,0.0600123341444305,0.104762979494242,0.413606200494008,0.343515149594385,"KCNB1"
"ENSG00000160999",10.9988406472032,0.592276000062251,0.315019398693944,1.88012548597896,0.0600909778153946,0.104886360057999,0.407383223354302,0.303357772567993,"SH2B2"
"ENSG00000078549",11.6806177005996,-1.25886197439114,0.669845694582196,-1.87933129162878,0.0601992715728276,0.105044845069179,-0.565470051185071,0.569558498909103,"ADCYAP1R1"
"ENSG00000089248",3380.51835654291,0.185457416955767,0.0986882113206114,1.87922563874692,0.0602136902428297,0.105044845069179,0.17591866114679,0.0965423120778548,"ERP29"
"ENSG00000107317",204.557764531282,0.826071121900725,0.439568965371034,1.87927535148768,0.0602069054843977,0.105044845069179,0.423404822857547,0.448933166294085,"PTGDS"
"ENSG00000147257",65.7029735036952,1.08072327539869,0.575061103043002,1.8793190318036,0.0602009445500151,0.105044845069179,0.359113206545634,0.51760507691451,"GPC3"
"ENSG00000079387",128.30123346462,0.212579301426519,0.11316578665788,1.87847677027319,0.0603159719813293,0.105209338514332,0.19667575944402,0.110151039198655,"SENP1"
"ENSG00000066336",103.960660641598,0.493918327699944,0.262954649491431,1.87834034749038,0.0603346203384691,0.105227925735367,0.366828178042014,0.25707211127427,"SPI1"
"ENSG00000074657",91.2154315498636,-0.289913599597137,0.154361173669466,-1.87815104475643,0.0603605050551276,0.105259127093485,-0.253908521751964,0.14675874386682,"ZNF532"
"ENSG00000115459",283.250782191527,0.257597262550393,0.137160714617085,1.87806882801343,0.0603717500052397,0.105264794142363,0.230884746023802,0.133082574337767,"ELMOD3"
"ENSG00000166913",1794.98157407912,-0.167286705733084,0.0890770353563174,-1.87800037421452,0.0603811138944267,0.105267180287874,-0.158401104625528,0.086959032771006,"YWHAB"
"ENSG00000079691",94.7008896953086,0.25853183199085,0.137678984707425,1.87778717674483,0.0604102851830763,0.105304093038578,0.231425020567881,0.133334438992728,"CARMIL1"
"ENSG00000116761",1516.4197428806,-0.391665348607252,0.208614977163032,-1.87745555920065,0.0604556828170109,0.105369277199995,-0.320156294436831,0.194334192565986,"CTH"
"ENSG00000078177",300.322860168913,-0.405803429083056,0.216166652594409,-1.87727118967078,0.0604809347849088,0.105399336515964,-0.326592237350083,0.200899413327764,"N4BP2"
"ENSG00000197977",1452.28127639734,0.466630297781437,0.248661371909672,1.87656930466443,0.0605771476877663,0.105553034205549,0.357833619061162,0.243016641276363,"ELOVL2"
"ENSG00000143771",313.152436116961,-0.189531599000571,0.101032738538934,-1.8759424097718,0.060663188311953,0.105688968812382,-0.177502561283118,0.0981228680384022,"CNIH4"
"ENSG00000115084",566.862806901693,-0.394830030490325,0.210616346494222,-1.87464096240581,0.0608421338769783,0.105986707412582,-0.319607144483842,0.195930644527032,"SLC35F5"
"ENSG00000129911",118.91599287947,0.369540451049419,0.197148343755446,1.8744283822532,0.060871404595229,0.106023668858419,0.304603263969883,0.190762220129597,"KLF16"
"ENSG00000067064",3923.5100624663,0.607851214672348,0.324325979994605,1.87419834415504,0.0609030922859634,0.106050801882951,0.404351187334169,0.323966540195393,"IDI1"
"ENSG00000124198",966.759079956371,0.341505528888143,0.182213928825886,1.87420100696291,0.0609027254066782,0.106050801882951,0.28866976896682,0.176372673650483,"ARFGEF2"
"ENSG00000145103",10.5670945571292,0.71088729758122,0.379377548394535,1.8738254295479,0.0609544902131229,0.106126265293041,0.430972233092751,0.372497443462996,"ILDR1"
"ENSG00000013016",539.545132724675,0.448789227832059,0.239599412564335,1.87308150311744,0.0610571311559609,0.106290914822079,0.346330050148992,0.233461372895278,"EHD3"
"ENSG00000152763",29.2661222684987,-0.316892404696885,0.169288743906457,-1.8719047550615,0.0612197816289505,0.106559974210307,-0.272346482822125,0.161318998301351,"DNAI4"
"ENSG00000109339",29.7925370769536,-0.43957628593508,0.234840528622113,-1.87180759860413,0.0612332266454461,0.10656928777448,-0.344921499800537,0.218254040865394,"MAPK10"
"ENSG00000186153",216.259819633085,-0.187040278601241,0.0999555202203398,-1.87123510726505,0.0613125006450757,0.106693151400088,-0.168445631144748,0.0970102865002932,"WWOX"
"ENSG00000186231",13.7747882928302,-0.380039935920003,0.203154485528084,-1.87069428928492,0.0613874668190543,0.10680948700141,-0.312020292980133,0.191775777238223,"KLHL32"
"ENSG00000119782",14.3045978644287,-0.672362427797761,0.359573929710899,-1.86988647463499,0.0614995844164732,0.106990423946523,-0.442499003095782,0.326203489040513,"FKBP1B"
"ENSG00000138593",635.257668831429,-0.321201308589319,0.171885741321879,-1.86869082984508,0.0616658405637943,0.107265485118631,-0.270012419742505,0.161656673222172,"SECISBP2L"
"ENSG00000180008",141.469672609492,-0.385700394198781,0.2064194261498,-1.86852759642338,0.0616885672460915,0.107290842319953,-0.314490329606837,0.192464026060239,"SOCS4"
"ENSG00000151023",13.4383022444062,0.493493983257809,0.264133979694939,1.86834720707941,0.0617136905793349,0.107320360608575,0.368529633866701,0.25186577457966,"ENKUR"
"ENSG00000036448",120.953308757797,-0.423021065537267,0.226445938962384,-1.86808854897387,0.0617497294021247,0.10736885067464,-0.33416726246788,0.209754334816191,"MYOM2"
"ENSG00000196422",228.782032682186,0.272207446891952,0.145720708205137,1.86800798764137,0.0617609575661893,0.107374193492202,0.241798495142518,0.141135071215551,"PPP1R26"
"ENSG00000133687",134.962804829487,-0.511019288466591,0.273611274904998,-1.86768359105093,0.0618061871564162,0.107438640097884,-0.380122415260078,0.250423298228239,"TMTC1"
"ENSG00000110066",571.059427019148,-0.17894976523747,0.0958334449363437,-1.86729972356035,0.0618597439971762,0.107517543163937,-0.167981922305316,0.0932575903754019,"KMT5B"
"ENSG00000167680",25.0815167648266,0.531058483428796,0.284520784625637,1.86650154268183,0.061971228429744,0.107697095235746,0.381542294554207,0.275894963999728,"SEMA6B"
"ENSG00000253368",32.4097881723338,-0.523290139286162,0.280373868059515,-1.86640125525209,0.06198524764065,0.107707241710017,-0.385010983134491,0.257322495258102,"TRNP1"
"ENSG00000130300",81.5870864386486,0.629448552306611,0.337314232894896,1.8660598662101,0.0620329901947207,0.107775976366283,0.407309120739764,0.336196985435242,"PLVAP"
"ENSG00000079257",37.2830619987824,-0.527319107077761,0.282716334100609,-1.86518797633428,0.0621550603038712,0.107973812371127,-0.386667987217753,0.259002484167678,"LXN"
"ENSG00000117899",763.582507027363,-0.136087316325197,0.0729674021281807,-1.86504264035787,0.0621754275745434,0.107974972371943,-0.132816213091213,0.0717374992818314,"MESD"
"ENSG00000124713",2784.23841790043,-0.532712860460167,0.285635750064055,-1.86500765517168,0.062180331195813,0.107974972371943,-0.370711808769387,0.256588429330048,"GNMT"
"ENSG00000166165",74.0518443455002,0.539807317607529,0.289428108613188,1.86508255951382,0.062169832785121,0.107974972371943,0.382449053786805,0.284088791083735,"CKB"
"ENSG00000163159",212.686086278084,0.171853771360291,0.0921511030774501,1.8649127967123,0.0621936284319648,0.107983820642918,0.161638858316592,0.0902966319695978,"VPS72"
"ENSG00000128298",15.1244545031812,0.778638362837262,0.417579871558883,1.86464534301066,0.0622311326961608,0.10803469054294,0.429440697473759,0.416037459334917,"BAIAP2L2"
"ENSG00000147416",1109.67944020544,0.141131022655191,0.0757091465126154,1.86412116839376,0.0623046904659331,0.10814812850026,0.139809171616635,0.0744758118828218,"ATP6V1B2"
"ENSG00000176624",183.852509655855,-0.288476164842419,0.154758873486211,-1.86403634469544,0.0623166005900908,0.108154543022559,-0.25008948677776,0.146733485081969,"MEX3C"
"ENSG00000129562",1174.02565399007,-0.183216237320152,0.0983183827420372,-1.86349929901579,0.0623920510730016,0.108242686049168,-0.173292744132003,0.0956293338184011,"DAD1"
"ENSG00000172331",186.385785398179,-0.161621701921913,0.0867299571115091,-1.86350492153611,0.0623912607640965,0.108242686049168,-0.154873350205723,0.0848000920700605,"BPGM"
"ENSG00000214253",1692.80247518577,0.219909039790161,0.118005266119217,1.86355276355204,0.0623845363619468,0.108242686049168,0.202299596102997,0.114929954937949,"FIS1"
"ENSG00000186907",173.683163414971,0.441170223048509,0.236755126607237,1.86340304165993,0.0624055824188803,0.108251896986427,0.34145928596937,0.230203298750532,"RTN4RL2"
"ENSG00000119737",24.6042185170441,0.526869112427683,0.282792029329633,1.86309746309555,0.0624485551097369,0.108312169223396,0.378458866397162,0.274689882449927,"GPR75"
"ENSG00000124243",12.8239244261203,-0.441418403809995,0.236936215577251,-1.8630263116787,0.0624585644540467,0.108315260748417,-0.344584564565429,0.22152682829123,"BCAS4"
"ENSG00000073921",2097.37177066865,-0.245149870664619,0.131592222775877,-1.86295105814991,0.0624691523136544,0.108319354584693,-0.220475330625175,0.126039350583877,"PICALM"
"ENSG00000083290",169.280341809815,-0.216430099249902,0.116188117101428,-1.86275588803084,0.062496618858249,0.108352710546182,-0.198692214032298,0.112126660090095,"ULK2"
"ENSG00000137161",677.335069939279,-0.294663735540111,0.15821111123416,-1.86247181529491,0.0625366146320379,0.108407777254169,-0.257958511106489,0.149953484474868,"CNPY3"
"ENSG00000162616",240.023507415102,-0.385353943623643,0.20692930263186,-1.86224927413596,0.0625679619064202,0.108447839186404,-0.311054396576283,0.192421365009684,"DNAJB4"
"ENSG00000000003",2211.5477364786,-0.223352444101899,0.119960434246543,-1.86188425796179,0.0626194064295284,0.108522720159428,-0.20461338773584,0.115521349898148,"TSPAN6"
"ENSG00000169251",1360.89221218403,-0.319391477185602,0.171548230751345,-1.86181737804427,0.0626288361188374,0.108524777091421,-0.269700089048986,0.161353547939738,"NMD3"
"ENSG00000141504",3022.84738049363,-0.329694718310209,0.177125436680856,-1.86136291031,0.0626929445992889,0.108621569758421,-0.273597360603136,0.165984542093113,"SAT2"
"ENSG00000150782",70.3477190397592,-0.45552565834124,0.244790392929119,-1.86088045731902,0.062761060126847,0.108725278635535,-0.352100397404513,0.225876759157337,"IL18"
"ENSG00000139116",664.388704694426,-0.243385173668123,0.130821107532081,-1.86044269353429,0.0628229191130466,0.108818123015705,-0.219844628043718,0.125381423950142,"KIF21A"
"ENSG00000164512",44.5251895497712,-0.403366882492327,0.216905164500071,-1.85964628100035,0.0629355868690421,0.108998939320943,-0.324262518033966,0.202270060032749,"ANKRD55"
"ENSG00000213445",295.20636421445,0.379313668412728,0.204063512707361,1.85880201404102,0.0630552068930204,0.109191747198936,0.309235408011619,0.197479341125061,"SIPA1"
"ENSG00000115020",483.461812166788,-0.28365045892204,0.152604449708373,-1.8587299352286,0.0630654280860306,0.109195084979048,-0.248147968934694,0.144877489284522,"PIKFYVE"
"ENSG00000188295",21.6100911731163,0.40973001456214,0.220466469125406,1.85846861968419,0.0631024956268738,0.109244899069483,0.326330774583662,0.210967472601735,"ZNF669"
"ENSG00000119541",526.656711772492,-0.30964303434247,0.166617504912436,-1.85840638116145,0.0631113267996319,0.10924582285616,-0.266803679906867,0.15737464333509,"VPS4B"
"ENSG00000051341",12.024942996632,0.617178745903714,0.332355755934253,1.85698226940233,0.0633136766886401,0.109567280137045,0.410940385786583,0.320668922537995,"POLQ"
"ENSG00000141664",511.87773064083,-0.157856914677166,0.0850072147657366,-1.85698255274201,0.0633136363760725,0.109567280137045,-0.150375473611776,0.0831591344816273,"ZCCHC2"
"ENSG00000134313",677.075556131687,0.257339941141169,0.138610260857735,1.85657208599654,0.0633720583785399,0.109653899410153,0.230578311414125,0.13441622806626,"KIDINS220"
"ENSG00000198888",177234.226231666,-0.611930601872441,0.329666374428262,-1.85621176237251,0.0634233801858575,0.109728281672405,-0.418630598540537,0.296486491358537,"MT-ND1"
"ENSG00000222011",125.383793697491,-0.189330458761875,0.102105478882461,-1.85426346200112,0.0637014767487208,0.110194934026233,-0.176760522170006,0.0991988446190352,"FAM185A"
"ENSG00000196730",1394.31990387109,-0.211291303621247,0.113958892488339,-1.85410106230075,0.0637247027710488,0.110220630147613,-0.192247311962835,0.109894737672739,"DAPK1"
"ENSG00000166889",797.775676175841,0.144139485172588,0.0777466565207258,1.85396377957634,0.0637443420781332,0.110240116616406,0.1387202638327,0.0765128923470612,"PATL1"
"ENSG00000172932",105.451139498554,0.468496795234644,0.252716067669808,1.85384649086409,0.0637611250542269,0.11025465884738,0.353385060129798,0.245726659556041,"ANKRD13D"
"ENSG00000142182",57.7173881095578,0.453161735452761,0.244514510503357,1.85331224114219,0.0638376176399084,0.110372397697344,0.348546083616507,0.237005863412509,"DNMT3L"
"ENSG00000203805",14.6628864431871,0.606313783842941,0.327161753621939,1.85325386335832,0.0638459806215232,0.110372397697344,0.403708683018998,0.317743099723991,"PLPP4"
"ENSG00000172348",59.5956627026738,-0.594303094536904,0.320777876104392,-1.85269352660561,0.0639262983897204,0.110496736851655,-0.410298573332705,0.289593583034309,"RCAN2"
"ENSG00000115317",309.457394977066,-0.210859693488908,0.113823499937967,-1.85251458269887,0.0639519654930401,0.110507944943732,-0.193974266102304,0.109918365241085,"HTRA2"
"ENSG00000141279",692.452357460678,-0.144230233835631,0.0778582203795178,-1.85247277850155,0.0639579629706241,0.110507944943732,-0.138426670246038,0.07638034067244,"NPEPPS"
"ENSG00000164967",393.378882191288,0.251740556019559,0.135891712726244,1.85250852291996,0.0639528348360065,0.110507944943732,0.226358638868047,0.131850334082049,"RPP25L"
"ENSG00000138771",617.402592651979,0.201496630444542,0.108805265171476,1.85190146935432,0.0640399729210233,0.110635124455871,0.189941320156358,0.106138770530263,"SHROOM3"
"ENSG00000010219",138.92779371853,-0.207422885530002,0.112047044435186,-1.85121246683117,0.0641389929383978,0.110791653244154,-0.191890384733372,0.108368968101526,"DYRK4"
"ENSG00000092200",18.1150471309275,-0.489083447929532,0.264230376724226,-1.8509735859779,0.0641733532052235,0.110836464423452,-0.367466400318681,0.243773218383195,"RPGRIP1"
"ENSG00000178852",22.908691019142,-0.467677533938786,0.252677653598849,-1.85088600941843,0.0641859538938618,0.110843686905376,-0.356769206664982,0.233968354021102,"EFCAB13"
"ENSG00000169764",14488.2209342911,0.34071361694222,0.184091264118027,1.85078644863766,0.064200281377059,0.110853889129227,0.288738984895601,0.178038129756638,"UGP2"
"ENSG00000101945",136.070140954669,0.203496082859053,0.10996301859247,1.85058654685738,0.0642290565953937,0.110865135070077,0.185668088600712,0.107234490973435,"SUV39H1"
"ENSG00000133619",24.0518416112498,0.468876744178304,0.253369410614888,1.85056571367638,0.0642320560773622,0.110865135070077,0.353757823071386,0.243889621631516,"KRABD3"
"ENSG00000152223",433.674528812777,0.230176349203696,0.124374632616443,1.85066958077805,0.0642171028369888,0.110865135070077,0.21025373730364,0.120872546796272,"EPG5"
"ENSG00000143502",56.0342756816889,-0.809920421707277,0.437867944382348,-1.84969105890988,0.0643580899192926,0.111053553326003,-0.479573479712841,0.38559408498903,"SUSD4"
"ENSG00000198825",71.7537990692731,-0.221508764844437,0.11975117644099,-1.84974186832803,0.0643507629286084,0.111053553326003,-0.203769297842237,0.115711909325839,"INPP5F"
"ENSG00000159199",1093.52354604246,-0.250495636703729,0.135470372945651,-1.84908058682487,0.0644461771244707,0.111190979952926,-0.224930685120253,0.129565293584829,"ATP5MC1"
"ENSG00000182983",107.247013594339,-0.295108229588226,0.15960784063345,-1.84895822421381,0.0644638452310502,0.111206890240043,-0.256409296475956,0.151260822984758,"ZNF662"
"ENSG00000166887",691.958140180178,0.196084145838005,0.106064356720288,1.84872799780531,0.064497098778036,0.111249679354333,0.184490405226195,0.103504921179786,"VPS39"
"ENSG00000062725",351.291797412931,-0.268715759603965,0.145371565480807,-1.84847537904133,0.064533602931334,0.111277304296484,-0.236481317191107,0.138377038077473,"APPBP2"
"ENSG00000120341",65.4500899569221,-0.386503437939779,0.209085789319393,-1.84853996628804,0.0645242682623956,0.111277304296484,-0.313672335904937,0.194951297376109,"SEC16B"
"ENSG00000198408",1932.69259009809,-0.180222780762719,0.0974998454686351,-1.84844170671732,0.0645384699687038,0.111277304296484,-0.168667255212019,0.0948074442025983,"OGA"
"ENSG00000056277",30.023822303717,-0.320603347116286,0.173455587197728,-1.84833104713323,0.0645544669690838,0.111290311917632,-0.274238460165909,0.164463573377545,"ZNF280C"
"ENSG00000125901",483.005666408171,-0.249512272229358,0.135004614084848,-1.8481758858445,0.0645769026672826,0.111299842979113,-0.217973140933723,0.128773640331306,"MRPS26"
"ENSG00000143185",15.6144488611345,-0.566041112973633,0.306270039018043,-1.84817657903615,0.0645768024202506,0.111299842979113,-0.399561755276134,0.280313476519804,"XCL2"
"ENSG00000150967",20.5397306405552,0.427022474249119,0.231169144231931,1.84722954989481,0.0647138783899268,0.111521324984526,0.333707394738852,0.221642460965202,"ABCB9"
"ENSG00000153904",2175.06471712573,-0.377940330137977,0.204689099666965,-1.84641161035393,0.0648324626792408,0.11171105923765,-0.303392655114443,0.189916028129326,"DDAH1"
"ENSG00000152404",141.649610255008,-0.185069089644637,0.10025461534058,-1.84599072088532,0.0648935527623743,0.111801690090215,-0.173330710677884,0.0974905132461376,"CWF19L2"
"ENSG00000021762",35.0861304702346,0.397080928751076,0.215183103102115,1.84531649105665,0.0649915129474325,0.111926521839882,0.318454172732124,0.206446601135407,"OSBPL5"
"ENSG00000155096",1327.20906221021,-0.329116057719745,0.178343309071374,-1.84540737431327,0.0649783012301926,0.111926521839882,-0.279473516543297,0.167600268068219,"AZIN1"
"ENSG00000178295",527.243143386301,-0.415676864693202,0.225256210653722,-1.84535140446008,0.0649864373168695,0.111926521839882,-0.325988471471634,0.20777389460809,"GEN1"
"ENSG00000153201",1220.20875779821,0.239410325603979,0.129848413903989,1.84376780898534,0.0652169859856793,0.112300135690224,0.224302309667063,0.12594743246424,"RANBP2"
"ENSG00000145012",955.384871451046,-0.20737709719896,0.112502902991698,-1.84330440979166,0.0652845776622272,0.112401824179532,-0.198526033123391,0.108919639210595,"LPP"
"ENSG00000135111",937.630140865483,-0.323101762432324,0.175321299557295,-1.84291220318462,0.0653418302766255,0.112485687424431,-0.270547260571401,0.164531816119963,"TBX3"
"ENSG00000144810",20.4575079156483,-0.63786956203428,0.346216705497666,-1.84239972221265,0.0654167024090533,0.112599856702523,-0.426508680288275,0.312773588989454,"COL8A1"
"ENSG00000177675",69.0828886143063,0.535235625810029,0.290640879040743,1.84157035161939,0.0655380211578579,0.11279393288423,0.377254493005458,0.284230912518514,"CD163L1"
"ENSG00000005889",478.183218385714,-0.304207602548565,0.165213128344496,-1.84130405129938,0.0655770143810001,0.112825629528336,-0.262060572256783,0.1560075525347,"ZFX"
"ENSG00000066697",102.615225079552,-0.170742946058298,0.0927259315421334,-1.8413721298741,0.0655670441055196,0.112825629528336,-0.161961124609908,0.0905327335445573,"MSANTD3"
"ENSG00000147457",408.812231093344,0.127780770453991,0.0693982083610101,1.84126901071098,0.0655821466489715,0.112825629528336,0.125291167098993,0.0684682384235453,"CHMP7"
"ENSG00000171236",6258.13396977285,-0.36185667319619,0.19656175842725,-1.84093119684885,0.0656316420077278,0.112896028047262,-0.291004095839719,0.182840680616749,"LRG1"
"ENSG00000127314",529.94198528857,-0.338951216609829,0.184160692379589,-1.84051880034849,0.0656921067044888,0.112985274574957,-0.283612276438929,0.172538227194797,"RAP1B"
"ENSG00000141505",7607.46862590497,0.300868440869926,0.163492927989667,1.84025354839165,0.0657310216419661,0.113037438732775,0.270336381198529,0.15802617236664,"ASGR1"
"ENSG00000189134",12.4015343267498,-0.467187260181648,0.253906961338383,-1.83999390059663,0.0657691327988735,0.113088207186884,-0.354694744609215,0.236603388508937,"NKAPL"
"ENSG00000132912",771.740101769504,-0.265536767829797,0.144332347319638,-1.83975922765075,0.0658035938106769,0.113132686877954,-0.233635535489084,0.137353163495947,"DCTN4"
"ENSG00000156535",52.1908328666998,0.601100583892819,0.326823160142661,1.83922272714832,0.0658824331929089,0.113253442409954,0.395744660565683,0.322079184551041,"CD109"
"ENSG00000005020",198.117044573522,-0.322272817244683,0.175263292572468,-1.83879243916081,0.0659457207628982,0.113339118436972,-0.273542100456243,0.164935231340209,"SKAP2"
"ENSG00000077514",147.744236332276,0.187967675493431,0.102224856998907,1.83876682258837,0.065949490076382,0.113339118436972,0.174711961037453,0.0997374477794742,"POLD3"
"ENSG00000118496",131.293209585388,-0.346416404064174,0.188421139164151,-1.83852197052253,0.0659855274393361,0.113386250883098,-0.287833213467303,0.176395935426005,"FBXO30"
"ENSG00000161692",29.5929861104307,0.481723596415382,0.2620790282543,1.83808525094177,0.0660498441755819,0.113481958556141,0.358170790826084,0.252365764221895,"DBF4B"
"ENSG00000168818",396.768265058692,0.239514350582991,0.130318858313526,1.83791013582055,0.0660756483036864,0.11351148037139,0.218434150487102,0.126436843480304,"STX18"
"ENSG00000168884",215.629928228158,0.248633320013552,0.135315036897433,1.83744043318713,0.066144902465606,0.113615627640205,0.223653909917364,0.131186854757197,"TNIP2"
"ENSG00000132703",21842.7419176072,-0.239808974688553,0.130522734588184,-1.83729658626277,0.0661661235840319,0.113637253209935,-0.216627381868591,0.125045278216903,"APCS"
"ENSG00000142765",18.7111380254302,0.641475345495931,0.349153916645763,1.83722798145422,0.0661762465320308,0.113639815030745,0.405971039937513,0.341636971628166,"SYTL1"
"ENSG00000179085",253.708482018339,0.446435966481131,0.243240333409704,1.83536981808511,0.0664509125849893,0.114096598212568,0.342050288983767,0.236224117428677,"DPM3"
"ENSG00000103351",117.910647987277,-0.152931305978609,0.0833613443747061,-1.83455901684105,0.0665710557957785,0.114287980259124,-0.147010241189869,0.0817193471534063,"CLUAP1"
"ENSG00000135047",3689.63343410664,-0.241329351448107,0.131588207678975,-1.83397399892291,0.066657853862286,0.114422073526839,-0.212806005585985,0.125676711534193,"CTSL"
"ENSG00000108352",207.126833571107,0.508125696967538,0.277096806552788,1.83374793556395,0.0666914194356073,0.114449847274401,0.366125059775025,0.270773734044458,"RAPGEFL1"
"ENSG00000138069",1709.4922880443,-0.243482669063407,0.132778091765461,-1.8337563511117,0.066690169657397,0.114449847274401,-0.219279949326995,0.127078505463569,"RAB1A"
"ENSG00000122203",1625.59963353123,-0.17262129132474,0.0941437702747187,-1.83359228997329,0.06671453756603,0.11447459945189,-0.162258266210802,0.0916689161366653,"KIAA1191"
"ENSG00000165841",56.4363508474002,-0.969342652207797,0.52874632000121,-1.83328491478783,0.0667602115659376,0.114538043455451,-0.506131596085233,0.452789303438773,"CYP2C19"
"ENSG00000138674",2553.14832833643,0.214910165299667,0.117266280526746,1.83266804689563,0.0668519519048068,0.114680494954878,0.196440110143702,0.114109064792994,"SEC31A"
"ENSG00000145901",1577.79436421407,0.229810829296106,0.125429671836727,1.83218871524476,0.0669233095524899,0.114787948614914,0.206705342636915,0.121890548422807,"TNIP1"
"ENSG00000164180",259.405996363943,-0.343572632546931,0.187562905684332,-1.83177281932901,0.0669852743799423,0.114879265661889,-0.287509163458374,0.17567259949664,"TMEM161B"
"ENSG00000183779",29.0318290573484,0.439715179788344,0.240117590168087,1.83124934529176,0.067063334530185,0.114998158690338,0.338308591173727,0.230706543132336,"ZNF703"
"ENSG00000119922",560.78247317444,0.304546257256519,0.166348893015431,1.83076816284114,0.0671351542189114,0.115106321193669,0.261880131360267,0.160643029289764,"IFIT2"
"ENSG00000100372",467.242226546863,-0.152352980036254,0.0832216025994124,-1.83069029287511,0.0671467827799276,0.115111268500069,-0.144381648294959,0.081429529892525,"SLC25A17"
"ENSG00000161642",85.3080262676395,0.442754353388337,0.241896171678528,1.83034874142921,0.0671978072907667,0.115183743105095,0.339305505602873,0.23396593902374,"ZNF385A"
"ENSG00000174567",947.096042902839,-0.241123373346191,0.131746143217675,-1.8302120081633,0.0672182428725768,0.115203773191922,-0.218688188068782,0.126210340766328,"GOLT1A"
"ENSG00000089091",19.3993120003819,-0.335955625883554,0.183622759078153,-1.82959687334055,0.067310241625429,0.115346432544631,-0.282556393551403,0.173455815136342,"DZANK1"
"ENSG00000175707",53.5549430420403,-0.33210319592528,0.181545462514735,-1.82931146460532,0.067352962159177,0.115404619961963,-0.280134764509786,0.171132975003458,"KDF1"
"ENSG00000148935",447.928239057673,-0.288786098239135,0.157915102209566,-1.82874274973329,0.067438155034254,0.115535556171892,-0.250368519447779,0.149444087531367,"GAS2"
"ENSG00000006757",516.608088924353,-0.27474596178131,0.150259210664013,-1.82848000177278,0.0674775443308725,0.115579009939446,-0.241364527645466,0.142712078177921,"PNPLA4"
"ENSG00000103024",162.962264659424,0.563231802683033,0.308036761380101,1.82845644837836,0.067481076211797,0.115579009939446,0.383422209023546,0.302985610411259,"NME3"
"ENSG00000115648",455.92988028478,0.325463212845817,0.178007299182532,1.82837004066941,0.0674940345317279,0.115586167877826,0.276655228994743,0.171855874506369,"MLPH"
"ENSG00000106927",160766.93997183,0.205250756454321,0.112280003669043,1.82802591509811,0.0675456623870866,0.115659538430015,0.190265956202579,0.10943546556732,"AMBP"
"ENSG00000130813",1636.3912735913,-0.297705525398768,0.162887422162721,-1.82767657223629,0.0675981062031747,0.1157342869013,-0.252748417597485,0.153501531857691,"SHFL"
"ENSG00000117500",2098.25919779034,-0.339655176009606,0.185869183853274,-1.82738832208857,0.0676414039199983,0.115793358992419,-0.282712852014187,0.173836647438216,"TMED5"
"ENSG00000122122",89.4332600471908,0.38571598307243,0.211156561995073,1.82668243614153,0.0677475305744291,0.115959956778853,0.310703971596273,0.203392423808004,"SASH3"
"ENSG00000008018",2372.44852682288,-0.160283027592152,0.0877826188670248,-1.82590847323606,0.0678640496628194,0.116144297135146,-0.152089635653927,0.0857280759563033,"PSMB1"
"ENSG00000122707",110.948606908017,-0.37343479241143,0.204537132606483,-1.82575548827066,0.0678871008457846,0.116156594963853,-0.304922350630143,0.190488646809448,"RECK"
"ENSG00000148158",308.381054303248,0.27136317918638,0.148634464081886,1.82570832991251,0.0678942077831902,0.116156594963853,0.235587370023286,0.143737290435044,"SNX30"
"ENSG00000149554",24.6965780307493,0.530734330939653,0.290704196060341,1.82568514019485,0.0678977027830636,0.116156594963853,0.374451648126852,0.281134923397719,"CHEK1"
"ENSG00000006118",9.81565952432073,0.725040529512998,0.397343883920823,1.82471798070377,0.0680435984543188,0.11639106369359,0.419451956685263,0.385121955466021,"TMEM132A"
"ENSG00000244462",379.977560412992,-0.240031172072821,0.131637440500603,-1.82342630759158,0.0682388488585027,0.116709883615361,-0.216922513500467,0.126063019020003,"RBM12"
"ENSG00000184939",188.136525807322,-0.152378925986224,0.0835834081605411,-1.82307624610791,0.0682918437147368,0.116785350610238,-0.145013314563736,0.0818221291151075,"ZFP90"
"ENSG00000083307",15.0212527164111,0.743065865512414,0.407859790101447,1.82186595380631,0.068475327355971,0.117068713150073,0.41355770816022,0.400108041647913,"GRHL2"
"ENSG00000165219",434.507675486926,-0.138981092460892,0.0762826761664809,-1.82192208565909,0.0684668086608428,0.117068713150073,-0.132818000420266,0.0748630967500019,"GAPVD1"
"ENSG00000101849",856.365575722602,0.176495133368885,0.0969459885861486,1.82055117434845,0.0686751105433024,0.117395027968465,0.166789229653642,0.0948596417318152,"TBL1X"
"ENSG00000068323",382.16108942434,0.241798773119392,0.132843178025135,1.82018208773687,0.0687312799734305,0.117475792824898,0.218155571139203,0.128820845723954,"TFE3"
"ENSG00000138356",28066.5909849375,-0.318531647282474,0.175064499200976,-1.81951023043682,0.0688336234564221,0.117631541248884,-0.270824614510719,0.164522826579465,"AOX1"
"ENSG00000158571",833.453093194526,0.282857798990211,0.155461934448609,1.81946661086811,0.0688402723167743,0.117631541248884,0.24822379509461,0.150299756209008,"PFKFB1"
"ENSG00000112186",80.2591375223195,0.376700080711092,0.207086391506078,1.81904797302934,0.0689041114462242,0.117725347949778,0.305050759733409,0.199398550849265,"CAP2"
"ENSG00000083097",448.154061051391,-0.241803597226548,0.132978648154813,-1.81836408011188,0.069008504614854,0.117888409466611,-0.210831022363282,0.126832314086538,"DOP1A"
"ENSG00000136404",21.8660801482823,-0.489453773186303,0.269197208890866,-1.81819780079789,0.0690339060290519,0.117916503214647,-0.364154685793837,0.246854893128094,"TM6SF1"
"ENSG00000125826",833.883696144227,0.349709332052442,0.192353908230498,1.81805160742243,0.0690562453894836,0.117939360072375,0.291832713045884,0.185647988729943,"RBCK1"
"ENSG00000115808",274.401510172107,-0.334112066830601,0.183803088947911,-1.81777177273275,0.0690990226315267,0.117997111798532,-0.280360805441578,0.172234045951702,"STRN"
"ENSG00000169246",11.293654772006,0.878312358206553,0.483294226678723,1.81734502446358,0.0691642998894227,0.11809326576892,0.40773690304058,0.464991593765736,"NPIPB3"
"ENSG00000134215",63.2389268208328,-0.318632891642013,0.17534568028119,-1.81716989623607,0.0691911029141999,0.11812371122515,-0.270905526995643,0.165142859677205,"VAV3"
"ENSG00000112062",1113.68759133469,0.133372290049875,0.073403465345876,1.81697538966896,0.0692208817544519,0.118147285895217,0.128838885293343,0.0723273087033224,"MAPK14"
"ENSG00000129535",35.5272593973468,-0.244258944245315,0.13443931024846,-1.81687144774765,0.0692367995163765,0.118147285895217,-0.219634680760575,0.129554663217572,"NRL"
"ENSG00000157020",1221.69357095922,0.178698091196074,0.0983562511358006,1.81684528570884,0.0692408064687448,0.118147285895217,0.168525163753874,0.0961972917626008,"SEC13"
"ENSG00000169118",111.316276297597,0.178047184192783,0.0979970981131784,1.81686180122552,0.0692382769461393,0.118147285895217,0.167444985623931,0.0957084120969364,"CSNK1G1"
"ENSG00000169919",2147.05051927688,0.157270699771041,0.0865979424863166,1.81610203724981,0.0693547212695314,0.118326326323008,0.151007194683103,0.0849711302976208,"GUSB"
"ENSG00000006453",656.483058325255,0.221185141135341,0.121797007065943,1.81601458413167,0.0693681349834609,0.118333877324727,0.202489309880752,0.118412492606856,"BAIAP2L1"
"ENSG00000163814",22.8202792099676,0.519923213196678,0.286350826657541,1.81568609130812,0.0694185388265922,0.118404519003875,0.369575801304641,0.275849241922389,"CDCP1"
"ENSG00000052723",404.692032473214,-0.22685374908782,0.124973194721513,-1.81521925236316,0.0694902221973715,0.118491621101128,-0.211770676988292,0.120266133015076,"SIKE1"
"ENSG00000121361",1037.221982199,-0.248423361401228,0.136858975684212,-1.81517770507387,0.0694966047503351,0.118491621101128,-0.222650151511185,0.1307377142142,"KCNJ8"
"ENSG00000248485",36.9722361499495,0.515890326755105,0.284197338982198,1.81525389577071,0.0694849005964302,0.118491621101128,0.366662494622589,0.275642949684155,"PCP4L1"
"ENSG00000101680",12.1226423716305,0.85478554937619,0.471109642390991,1.81440894531038,0.0696147895876415,0.118667699856377,0.403528721183489,0.454386999860781,"LAMA1"
"ENSG00000183576",822.37882047302,-0.100757872682476,0.0555338054756914,-1.81435202971243,0.0696235460309175,0.118667699856377,-0.0965653358730173,0.0549505801328556,"SETD3"
"ENSG00000184983",1194.60073978538,-0.172390299072624,0.0950159492806327,-1.81433012434012,0.0696269164051732,0.118667699856377,-0.156054114054175,0.0922929087865838,"NDUFA6"
"ENSG00000188536",240.68997835132,0.876926730376565,0.483489644903168,1.81374459540326,0.069717055909007,0.118805948498316,0.38672225062378,0.469215777281282,"HBA2"
"ENSG00000120832",359.837291875929,-0.338284017422845,0.186553983230486,-1.81333044497312,0.0697808703020264,0.118899306120937,-0.280477388115829,0.174327256422604,"MTERF2"
"ENSG00000153086",2089.6074442515,0.225459144208655,0.124355405663965,1.81302246576955,0.0698283563759284,0.118949429427542,0.202679856824318,0.120768062999378,"ACMSD"
"ENSG00000177054",38.5112755685812,-0.398312986445129,0.219693718277434,-1.81303766702209,0.0698260119338233,0.118949429427542,-0.318095366041739,0.203963952569289,"ZDHHC13"
"ENSG00000152082",345.230036681395,0.521279271492406,0.287540452413289,1.81289021115943,0.0698487563215592,0.118953398749146,0.36767090284481,0.28100428714495,"MZT2B"
"ENSG00000158089",19.5136916335745,-0.443960842720178,0.244884298786122,-1.81294123355751,0.0698408856636674,0.118953398749146,-0.341746209252609,0.226646112494806,"GALNT14"
"ENSG00000144668",562.042554861494,0.305261022042997,0.168481410283148,1.81183800355172,0.0700112310778008,0.119214675164295,0.264893764999062,0.162579990364224,"ITGA9"
"ENSG00000105971",528.747572160148,-0.321535079560543,0.177532202219678,-1.81113665881684,0.0701197001475175,0.119383935360431,-0.274270115702395,0.166742051849231,"CAV2"
"ENSG00000141698",438.905987671241,-0.229931063736413,0.126971637112662,-1.8108852415,0.0701586175882483,0.119434750344825,-0.20746213102161,0.121792773410567,"NT5C3B"
"ENSG00000136682",171.606684900031,0.167680027114926,0.0926336133429946,1.81014235614513,0.0702737140211976,0.119615218979068,0.15876290987396,0.0906650709394305,"ZNG1B"
"ENSG00000114771",7880.42026558012,-0.312429057020376,0.172631828178877,-1.80979985160468,0.0703268309599431,0.119690157241289,-0.260337458992626,0.161786420859888,"AADAC"
"ENSG00000162614",33.9978657222567,-0.505785061975304,0.279521051757427,-1.80947037368131,0.0703779587603471,0.119761691228994,-0.370362684041622,0.254617457569373,"NEXN"
"ENSG00000139266",77.50147756384,-0.341951439341009,0.189009159536761,-1.80917919628388,0.0704231685324848,0.119823137360907,-0.285360430596154,0.177011641560574,"MARCHF9"
"ENSG00000048405",181.708368501105,-0.265122399831505,0.146550676192861,-1.80908342915186,0.0704380430591699,0.119832959673993,-0.233537471499617,0.139386418907396,"ZNF800"
"ENSG00000100842",12.9158432987328,-0.556101551125328,0.307419370766037,-1.80893464761058,0.0704611568827775,0.119856794769851,-0.388904605119107,0.280442749811505,"EFS"
"ENSG00000118217",1032.18578172778,0.265615176558422,0.146910622837129,1.80800524447367,0.0706056843462395,0.120087125707608,0.23429646755026,0.142022829517822,"ATF6"
"ENSG00000072778",10720.7556822227,0.272749099426102,0.150870434803391,1.80783663665806,0.0706319298578144,0.120100734664598,0.240272763652346,0.145915061000714,"ACADVL"
"ENSG00000168434",224.937226986071,0.161711681174173,0.0894497688397459,1.80784906737868,0.0706299946172599,0.120100734664598,0.153663775223355,0.0875796728979697,"COG7"
"ENSG00000130856",127.231970456476,-0.204545899471446,0.113169684143044,-1.80742661800579,0.0706957867975828,0.120193792481531,-0.18861318025284,0.109396687681739,"ZNF236"
"ENSG00000174444",12548.350270618,-0.136375883670675,0.0754570904824224,-1.80733026941243,0.0707107991450094,0.120203793614357,-0.129945558384169,0.0740481465981779,"RPL4"
"ENSG00000213214",28.8917958114168,-0.438616609509305,0.242763589758776,-1.80676439141941,0.07079902297831,0.120338230897551,-0.338130983488002,0.224292179082756,"ARHGEF35"
"ENSG00000120805",1164.54221918521,-0.196900983294522,0.108987144574512,-1.80664411443411,0.0708177865218483,0.120354585948968,-0.17792310794424,0.105257156107565,"ARL1"
"ENSG00000126822",634.924492006687,0.340751998898808,0.188648943754258,1.80627567861014,0.070875288912471,0.120436764819514,0.283263932260449,0.18188306609564,"PLEKHG3"
"ENSG00000148175",5570.07925908882,-0.220535182812439,0.12213004794684,-1.80574057342901,0.0709588718436323,0.120563234829431,-0.19932552388703,0.117294100999564,"STOM"
"ENSG00000170322",326.491170430832,0.247180840682783,0.136900202241796,1.80555497095766,0.0709878816478031,0.120596961261287,0.221764983914716,0.132576517660514,"NFRKB"
"ENSG00000113648",971.157630012119,-0.112530834597637,0.062331459780301,-1.80536177067365,0.0710180893242274,0.120632713719878,-0.111725318919014,0.0615420546005441,"MACROH2A1"
"ENSG00000116685",1200.2036582465,0.205029942022433,0.113605234391753,1.8047578803932,0.0711125780687043,0.120777631946925,0.191047569311514,0.110656503819749,"KIAA2013"
"ENSG00000076928",390.943609488891,0.42584301934332,0.236069114619582,1.80389128848792,0.0712483509206916,0.120986629498709,0.329125927904686,0.228279990677292,"ARHGEF1"
"ENSG00000185721",529.712142542174,0.134784910604583,0.0747204719246019,1.80385518363147,0.0712540122385684,0.120986629498709,0.143849060363614,0.0733653568139372,"DRG1"
"ENSG00000174173",284.355951190344,-0.251229318022097,0.139309534605626,-1.80338925640164,0.0713271037015335,0.121095118934157,-0.223652324335435,0.13293986709785,"TRMT10C"
"ENSG00000116604",290.128386057941,0.223208424915114,0.123785498814249,1.80318718309693,0.0713588226731515,0.12113334957642,0.203706464374606,0.1201757972763,"MEF2D"
"ENSG00000173486",1292.81414546403,-0.243412590382884,0.135002320182706,-1.80302523729563,0.0713842512691262,0.121160893671434,-0.217877809342199,0.128982496457701,"FKBP2"
"ENSG00000149600",546.460481813807,-0.165208145269179,0.0916368453776821,-1.80285718684741,0.0714106462629505,0.121190070726735,-0.155144601227356,0.089338186865123,"COMMD7"
"ENSG00000142444",81.3172076951126,-0.316014165406347,0.175309488053451,-1.80260731415744,0.0714499075282764,0.121241072627566,-0.268617510548397,0.165026275172193,"TIMM29"
"ENSG00000085063",3895.37967426873,0.17731133666634,0.0983961494004278,1.80201499496451,0.071543046397616,0.121383472792656,0.168265671464953,0.0961738049924685,"CD59"
"ENSG00000122861",35.559032203588,-0.454724386902412,0.252409582190594,-1.80153377283058,0.0716187891062581,0.121496324877335,-0.349077934953202,0.232248553024701,"PLAU"
"ENSG00000109099",108.588132961631,-0.371549495665611,0.206378366109463,-1.80033160776426,0.0718082928797115,0.12180211080318,-0.30217440946052,0.191818104992676,"PMP22"
"ENSG00000070367",600.025759501889,-0.3866548011518,0.214776451594587,-1.8002662688629,0.0718186043624786,0.121803908931649,-0.307218178900188,0.198321048071157,"EXOC5"
"ENSG00000133030",1203.83466235096,0.241863625424966,0.134357479247473,1.80015006815867,0.0718369456162741,0.121819323284887,0.220043594392094,0.130163619160975,"MPRIP"
"ENSG00000204381",11.8580434527687,-0.59553729069152,0.330914692558065,-1.79967013881386,0.0719127388764859,0.121932146818778,-0.401916064415144,0.299682010057426,"LAYN"
"ENSG00000075914",246.097106775182,-0.192273466729223,0.106852855935464,-1.79942281416747,0.0719518234059971,0.121982707566747,-0.178617390671788,0.103482124359415,"EXOSC7"
"ENSG00000171700",51.7373471729979,0.402880109531437,0.223906385863882,1.79932389144254,0.0719674609611997,0.121993509851314,0.317335450440073,0.215007933373938,"RGS19"
"ENSG00000158258",35.1832437954101,0.5905899203303,0.328291546670788,1.79897998081122,0.0720218474983673,0.12206998508799,0.386048070667004,0.319988425747344,"CLSTN2"
"ENSG00000093000",634.460267177359,-0.152160727454011,0.0846124897244603,-1.79832466754637,0.0721255728943629,0.122230054412046,-0.143083867565446,0.0826691542663976,"NUP50"
"ENSG00000160221",63.4241029759449,-1.45750776608092,0.810756385358849,-1.79771358252801,0.0722224078838721,0.122362658885479,-0.523047179586734,0.610037864085296,"GATD3"
"ENSG00000178951",247.035669059384,0.334917640903349,0.186300520451989,1.7977278865931,0.0722201399879473,0.122362658885479,0.280805538431108,0.179490462388139,"ZBTB7A"
"ENSG00000105723",270.54988720143,0.22520517494389,0.125401562206782,1.79587216443553,0.072514850336249,0.122842321092004,0.204927282993295,0.12165102701751,"GSK3A"
"ENSG00000171853",344.605701172624,-0.238198603573152,0.132713951425257,-1.79482715279788,0.0726812432348855,0.123108355645247,-0.214995483581053,0.126996790131542,"TRAPPC12"
"ENSG00000164087",64.5943104698088,0.288827208117797,0.16095759399202,1.79443045186247,0.0727444900693489,0.123199634197716,0.250452526877934,0.15477340533194,"POC1A"
"ENSG00000133103",304.391870271955,-0.240533258094212,0.134121250023466,-1.79340155308818,0.0729087394343535,0.123459285856807,-0.219300072687054,0.128341710336091,"COG6"
"ENSG00000180822",160.549510181468,-0.238965682879269,0.133250806385989,-1.79335262097442,0.0729165583185881,0.123459285856807,-0.215384736485632,0.127545220339273,"PSMG4"
"ENSG00000234444",88.160219772144,-0.237418137333541,0.132392299701039,-1.79329264518908,0.0729261428119503,0.12345963691168,-0.213224683922752,0.126857853385559,"ZNF736"
"ENSG00000138434",2634.74699678597,-0.308062528117066,0.171792245025549,-1.79322720924481,0.0729366010477048,0.123461466880185,-0.256014231496518,0.16083127383591,"ITPRID2"
"ENSG00000110080",181.324940431521,-0.265304651980797,0.147986306942389,-1.7927648676582,0.0730105293143182,0.123570719752193,-0.233105279111374,0.140619329820561,"ST3GAL4"
"ENSG00000100150",255.709295950571,0.191266759888307,0.106721398080683,1.79220628035351,0.0730999290151573,0.123693118937073,0.178226150342921,0.104049328498127,"DEPDC5"
"ENSG00000144837",551.628751761266,-0.358275474410635,0.199908688627748,-1.79219561125621,0.0731016374334927,0.123693118937073,-0.293598332365832,0.185898416318575,"PLA1A"
"ENSG00000111361",535.9969077448,-0.111578155636866,0.0622691309996886,-1.79186948405341,0.0731538752051985,0.123752586303014,-0.108457128468809,0.061476247011728,"EIF2B1"
"ENSG00000198691",22.0494562743422,0.391516882795826,0.218497615168048,1.79185883788575,0.0731555809810387,0.123752586303014,0.31195508121378,0.207362334126342,"ABCA4"
"ENSG00000241553",536.578255825214,-0.265795414502827,0.148351823864228,-1.79165585956047,0.0731881092867137,0.123791706946155,-0.233093339473208,0.14089810958591,"ARPC4"
"ENSG00000046647",137.320523127347,-0.199152152522581,0.111207359456964,-1.79081810318183,0.0733224892172837,0.124003069111722,-0.184316500445798,0.107560366675751,"GEMIN8"
"ENSG00000170881",593.598098782755,-0.33584987986388,0.187632658451387,-1.78993296068922,0.0734646892983308,0.124227600732317,-0.279451759753853,0.17521454053688,"RNF139"
"ENSG00000101138",353.584006804965,0.153811783948832,0.0859464102079079,1.78962429700967,0.0735143298043662,0.124295578040874,0.147069039069809,0.0843204367260116,"CSTF1"
"ENSG00000058729",248.135925123618,-0.211432618738542,0.118155726796104,-1.78944029605439,0.0735439346093779,0.124329666546876,-0.184642857174504,0.113383418144235,"RIOK2"
"ENSG00000153936",438.80182225408,-0.306367742569504,0.171284358998105,-1.78864984731556,0.073671224664182,0.124528866854361,-0.260416127327744,0.16098570647629,"HS2ST1"
"ENSG00000148019",170.484682915289,-0.20356283219573,0.113868074934004,-1.78770768113636,0.073823181841393,0.124769706306005,-0.185443312639114,0.109798526161378,"CEP78"
"ENSG00000073050",142.34565195384,0.252187212340636,0.141111034664341,1.78715444146881,0.0739125303972522,0.124904681710977,0.224876478486846,0.136364406384306,"XRCC1"
"ENSG00000152942",361.301321410855,-0.241516266919401,0.135192284400361,-1.78646487105854,0.0740240201994741,0.125077034130682,-0.212694820307605,0.128913318379123,"RAD17"
"ENSG00000161654",84.6303912765133,0.279803967858603,0.156644822283918,1.78623183185372,0.0740617290615964,0.125124692008851,0.24428466304546,0.150860712736256,"LSM12"
"ENSG00000132199",1230.86765359566,-0.254008437968258,0.142227417378927,-1.78593159215934,0.0741103350067404,0.125190745534866,-0.225586367753041,0.135429615028128,"ENOSF1"
"ENSG00000103274",302.237721194012,-0.144001285422983,0.0806340214173665,-1.78586262835167,0.0741215032714032,0.125193548694201,-0.13787301212397,0.079037966871426,"NUBP1"
"ENSG00000134001",736.629566385443,0.169471372241037,0.0949065142222864,1.78566638580896,0.0741532910714712,0.125231173710491,0.160460694273099,0.0928661651217015,"EIF2S1"
"ENSG00000118263",196.501611607083,0.239399514385462,0.13413299014199,1.78479219863838,0.0742950292313321,0.125454451052933,0.223478428355502,0.129714278326379,"KLF7"
"ENSG00000069966",276.482319005768,0.214949747319075,0.120439087293845,1.78471750449789,0.074307150181282,0.125458827813126,0.207996847435208,0.116867106414452,"GNB5"
"ENSG00000162437",49.4672660935637,-0.423792570479777,0.237466767515781,-1.7846394883512,0.0743198119332623,0.12546411641407,-0.328587166698637,0.218576755527882,"RAVER2"
"ENSG00000198945",97.7806678120359,-0.288743646215717,0.161827023876968,-1.78427335124966,0.0743792582793973,0.125548373654685,-0.25009681727382,0.153105851372847,"L3MBTL3"
"ENSG00000162461",171.32891881044,0.395879169034947,0.221894828160311,1.78408470497987,0.074409902219237,0.125583998541017,0.312317566409514,0.213595596784763,"SLC25A34"
"ENSG00000068438",169.756644217502,-0.191329699489208,0.107322894476858,-1.78274822368367,0.0746272974871852,0.12593476015333,-0.177692482620618,0.103931157987856,"FTSJ1"
"ENSG00000231389",2615.86037624682,0.416752032315019,0.233815510563925,1.78239686199551,0.0746845368811389,0.126015200894153,0.325441078337077,0.225734504342829,"HLA-DPA1"
"ENSG00000166888",1739.96880565076,0.194258983649457,0.109031085121646,1.78168440158805,0.0748007119919516,0.126195050497954,0.183546707066602,0.106279260290357,"STAT6"
"ENSG00000092020",172.900632906234,-0.257605988249169,0.144593793754408,-1.78158399168024,0.0748170968780202,0.126206521139784,-0.217947092159277,0.13697282200214,"PPP2R3C"
"ENSG00000151883",190.434974146816,-0.239929414261511,0.134680132544842,-1.78147592913622,0.0748347337960309,0.12621844511898,-0.215595339249158,0.128767674666512,"PARP8"
"ENSG00000196586",563.50222039536,-0.22432695068504,0.125925691972105,-1.78142321214906,0.0748433389825214,0.12621844511898,-0.203814529337077,0.120812017118342,"MYO6"
"ENSG00000134283",404.665643364302,-0.119789980189753,0.0672466127448014,-1.78135336934147,0.0748547409239046,0.126221506019996,-0.11607882018467,0.0662601107004812,"PPHLN1"
"ENSG00000008283",357.14405666794,0.240403017129245,0.134965816859609,1.781214108305,0.0748774797281273,0.126230930407221,0.216170777372161,0.130650753586064,"CYB561"
"ENSG00000118495",41.7513840080709,-0.367725074610519,0.20645454913812,-1.78114299803831,0.0748890929219809,0.126230930407221,-0.299011039738149,0.192332429253171,"PLAGL1"
"ENSG00000180855",74.6602238511693,-0.286227920372982,0.160696776761161,-1.7811677753711,0.0748850463073973,0.126230930407221,-0.247813989985544,0.152047540706493,"ZNF443"
"ENSG00000167380",262.167681443981,-0.190068174715206,0.106729783030587,-1.78083538931898,0.074939346210375,0.126299466488197,-0.175292069781484,0.103278694658614,"ZNF226"
"ENSG00000148848",10.1942246046644,-0.512761881615372,0.288111189082951,-1.77973609163697,0.075119160911362,0.126586314163445,-0.368141307770616,0.263488596077449,"ADAM12"
"ENSG00000141510",330.053091891007,0.1979078851769,0.111212246584515,1.77955118482839,0.0751494411367397,0.126621134119057,0.183552340522284,0.108313403919883,"TP53"
"ENSG00000146966",53.3981063685109,0.285209828769595,0.160282511416152,1.77941951526505,0.0751710093380706,0.126641267939224,0.245855413807193,0.153740774406406,"DENND2A"
"ENSG00000142273",137.055871928749,0.371087734119153,0.208571884869416,1.77918387395063,0.0752096213024661,0.126673899714503,0.299066007447094,0.200646201207427,"CBLC"
"ENSG00000146414",217.878093677055,-0.251928589428845,0.141593986315805,-1.77923226814841,0.0752016901536614,0.126673899714503,-0.212378386305937,0.134237842651139,"SHPRH"
"ENSG00000116852",52.5526167159826,0.338078032053821,0.190036020229457,1.77902079640277,0.0752363525160756,0.12670271389443,0.283111480101107,0.181936467164186,"KIF21B"
"ENSG00000123146",253.127875594017,0.309933014262882,0.174238719199022,1.77878381847415,0.0752752110979985,0.126751941337287,0.263542150507276,0.167771618291421,"ADGRE5"
"ENSG00000104365",416.17100941193,0.179158787086762,0.10073006881014,1.77860284623103,0.0753048971507622,0.12678571302902,0.169009059195322,0.0983730187288822,"IKBKB"
"ENSG00000145649",81.6646882103717,-0.431634003420327,0.242705090461492,-1.77842995628808,0.0753332663374229,0.126817259250545,-0.331376819469734,0.222393775519267,"GZMA"
"ENSG00000165246",21.9882614541034,1.71277870650227,0.963165144716422,1.77828144622753,0.0753576420403141,0.126842075569263,0.165274647453413,0.41452601091455,"NLGN4Y"
"ENSG00000163293",287.102425968184,-0.460383487297203,0.258917181385976,-1.77811099608293,0.0753856268148695,0.126872959560855,-0.341843667035487,0.234976634123733,"NIPAL1"
"ENSG00000108953",4141.60942766443,-0.104333837910839,0.0586813313657321,-1.77797325797836,0.075408247071941,0.126894808403524,-0.0984954384187111,0.0579321126413695,"YWHAE"
"ENSG00000010327",1284.82049044219,-0.41099692325041,0.231178717689007,-1.77783200529429,0.0754314502704864,0.126901415060213,-0.318409940705682,0.211831783608125,"STAB1"
"ENSG00000064042",283.119207289655,-0.306952540673123,0.172654897859292,-1.77783859293282,0.075430368007275,0.126901415060213,-0.261506847966638,0.1622573999206,"LIMCH1"
"ENSG00000064309",78.9227201351787,-0.288028876857163,0.162086939143009,-1.77700238143824,0.075567848011287,0.127114639953572,-0.249284499057927,0.153314575421899,"CDON"
"ENSG00000006007",752.435677095177,0.121327401789445,0.0682793597026887,1.77692647262285,0.0755803381594037,0.127119408815369,0.118188581164962,0.0673786927613473,"GDE1"
"ENSG00000154803",299.322365106466,0.210857325556007,0.11867602424858,1.77674746766325,0.0756097985701576,0.127152715286077,0.193847617968914,0.115335877202441,"FLCN"
"ENSG00000180626",68.2709717012067,-0.260073065701864,0.146385080690083,-1.77663642002202,0.0756280793609735,0.127167214925489,-0.229993873240012,0.139490605417555,"ZNF594"
"ENSG00000117595",830.214907770576,-0.187188392148313,0.105391440461081,-1.77612518938328,0.0757122852723683,0.127276295696629,-0.171426752585702,0.101962748696653,"IRF6"
"ENSG00000142675",24.4594679850915,0.84799130938417,0.477437258989428,1.77613140453068,0.075711261102679,0.127276295696629,0.381427048468997,0.453110869755731,"CNKSR1"
"ENSG00000163412",298.923878701401,-0.311765752914788,0.175560346053787,-1.77583241274354,0.0757605435949048,0.127341161364805,-0.264422593717475,0.164758212593225,"EIF4E3"
"ENSG00000099940",668.000061260079,-0.112307938381138,0.0632566990184948,-1.77543153727168,0.075826660538154,0.127436024080334,-0.109169796855517,0.062451004628803,"SNAP29"
"ENSG00000108469",268.697306861087,0.325777514311889,0.183560497999936,1.77476917888947,0.0759360073748385,0.127587222192078,0.273116965538017,0.176625176586648,"RECQL5"
"ENSG00000149231",492.231982682744,-0.339609547720294,0.191351529330385,-1.77479400822519,0.0759319060516889,0.127587222192078,-0.28045997777311,0.178283261351216,"CCDC82"
"ENSG00000053918",36.0527920211994,0.406558148136393,0.229155793134442,1.77415609954871,0.0760373334932036,0.127741167892244,0.317113231189964,0.218996519233501,"KCNQ1"
"ENSG00000117245",22.9572021378495,0.412427515547412,0.23247685867755,1.77405836388841,0.0760534968524192,0.127752020867434,0.320300304656837,0.221159514823791,"KIF17"
"ENSG00000197780",220.894936083621,-0.305105911668344,0.172052497570763,-1.77333032636075,0.0761739866974342,0.12793809272336,-0.259565406310672,0.161696228542928,"TAF13"
"ENSG00000163637",119.916035443499,-0.300596933536183,0.169546507864796,-1.77294677030973,0.0762375276278252,0.128028480707646,-0.254601736425313,0.159534227439189,"PRICKLE2"
"ENSG00000160714",778.912479894004,-0.0953689802453718,0.0538051613864024,-1.772487579035,0.076313655345023,0.128139980394411,-0.0933547248492762,0.0532946450141697,"UBE2Q1"
"ENSG00000180917",421.471801300278,-0.295527125276277,0.166737953546439,-1.77240465647174,0.0763274093936635,0.128146731965949,-0.252826203271221,0.156949670764648,"CMTR2"
"ENSG00000117906",257.508583914311,-0.251301550494425,0.141848985679332,-1.77161330615733,0.076458769378905,0.128350906240299,-0.220559500533903,0.134923347792213,"RCN2"
"ENSG00000186462",17.2946717856927,-0.527086020911694,0.297552731897795,-1.77140373590231,0.0764935877955423,0.128392985328418,-0.373090771941857,0.269816865860355,"NAP1L2"
"ENSG00000124766",61.7361555487455,-0.544688699325644,0.307593220773596,-1.77080853068138,0.0765925468790116,0.128542698815687,-0.379781978891275,0.275904354099208,"SOX4"
"ENSG00000204920",124.244461268136,-0.257537790208711,0.145449780390231,-1.77063031321021,0.0766221976926735,0.128576071223775,-0.226892775402157,0.138321686456315,"ZNF155"
"ENSG00000160282",10134.0083154208,0.432417506142633,0.244258303559848,1.77032878653676,0.0766723853044354,0.128643892559984,0.328608827204969,0.235825491763413,"FTCD"
"ENSG00000172236",24.1839508778082,0.811838096580451,0.458595714014659,1.77026969893247,0.0766822232814729,0.128644005061655,0.381904856103038,0.437383235092349,"TPSAB1"
"ENSG00000046651",288.596729404731,-0.329697247579603,0.186250745448921,-1.77017947920118,0.0766972466855022,0.128652815627637,-0.275064266150247,0.173950443717775,"OFD1"
"ENSG00000168002",549.310934265114,-0.177807997128848,0.100473709729995,-1.7696967456131,0.0767776723335748,0.128771316425968,-0.165065672619313,0.0975033714570699,"POLR2G"
"ENSG00000011007",993.970288489339,0.104294206855361,0.0589376153237104,1.76956950637608,0.0767988824237263,0.128790483504112,0.102358463871896,0.0583386540001929,"ELOA"
"ENSG00000117586",26.4189350926016,-0.367447800692314,0.207774577531788,-1.76849258969663,0.0769785899430024,0.129075409473965,-0.29815644361175,0.193697642879606,"TNFSF4"
"ENSG00000075399",220.59510595422,0.483813832738637,0.273667441816635,1.76788963103183,0.0770793565905414,0.12922791402917,0.347908498089363,0.264729528193404,"VPS9D1"
"ENSG00000147799",11.9617664906926,0.563995824097712,0.319283721162919,1.76644090103775,0.0773219082896202,0.129618060165666,0.378868015201044,0.30202764002519,"ARHGAP39"
"ENSG00000107874",428.305149601421,0.187475269505291,0.106141255533589,1.76628087318945,0.0773487388381751,0.129646530304699,0.175796135694043,0.103515628207503,"CUEDC2"
"ENSG00000135686",461.981496364135,-0.164571492355804,0.0931824640617284,-1.76612084701671,0.0773755766905212,0.129675005436278,-0.154457533491828,0.0906967572520431,"KLHL36"
"ENSG00000130511",108.681214642469,0.439622060994383,0.248928199087284,1.76605970157778,0.0773858333427223,0.129675688149457,0.330801596433706,0.239646679918686,"SSBP4"
"ENSG00000122986",44.902768597976,-0.338213385992732,0.19151765102169,-1.76596456874061,0.0774017933080304,0.129685926532645,-0.279727781478209,0.179161580404747,"HVCN1"
"ENSG00000114450",68.9997023884045,0.653393670410536,0.370040843284312,1.7657339244266,0.0774404984952944,0.129734266851895,0.38617930747558,0.361453956338863,"GNB4"
"ENSG00000137575",1578.87238365618,-0.373129402549593,0.211434499540435,-1.76475174751808,0.0776054974338367,0.129994144938155,-0.29830002892574,0.195176126888358,"SDCBP"
"ENSG00000144959",95.7797962692514,0.443609394127184,0.251381010283773,1.76468935989402,0.0776159877887437,0.129995178123216,0.332494623895391,0.241926263803491,"NCEH1"
"ENSG00000141127",341.420707442152,-0.164130832131547,0.0930496534059431,-1.76390589458191,0.0777478242771407,0.130199421830684,-0.153991049907186,0.090669717637019,"PRPSAP2"
"ENSG00000155545",293.158060223927,-0.376786027321237,0.213639871796146,-1.76365031561507,0.0777908708870858,0.130254941637972,-0.302559624841851,0.197404740890474,"MIER3"
"ENSG00000142556",78.8546299575801,-0.291638769206078,0.165405107429768,-1.76317874180463,0.0778703479847594,0.130371439670313,-0.251236697211218,0.156066800695484,"ZNF614"
"ENSG00000163516",434.096349420511,0.321721971660919,0.182593971930735,1.76195286327941,0.0780772618723013,0.130701237102444,0.270689659137306,0.175615846183223,"ANKZF1"
"ENSG00000063177",4299.87615775569,-0.28035853086099,0.159223404626631,-1.76078718777816,0.0782744291729753,0.130997983283513,-0.236409618393041,0.149905295019487,"RPL18"
"ENSG00000101605",334.727301392423,-0.6882914662126,0.390890778227939,-1.76082809968783,0.078267502302786,0.130997983283513,-0.423751048698961,0.34010148025999,"MYOM1"
"ENSG00000151611",554.622262631465,-0.198541733835587,0.112763458172895,-1.76069213424771,0.078290524786494,0.131008267582484,-0.181446091789022,0.108759772298586,"MMAA"
"ENSG00000213190",32.4859358219685,-0.409521026722413,0.232695705652089,-1.75989937405506,0.0784248694887567,0.131216397469687,-0.319260975974615,0.214810328913378,"MLLT11"
"ENSG00000119707",1407.07892368521,-0.298918963880127,0.169869590761686,-1.75969673288662,0.0784592400640245,0.131257224229091,-0.251387593616596,0.159288312823469,"RBM25"
"ENSG00000164073",356.859482934223,-0.208730008303896,0.1186481931172,-1.75923461470428,0.0785376671695756,0.131355046488139,-0.191667371501922,0.114176992627802,"MFSD8"
"ENSG00000169282",31.65613058702,-0.764617224499708,0.434618452329523,-1.75928385093043,0.078529308144689,0.131355046488139,-0.443928085079705,0.375535826662759,"KCNAB1"
"ENSG00000048740",121.786947902838,-0.37257746837642,0.211796235200825,-1.75913168627923,0.0785551440661694,0.131361639390532,-0.299673949372758,0.195904794769302,"CELF2"
"ENSG00000110888",316.022158453951,-0.205151420252502,0.116623349248959,-1.75909388277436,0.0785615637673589,0.131361639390532,-0.188034453427789,0.112347057804244,"CAPRIN2"
"ENSG00000175334",865.736159339475,-0.186474745699658,0.106025608898701,-1.75877080675688,0.0786164451843829,0.131427646244874,-0.180228682359637,0.10286415688461,"BANF1"
"ENSG00000229474",23.8228676485878,-0.469800438596832,0.267122699384037,-1.75874397675733,0.0786210042400598,0.131427646244874,-0.347891625730674,0.243757945237174,"PATL2"
"ENSG00000167862",382.568800976544,-0.156204869635624,0.0888308559958222,-1.758452824579,0.0786704917625735,0.131493677103725,-0.148090612411875,0.0867118240877075,"MRPL58"
"ENSG00000135604",26.8204017784041,-0.428919857125804,0.243953294089086,-1.75820481837467,0.0787126656940996,0.131547468460081,-0.328826585290457,0.224133305030843,"STX11"
"ENSG00000128274",19.0932342069303,0.486285218209196,0.276598703499789,1.75808928984936,0.0787323178213304,0.131563611681132,0.349357288203125,0.263411608742683,"A4GALT"
"ENSG00000131263",350.322594650628,-0.220314990903792,0.125335432751522,-1.75780292984321,0.0787810466672748,0.131628332540779,-0.196536060455959,0.120067330653088,"RLIM"
"ENSG00000154222",294.738949722482,0.212344821579232,0.120847009672581,1.75713757547292,0.07889436235585,0.131800935766669,0.208757227078918,0.117079996236484,"CC2D1B"
"ENSG00000214087",212.926210600156,-0.399027532480082,0.227106802088727,-1.75700388015762,0.0789171478320037,0.131822274594793,-0.313531455163955,0.208708491785278,"ARL16"
"ENSG00000129351",1239.0085811493,0.165899461880651,0.0944269747140162,1.75690751909714,0.0789335738109905,0.131832986527401,0.158629132197409,0.0923806338232658,"ILF3"
"ENSG00000079931",31.8692906005497,0.869816956696388,0.495146853726469,1.75668481007232,0.0789715480636212,0.131879680594322,0.368568692581051,0.460550976136818,"MOXD1"
"ENSG00000075240",546.15482494761,0.322512346186714,0.183684883835215,1.75579143723139,0.0791240270133519,0.132089753831875,0.271262432046547,0.176613050710041,"GRAMD4"
"ENSG00000139626",168.933212929327,0.363069293582834,0.206786022141025,1.75577289907548,0.0791271935999544,0.132089753831875,0.293053760368568,0.198584030231769,"ITGB7"
"ENSG00000140332",121.214329429152,-0.344714067316474,0.196331969740821,-1.7557714506279,0.0791274410202034,0.132089753831875,-0.282690753839807,0.182604821128852,"TLE3"
"ENSG00000132639",34.9664862934793,0.659486131670188,0.375689432376547,1.75540240112263,0.0791905016554468,0.132178263792547,0.385673090106296,0.364214214947123,"SNAP25"
"ENSG00000138604",528.049077052886,0.292545110138012,0.166733466704708,1.75456742980174,0.0793333266489399,0.132399870536182,0.251626294054136,0.160549590948473,"GLCE"
"ENSG00000132604",234.728459754753,0.130369175336614,0.0743177957344048,1.75421208404141,0.0793941733885312,0.132484624440228,0.126645687199871,0.0732313409968679,"TERF2"
"ENSG00000140320",323.604321870457,0.212235049490738,0.121020680389086,1.7537089430368,0.079480392372561,0.132611690023715,0.198422290513956,0.117424061885414,"BAHD1"
"ENSG00000197363",56.1631542876317,0.308815553150128,0.176107635389805,1.753561408434,0.0795056885483067,0.132637087611126,0.261731073442355,0.168605184512323,"ZNF517"
"ENSG00000104413",13.7317207133915,0.931714603342943,0.53138162391884,1.75338130150554,0.0795365784237709,0.13265600350685,0.359199587032622,0.474435878415039,"ESRP1"
"ENSG00000182492",2439.24387080781,0.434500978630884,0.247807961167787,1.75337780345438,0.0795371784659788,0.13265600350685,0.329503400821702,0.238881660522988,"BGN"
"ENSG00000109079",874.19320512849,0.158438202288817,0.0903692423171544,1.75323150030153,0.0795622780407967,0.132664254392747,0.151844188045948,0.0884914271316734,"TNFAIP1"
"ENSG00000173153",704.113072976282,0.243562893835922,0.138918717222357,1.75327629498673,0.0795545924401581,0.132664254392747,0.217667539570774,0.134390784993288,"ESRRA"
"ENSG00000116157",58.060402594868,-0.408121635242447,0.23288616905758,-1.75245115196833,0.0796962623561717,0.132870835783381,-0.318134381299056,0.214190312299145,"GPX7"
"ENSG00000101266",760.28573924517,0.120434539681032,0.068739828505017,1.75203433439235,0.0797679042495003,0.132971616310582,0.117354864186052,0.067801907359119,"CSNK2A1"
"ENSG00000171657",10.3007000157814,-0.726352745929106,0.414589169645532,-1.75198195975579,0.0797769100134658,0.132971616310582,-0.428384694685308,0.361999089734892,"GPR82"
"ENSG00000196227",57.7428989779036,-0.339514837731504,0.19383525355342,-1.75156392610457,0.0798488200881158,0.133074628516473,-0.282223561314576,0.181282886743987,"FAM217B"
"ENSG00000165716",112.774423705036,0.327329121068459,0.186928396154239,1.75109361553807,0.0799297857948151,0.133192704692385,0.272599218695451,0.179426174581877,"DIPK1B"
"ENSG00000168404",101.008919749092,-0.310305467850357,0.177226735120238,-1.75089535808371,0.0799639365351572,0.133232749737013,-0.262727737710412,0.166238304302898,"MLKL"
"ENSG00000185442",63.8897420406442,-0.246198040229031,0.140641199601509,-1.75053996216333,0.0800251847640031,0.133317927698705,-0.219551686632342,0.134371994427753,"FAM174B"
"ENSG00000119013",716.812147496478,-0.184124266949512,0.105226360057888,-1.74979222742496,0.0801541723675185,0.133515920216441,-0.170528345979759,0.101884734482774,"NDUFB3"
"ENSG00000247315",212.395822039914,-0.156643992247664,0.0895976369290405,-1.74830495107503,0.0804112363791791,0.133927177503893,-0.148532808927636,0.0874276990861433,"ZCCHC3"
"ENSG00000160191",52.1423489561276,-0.409085588406773,0.23401129819214,-1.74814460484247,0.0804389909112065,0.133956457669738,-0.318023092990013,0.215029138940888,"PDE9A"
"ENSG00000082269",77.2505451760935,-0.393663308826629,0.225219277218295,-1.74791125204202,0.0804793961441993,0.134006795198499,-0.310267476566822,0.207272024390232,"FAM135A"
"ENSG00000067560",3830.58358619467,0.092127681299726,0.0527147366569018,1.74766464071227,0.0805221150180588,0.134044189809947,0.0898525258140295,0.0522759630796387,"RHOA"
"ENSG00000087448",246.453833235009,0.201338135823752,0.11520414062651,1.74766405728842,0.0805222161026027,0.134044189809947,0.194898787100604,0.111770480235612,"KLHL42"
"ENSG00000113369",2064.75344015096,-0.457170097216969,0.261620466942479,-1.7474553981187,0.0805583751902452,0.134070480060014,-0.339575885953863,0.236808463343187,"ARRDC3"
"ENSG00000118873",470.090155587525,-0.210412445244002,0.120409111366886,-1.74747942954977,0.0805542100494986,0.134070480060014,-0.190068367019066,0.115658732085129,"RAB3GAP2"
"ENSG00000143156",107.25049164732,0.257997649756924,0.147656798992226,1.74727917385306,0.0805889238206825,0.134104369441747,0.227740209360042,0.142239266957538,"NME7"
"ENSG00000154188",19.933882174919,-0.563698519369522,0.322637709047511,-1.74715634150041,0.0806102224802878,0.134122859746679,-0.382630747753148,0.288254837574993,"ANGPT1"
"ENSG00000134061",65.399332423614,0.514956029277232,0.294764622775546,1.74700757651421,0.0806360238801945,0.134148836290958,0.355569524972306,0.284217427113622,"CD180"
"ENSG00000240065",379.183369055992,-0.29339239950427,0.167968862716068,-1.74670706677473,0.0806881639406679,0.13421861862828,-0.251232789304566,0.158013775193347,"PSMB9"
"ENSG00000127328",176.759664241133,-0.193302085747681,0.110672836473583,-1.74660821848387,0.0807053206351652,0.134230198519781,-0.173832163678379,0.106869883471857,"RAB3IP"
"ENSG00000161281",39.0022578820102,-0.495628867478095,0.283872914691096,-1.74595335387114,0.0808190576513682,0.13440238891473,-0.357592521370415,0.256275940391151,"COX7A1"
"ENSG00000104835",16.6360578363803,0.386505312302968,0.221449088976631,1.74534613842442,0.080924635208942,0.134543976153672,0.305860716621427,0.208551069559726,"SARS2"
"ENSG00000162738",11.7084387641596,0.621595911889369,0.356140836901969,1.74536544951308,0.0809212758347766,0.134543976153672,0.383724177635781,0.338148602185095,"VANGL2"
"ENSG00000101335",350.43260450648,-0.45044730366608,0.258155395741451,-1.744868831319,0.0810077039699323,0.134665079604562,-0.335597305505032,0.233934163568922,"MYL9"
"ENSG00000172638",136.071145128269,0.339917023458729,0.194843262289802,1.74456647596646,0.0810603605811221,0.13471859472495,0.279537006271721,0.186899540659899,"EFEMP2"
"ENSG00000181220",159.377092757521,0.259582219263679,0.14879309148761,1.74458515962278,0.0810571059289727,0.13471859472495,0.228815304382982,0.143371151129851,"ZNF746"
"ENSG00000154917",11.3249550975109,0.574997354322566,0.329613780902774,1.74445787050443,0.0810792815162601,0.13472577784763,0.375316091681042,0.311740342814648,"RAB6B"
"ENSG00000158292",130.94797986183,0.493255531817459,0.282761229798513,1.74442419906342,0.0810851483871048,0.13472577784763,0.348310388707531,0.272659273936861,"GPR153"
"ENSG00000198894",287.995356262517,0.275332308274443,0.157841377264114,1.74436078198769,0.0810961990368382,0.134727136469276,0.239780530072521,0.152021463532038,"CIPC"
"ENSG00000092929",107.86545625445,0.469851115407995,0.269567244914619,1.74298296351551,0.0813365907470884,0.135109456696463,0.339900848285258,0.259461680505102,"UNC13D"
"ENSG00000067836",357.954434876303,0.274954759501498,0.157788839576571,1.74254884083909,0.0814124530070618,0.135218412550899,0.239522688508772,0.152021151850646,"ROGDI"
"ENSG00000114993",1004.84555455695,0.273540939590955,0.157004648849129,1.74224738946304,0.0814651649361803,0.135280746536234,0.238543659966961,0.151350420851956,"RTKN"
"ENSG00000240694",14.9002904203201,-0.512317886017645,0.294060943439909,-1.74221669843189,0.0814705331373081,0.135280746536234,-0.362714369460122,0.266274873702446,"PNMA2"
"ENSG00000116396",39.4916669635381,-0.389377106079963,0.223546520970642,-1.74181689068246,0.0815404901682441,0.135362765547233,-0.30690992285898,0.206249687608181,"KCNC4"
"ENSG00000188921",47.8840492076268,-0.428962715786242,0.246266603988666,-1.74186312247999,0.0815323981905477,0.135362765547233,-0.327445557829587,0.225126860156987,"HACD4"
"ENSG00000154059",449.547961045986,-0.243415902170208,0.139768293618318,-1.74156738891678,0.0815841718525021,0.135418205573631,-0.214275998447495,0.132971216703291,"IMPACT"
"ENSG00000111144",849.793561959862,0.118470853179392,0.0680499410172822,1.74093983636672,0.0816941249646308,0.13558361896941,0.116944512646385,0.0671342218163982,"LTA4H"
"ENSG00000151835",69.1400723224935,-0.354362771227801,0.203571273521579,-1.74073072834728,0.0817307893503967,0.13562737239568,-0.288281542480211,0.188927016910556,"SACS"
"ENSG00000072571",24.4198290669102,0.524777164924645,0.301480205590914,1.74066872448909,0.081741663490369,0.135628322812123,0.358721892339005,0.288146924123205,"HMMR"
"ENSG00000105404",390.757179186171,0.329888600048436,0.189560816211633,1.74027843222692,0.0818101392884682,0.135724835417335,0.273548610396227,0.182077701888637,"RABAC1"
"ENSG00000050748",428.555147236271,-0.115333064403656,0.0663081174060134,-1.7393506091789,0.0819731103209893,0.135978073640689,-0.11182654240479,0.065325539580253,"MAPK9"
"ENSG00000090447",53.5778632176878,0.319737025597099,0.18384770876289,1.73914066021604,0.0820100241196788,0.136022169004748,0.267606818609031,0.175721343407473,"TFAP4"
"ENSG00000150867",311.598861267511,-0.231380382250771,0.133083130402681,-1.73861541692522,0.0821024328834763,0.136158285847569,-0.210723927237746,0.127231919670007,"PIP4K2A"
"ENSG00000105698",940.733672553881,0.234159693556934,0.134689441695409,1.73851558525627,0.0821200063310884,0.136170277500644,0.209964862595133,0.130371123757154,"USF2"
"ENSG00000166965",125.600197671736,-0.253844684680286,0.146079455256153,-1.73771653402707,0.0822607738944154,0.136386519215952,-0.223992872160959,0.138835796959321,"RCCD1"
"ENSG00000130255",2202.97608976594,-0.305719660171448,0.175940369368148,-1.73763225159396,0.0822756331948065,0.136393979683055,-0.254280839288298,0.164384761345849,"RPL36"
"ENSG00000228486",39.8933718829,-0.585790205886135,0.337159719103903,-1.73742642639233,0.082311930076064,0.136436972350681,-0.38613853054991,0.297826765622587,"C2orf92"
"ENSG00000130592",149.778676677623,0.399679169193552,0.230126802727846,1.73677800436928,0.0824263629484676,0.136609452993394,0.309954179361984,0.220684246465258,"LSP1"
"ENSG00000175550",422.594274706752,0.249188874885203,0.14356103837318,1.73576952151494,0.0826045952561782,0.136870387760237,0.225106179477672,0.138595432966529,"DRAP1"
"ENSG00000184384",50.5235699536978,-0.428033461238702,0.246592674181093,-1.7357914733686,0.0826007123135922,0.136870387760237,-0.326404046815749,0.225181825149394,"MAML2"
"ENSG00000129691",490.575457987325,0.113922140248416,0.0656382191938442,1.73560681029414,0.08263338096156,0.136879204773837,0.110820105311312,0.0648279829507533,"ASH2L"
"ENSG00000166710",35156.2581746583,-0.258490070852201,0.148932551395192,-1.73561836167232,0.0826313371062625,0.136879204773837,-0.227344580182434,0.141203883697094,"B2M"
"ENSG00000176387",67.6284522452749,0.403635777785105,0.232567611820577,1.73556315355083,0.0826411057836267,0.136879204773837,0.315551474614055,0.222699153651015,"HSD11B2"
"ENSG00000145241",243.892216848073,-0.240993853252324,0.138864072428209,-1.73546583387806,0.0826583280744816,0.136890509110519,-0.215153751537841,0.132347425003942,"CENPC"
"ENSG00000122025",14.4902060742554,-0.418958025608325,0.241418631740663,-1.73540054712255,0.0826698832526036,0.136892426475133,-0.322706142031106,0.223044047280676,"FLT3"
"ENSG00000163866",594.766179484928,0.16524891553702,0.0952532043155706,1.73483838915861,0.0827694344217245,0.13704003692108,0.156867362902358,0.0931881015464057,"SMIM12"
"ENSG00000124813",16.0538305144619,-0.440322056307432,0.253961504544977,-1.73381417430314,0.0829510598559657,0.137323482215974,-0.331474607739561,0.232774830506573,"RUNX2"
"ENSG00000157500",399.857124165452,-0.289686202361905,0.167089468304862,-1.73371909852127,0.0829679361438141,0.137334152284317,-0.247128418237986,0.157059158515193,"APPL1"
"ENSG00000107614",28.4246193404947,-0.275601871923666,0.159032915307213,-1.73298635311609,0.0830980944129794,0.137532308113298,-0.239086641673485,0.151421572626413,"TRDMT1"
"ENSG00000081923",428.393349376351,0.3618639209725,0.208868091996143,1.732499768223,0.0831846183231557,0.137658205736886,0.291133680708754,0.200404820142245,"ATP8B1"
"ENSG00000143811",198.56341581606,-0.235145597017498,0.135752443984482,-1.73216474131676,0.083244234799346,0.137722241187257,-0.210795679432624,0.129621809713927,"PYCR2"
"ENSG00000176915",479.174651499439,0.097659738686826,0.056378634925172,1.73221183550194,0.0832358525185325,0.137722241187257,0.0957464232394816,0.0557993412237536,"ANKLE2"
"ENSG00000100938",770.639405423753,0.107171593821633,0.0619034911930554,1.73126897621011,0.0834038020225555,0.137951565003639,0.106124690636899,0.061185769909977,"GMPR2"
"ENSG00000128590",1490.84988356788,-0.395211191725902,0.228277929844795,-1.73127201562851,0.0834032601768184,0.137951565003639,-0.307949745253315,0.208930045483923,"DNAJB9"
"ENSG00000128989",992.935115266452,-0.266165730414547,0.153786969135612,-1.7307430656224,0.0834976005316242,0.138072018161186,-0.232442830321806,0.145489987282465,"ARPP19"
"ENSG00000185946",173.377665694951,0.325352262529263,0.187979373531902,1.73078703485543,0.0834897551505678,0.138072018161186,0.271020097386502,0.180333348914955,"RNPC3"
"ENSG00000241644",335.112719797755,-0.402872971601661,0.232848214123264,-1.73019566896223,0.0835953219002627,0.138216251179061,-0.31453864039404,0.213189857101597,"INMT"
"ENSG00000114779",2848.22826468646,-0.157901563252997,0.0912764088334552,-1.72992742890562,0.0836432419736367,0.138278117004633,-0.14823079301875,0.0889312693003195,"ABHD14B"
"ENSG00000128578",10.0226795913061,0.4709812951761,0.272340265299754,1.72938546071294,0.0837401304198651,0.138420911124663,0.343634988452405,0.25301855429235,"STRIP2"
"ENSG00000139998",264.906700328767,0.279374625099383,0.161567078152791,1.72915564416646,0.0837812424875733,0.138471483629348,0.241750305996262,0.155444387310022,"RAB15"
"ENSG00000188993",21.2864548165943,0.654188989096845,0.378496684747306,1.72838763312709,0.0839187511774441,0.13868134529964,0.380135309496477,0.362224012618343,"LRRC66"
"ENSG00000116871",189.9928844684,0.308349438918647,0.178414882616578,1.72827196025628,0.0839394776724398,0.138698188131946,0.260081391853457,0.171264719476608,"MAP7D1"
"ENSG00000108784",980.066992843693,0.228176431688843,0.132040486588844,1.72807930039938,0.0839740080477481,0.138737832846863,0.205408411471656,0.127840229183996,"NAGLU"
"ENSG00000173120",1233.55904608954,0.174917661560236,0.101242487037612,1.72771004227952,0.0840402222233068,0.13882980750214,0.164012738890435,0.0988338232264089,"KDM2A"
"ENSG00000164938",2359.13082006097,-0.326812416085563,0.189169438632413,-1.7276174124543,0.0840568389338284,0.13883983708478,-0.271641347691112,0.176098552027693,"TP53INP1"
"ENSG00000128708",364.289971556959,0.276531500512268,0.160086202888697,1.72739121499766,0.0840974272966054,0.138889454062607,0.240764877178313,0.154087831332713,"HAT1"
"ENSG00000105767",102.332365407009,0.240759520345211,0.139434091725024,1.72669049130401,0.0842232642795009,0.139079831619705,0.216117433719754,0.134529079166616,"CADM4"
"ENSG00000109089",28.6019723160193,0.391200253058763,0.226619980935882,1.72623901671515,0.0843044214361496,0.139184314411225,0.305238800764008,0.215538923028409,"CDR2L"
"ENSG00000177888",177.228375124097,-0.505255410968481,0.292694527676381,-1.72622089992444,0.084307679434112,0.139184314411225,-0.359265383229485,0.262051816162116,"ZBTB41"
"ENSG00000100271",28.0092748338932,0.28094994898249,0.162760292707962,1.72615780119413,0.0843190274674885,0.139185596243349,0.242660597282241,0.155448143165645,"TTLL1"
"ENSG00000214078",558.980669312147,-0.281350871042204,0.16303371749794,-1.72572198781984,0.0843974403721732,0.139297568000505,-0.242117463930094,0.153561838235368,"CPNE1"
"ENSG00000179820",281.989491736068,-0.196788808050108,0.114063336471877,-1.72525908970432,0.0844807910584082,0.139417660450614,-0.180471942316636,0.110081615842812,"MYADM"
"ENSG00000159674",552.298214911119,0.313197868966122,0.181579616949535,1.72485146861592,0.0845542435512202,0.1395213899731,0.2626746741198,0.174302631640625,"SPON2"
"ENSG00000169359",706.983296293177,-0.224435092368872,0.130134625891193,-1.7246377805437,0.0845927703467247,0.139567470474308,-0.201419228142444,0.124419517821722,"SLC33A1"
"ENSG00000158517",22.8005106035623,0.480656699979829,0.278717550079228,1.72452972496062,0.0846122575857242,0.139582130481599,0.343361486599002,0.26491816489519,"NCF1"
"ENSG00000116199",679.484315448239,0.164089701767112,0.0951727447177452,1.72412492939816,0.0846852925618055,0.139675617755121,0.15553151976985,0.0930791251362939,"FAM20B"
"ENSG00000166821",764.562296188696,0.191732033384267,0.111210943317034,1.72403926866881,0.0847007543792259,0.139675617755121,0.178520804531378,0.108214461832706,"PEX11A"
"ENSG00000182606",455.853560333087,-0.194275035711437,0.11268492580629,-1.72405523029233,0.0846978731226796,0.139675617755121,-0.177971008391605,0.108657894395652,"TRAK1"
"ENSG00000213523",405.073617004484,0.251287894815702,0.145769145922729,1.72387574356035,0.0847302771086369,0.139706803808681,0.222495257686746,0.140657919192305,"SRA1"
"ENSG00000169083",2979.09002367289,-0.155441709025817,0.0901843031119394,-1.72360048990874,0.0847799900430046,0.139771268332857,-0.146398818910064,0.0879133883338692,"AR"
"ENSG00000083807",13028.674124535,0.276437618317968,0.160402848624294,1.72339594146147,0.0848169483505579,0.139779689821435,0.24140454885957,0.154470620954592,"SLC27A5"
"ENSG00000163507",13.2246228975952,0.484559339305245,0.281162445432803,1.72341415852798,0.0848136563184394,0.139779689821435,0.344973174812145,0.264616865417518,"CIP2A"
"ENSG00000169507",70.5057918952808,-0.32390583691255,0.187937768882912,-1.7234738862647,0.084802863558724,0.139779689821435,-0.269531673889166,0.175513402025157,"SLC38A11"
"ENSG00000127863",42.4913295978897,-0.492444130295018,0.285842411367644,-1.72278189208825,0.0849279745615012,0.139945145566549,-0.352880326942126,0.257233233868568,"TNFRSF19"
"ENSG00000153406",460.647165928541,0.277347343671386,0.161045325192539,1.72216947831178,0.0850388220849604,0.140110265495006,0.240129957816909,0.154996400263924,"NMRAL1"
"ENSG00000160613",397.373408429104,0.218211654027435,0.126714980788605,1.72206674119669,0.085057429063509,0.140123387268538,0.196429998903359,0.122784480777481,"PCSK7"
"ENSG00000151651",77.043764291625,0.51324869184098,0.298115494140644,1.72164379889239,0.0851340638917214,0.140232088727437,0.350794471035149,0.28655143842322,"ADAM8"
"ENSG00000134590",232.795900079742,0.265629075845129,0.154315680225381,1.72133561189098,0.0851899408443337,0.140306575075869,0.232775015031136,0.14862980274998,"RTL8C"
"ENSG00000142156",822.518860665214,0.444548372115208,0.258307859785425,1.72100211152883,0.085250440730438,0.140388655741957,0.328384736590781,0.248233398353509,"COL6A1"
"ENSG00000171132",463.442742806068,0.538163969794601,0.312764669273239,1.72066739841529,0.0853111955441403,0.140471135634586,0.355753817598593,0.301861509599584,"PRKCE"
"ENSG00000100084",148.534692753674,-0.352390579631569,0.204821946888913,-1.72047275687059,0.0853465416274607,0.140511762794441,-0.286100289735991,0.189582700874487,"HIRA"
"ENSG00000007237",51.1873914791506,0.420445613539393,0.24439727490026,1.72033674970795,0.0853712469804931,0.140534863434005,0.316034701510856,0.233099825344887,"GAS7"
"ENSG00000224916",84.0566528934641,0.589868330054027,0.342922458780156,1.72012160461087,0.0854103393428112,0.140581638678266,0.367384893843033,0.330822355352185,NA
"ENSG00000102967",1128.59031648953,-0.267946694735573,0.155779668801134,-1.72003636159755,0.0854258321978368,0.14058956333959,-0.233330072493952,0.147187526638876,"DHODH"
"ENSG00000189339",546.488359785077,0.27131644396864,0.15775288544777,1.71988260752587,0.0854537826317424,0.140617985518,0.236161220601558,0.151892105687592,"SLC35E2B"
"ENSG00000140105",830.368790241408,0.226271256346074,0.131576837217646,1.71968912713558,0.0854889652830593,0.140658300039585,0.204048854447235,0.127355121356823,"WARS1"
"ENSG00000163795",241.268861743651,0.365193852194538,0.212373018941919,1.71958685719118,0.0855075668731789,0.140671326434121,0.291385856822371,0.20339042504535,"ZNF513"
"ENSG00000183474",40.3413458097945,0.244091665184854,0.141956657184513,1.71948022745836,0.0855269649366316,0.140685659714604,0.216735842463788,0.136620070402886,"GTF2H2C"
"ENSG00000074266",167.897327388988,-0.193772554754872,0.112720836038165,-1.71904823957538,0.0856055885005126,0.140797398900406,-0.176257133442321,0.10872466360048,"EED"
"ENSG00000149131",43518.6559673747,0.190799394996949,0.111008220876636,1.71878617178259,0.0856533143750694,0.140858298408964,0.184885731182145,0.107875970057805,"SERPING1"
"ENSG00000057252",360.60322634234,-0.23088802130466,0.134362433634511,-1.7183971371992,0.0857242021693864,0.140939666054213,-0.202470572909103,0.127978988994515,"SOAT1"
"ENSG00000176723",11.1814127300227,-0.401624236976367,0.233713355761149,-1.71844794949083,0.0857149407352092,0.140939666054213,-0.310725133127479,0.217251802441958,"ZNF843"
"ENSG00000147130",461.417994761026,0.227067445045245,0.132152169310021,1.71822714852722,0.0857551914741991,0.140973011730466,0.20449701802063,0.127848957607847,"ZMYM3"
"ENSG00000241343",18.0122280994742,-0.371595080489477,0.216286581051002,-1.71806812370783,0.0857841902404647,0.141003077241693,-0.296250981249959,0.201021233890896,"RPL36A"
"ENSG00000182329",9.7600026134686,0.514143668354956,0.29928087480254,1.71793025095298,0.0858093382622938,0.141026806586114,0.354596452823,0.279789516474715,"KIAA2012"
"ENSG00000196345",49.1897739029664,-0.26235971624849,0.152748510403232,-1.71759263351179,0.0858709449169038,0.141110441934093,-0.230450668718352,0.144970761719738,"ZKSCAN7"
"ENSG00000171408",137.179057906899,-0.439287802632926,0.255770745601096,-1.71750604863171,0.0858867502272888,0.141118801134717,-0.329454729478857,0.231828276456422,"PDE7B"
"ENSG00000116350",956.734513621318,-0.323027654986349,0.188149048276866,-1.71687105486181,0.0860027346165415,0.141289221969333,-0.269221459770014,0.175224211953667,"SRSF4"
"ENSG00000171456",841.757388062323,-0.222617074271486,0.129668212446009,-1.7168207232299,0.0860119333194747,0.141289221969333,-0.20342266322474,0.124102073231533,"ASXL1"
"ENSG00000141424",366.673352792211,0.325735260184454,0.189862172465346,1.71564064581589,0.0862278343691554,0.141626206001035,0.270079720576187,0.182049487794003,"SLC39A6"
"ENSG00000075790",561.531145523722,-0.280081526522376,0.163280427116673,-1.71534048182176,0.0862828206486171,0.14169884204312,-0.240276899223069,0.153650781772493,"BCAP29"
"ENSG00000170899",400.140838609565,-0.288995963400048,0.168531530828075,-1.71478869253768,0.0863839754109643,0.141847271172457,-0.245792782164487,0.158200339011292,"GSTA4"
"ENSG00000005156",275.778240399566,0.129888163354469,0.0757812130941261,1.71398896970859,0.0865307516686751,0.142070566962187,0.126646978428035,0.0745377961759789,"LIG3"
"ENSG00000114988",444.873406245054,0.139600794349775,0.0814677852693929,1.71357050996479,0.0866076334440216,0.142176553972036,0.146373240285945,0.0798142358653844,"LMAN2L"
"ENSG00000142864",2790.04356535946,-0.211602063397075,0.12348969000169,-1.71352007924045,0.0866169025831461,0.142176553972036,-0.192602408889897,0.118487469971662,"SERBP1"
"ENSG00000104635",11786.2750065594,0.180261027325712,0.10520758485911,1.71338433029435,0.0866418571442455,0.142199786980945,0.168283425338243,0.102585537810437,"SLC39A14"
"ENSG00000115421",114.400524256434,-0.291529521157115,0.170218096141211,-1.7126823044435,0.0867710023428278,0.14239399437189,-0.247964887273714,0.159931173529087,"PAPOLG"
"ENSG00000077522",11.1678287748727,-1.02122038379606,0.596381584453498,-1.71236069392027,0.0868302179399073,0.142473410941777,-0.452791375805872,0.471634279200378,"ACTN2"
"ENSG00000136048",148.590639088736,0.225966959066828,0.131986482485003,1.7120462248284,0.0868881501830778,0.142550702219365,0.203670748297603,0.127532220044528,"DRAM1"
"ENSG00000184887",466.170530821265,0.184718223861872,0.107900897285323,1.71192481720908,0.0869105245299846,0.142569644400919,0.171767873081123,0.105105144750013,"BTBD6"
"ENSG00000203666",90.2852209458204,-0.259013153913634,0.151363531703267,-1.71119919705232,0.087044346872129,0.142771380455768,-0.226949074951033,0.143539432344996,"DRC8"
"ENSG00000196378",58.3636729308187,-0.191737388775986,0.112071755313675,-1.71084488004436,0.0871097521178059,0.142860861532515,-0.177142565300693,0.108357834078921,"ZNF34"
"ENSG00000197696",14.4125233341689,-0.400179956724309,0.233920428380063,-1.71075249603303,0.0871268122876662,0.142871043788693,-0.309796342777061,0.216316573687445,"NMB"
"ENSG00000154553",44.7028986570461,-0.537446534148433,0.314244914740009,-1.71027917696963,0.0872142604480994,0.142996631763347,-0.365523305161586,0.278677046141735,"PDLIM3"
"ENSG00000131389",82.5426598918254,0.395674888290087,0.231389673373865,1.70999371977495,0.0872670343826305,0.143040147783087,0.305750508073728,0.220899268282802,"SLC6A6"
"ENSG00000173457",393.427807776746,-0.277719756293811,0.162413077079656,-1.70995932893755,0.0872733941319713,0.143040147783087,-0.239457764297449,0.152982307595117,"PPP1R14B"
"ENSG00000203778",213.151671843303,-0.216272497273063,0.126477673050039,-1.70996581497431,0.0872721946685312,0.143040147783087,-0.181747202694967,0.120573129066541,"FAM229B"
"ENSG00000196950",81.9674092282145,-0.347835712335699,0.203424980813318,-1.70989674397416,0.08728496865915,0.143041311596511,-0.282436997945023,0.188490712871553,"SLC39A10"
"ENSG00000204619",708.549245900507,0.0895699398882174,0.052388761032921,1.70971670492325,0.087318272172895,0.143078079829289,0.0879077414194602,0.0519538459492712,"PPP1R11"
"ENSG00000165138",96.8160242749341,0.305197985104633,0.17854522461547,1.70935955168744,0.0873843685061859,0.143168565922405,0.260998497311646,0.17098179531282,"ANKS6"
"ENSG00000171368",91.2304946354514,0.396852856269383,0.232205307951073,1.70906022679293,0.0874397939641895,0.14324154875358,0.305981159441921,0.221957256654178,"TPPP"
"ENSG00000100813",1148.23621894684,0.260929173042139,0.152680962637839,1.70898302272999,0.0874540943036471,0.143247151729512,0.228733359269688,0.14710475078356,"ACIN1"
"ENSG00000164011",199.379763059998,0.253781185602445,0.148572271960902,1.70813289891151,0.0876116856961899,0.143487430510765,0.239409293401521,0.142885380445131,"ZNF691"
"ENSG00000120889",1060.83503841817,-0.150691047809312,0.0882364596358515,-1.7078093163666,0.0876717298535096,0.143567909857128,-0.143214751881378,0.0861120251519317,"TNFRSF10B"
"ENSG00000133067",18.8986314462731,0.653580775040401,0.382860900095791,1.70709721174682,0.0878039852932131,0.143766604945957,0.375076168037099,0.363328984651372,"LGR6"
"ENSG00000215712",377.780437970877,0.127372208106003,0.0746249943517306,1.7068303885647,0.087853582382351,0.143829926093762,0.122887391766721,0.0734676667978491,"TMEM242"
"ENSG00000092140",97.1087070719127,-0.41022198795313,0.240417918287307,-1.70628708074455,0.087954642277335,0.143977473607285,-0.313955481213343,0.219109197156846,"G2E3"
"ENSG00000187735",858.290144932711,-0.329189080111285,0.192945418965491,-1.70612540000321,0.0879847343701603,0.144008828035496,-0.272163488266009,0.179112332034268,"TCEA1"
"ENSG00000144320",458.309348710853,-0.299564307142406,0.175591751006175,-1.70602722181335,0.0880030113904761,0.144010873989081,-0.253628112896431,0.164361620471673,"LNPK"
"ENSG00000177721",14.8939166781768,-0.463539494181004,0.271711122235403,-1.70600117642371,0.088007860558723,0.144010873989081,-0.338766887254901,0.24721126958768,"ANXA2R"
"ENSG00000171055",408.197724902762,-0.261701854691054,0.153428236747122,-1.70569551107067,0.0880647858799466,0.144086115433749,-0.228490618128786,0.145110951911144,"FEZ2"
"ENSG00000123600",157.727299660687,0.16074230856388,0.094250606271509,1.70547771439079,0.0881053651672239,0.144134597141112,0.150689958838897,0.0920902138729741,"METTL8"
"ENSG00000167088",272.359325066935,-0.155473546095942,0.0912063589012623,-1.70463493959071,0.0882625307545577,0.144355836014224,-0.147111463098724,0.0889417401336014,"SNRPD1"
"ENSG00000182993",21.8594024547146,-0.319240011340477,0.187276047716969,-1.70464944787251,0.0882598232543186,0.144355836014224,-0.265598011929099,0.175576989908316,"C12orf60"
"ENSG00000175105",177.035119651703,-0.348639235489569,0.204563418963603,-1.70430880191536,0.0883234114469122,0.144437465545901,-0.280832109100383,0.188936710648804,"ZNF654"
"ENSG00000116991",137.337168123624,0.388219849755117,0.227812750706099,1.70411817842435,0.088359011141953,0.144459796435484,0.301593142542801,0.217673691386437,"SIPA1L2"
"ENSG00000127418",544.764369514978,0.277302766011392,0.162719609328248,1.70417546573628,0.0883483112930625,0.144459796435484,0.239381435361266,0.156470422969939,"FGFRL1"
"ENSG00000114251",154.53791749107,-0.293099556462997,0.172028949802228,-1.70378042067895,0.0884221171486054,0.144545020409553,-0.248620341253803,0.161338450752574,"WNT5A"
"ENSG00000156273",419.170443363352,-0.375013795951653,0.220140337059389,-1.70352149433878,0.0884705190443142,0.144606189166659,-0.296866334947121,0.202005629626287,"BACH1"
"ENSG00000183741",311.271454809249,0.277643322345706,0.16300092873339,1.70332356081129,0.0885075337672737,0.144648732569504,0.239606913300002,0.156650038210373,"CBX6"
"ENSG00000196268",92.4699648311221,-0.394021167506051,0.231369286644265,-1.70299685503144,0.0885686569562381,0.144730661224504,-0.305891039712784,0.211662102722889,"ZNF493"
"ENSG00000115806",937.930779038434,0.167281125704406,0.0982330098070173,1.70290135701876,0.0885865300467238,0.144741903027447,0.157586822023958,0.0959794975990869,"GORASP2"
"ENSG00000173575",1074.0173517531,0.175633953660736,0.103146450616175,1.70276294154123,0.088612440587179,0.144766272834198,0.165022024451366,0.100614498098722,"CHD2"
"ENSG00000136960",652.536821925044,0.739015173749496,0.434164914501517,1.70215314288579,0.0887266639453449,0.144934895472011,0.358666124284132,0.409103986801674,"ENPP2"
"ENSG00000119328",233.112234587215,-0.193173626829476,0.113545705349991,-1.7012851893785,0.0888894477220416,0.145182789816201,-0.177935194767809,0.109509270867526,"ABITRAM"
"ENSG00000007944",79.3106990327297,-0.24632779372723,0.144795466303658,-1.70121206150642,0.0889031737624189,0.145187197439346,-0.219576631388287,0.138009052032243,"MYLIP"
"ENSG00000153956",21.7037031732065,-0.548979885521897,0.322752269167919,-1.70093269037956,0.0889556272140701,0.145254841609878,-0.369532720117087,0.28657579059088,"CACNA2D1"
"ENSG00000091986",94.7783167897243,-0.647544510510167,0.380714090953823,-1.70086825230934,0.088967729351111,0.145256587876578,-0.393284378929643,0.326988738922573,"CCDC80"
"ENSG00000014919",777.878193149772,0.131837480743145,0.0775280701342919,1.70051286604684,0.0890344984064389,0.145347576691776,0.126773972942511,0.0762517870664269,"COX15"
"ENSG00000079313",182.972624616628,0.502835573755067,0.2957603504442,1.70014531359549,0.0891035956738369,0.145433817454071,0.344516151669235,0.283858839179369,"REXO1"
"ENSG00000164050",2348.3843674067,0.309113444825733,0.181819208131479,1.70011434986673,0.0891094186086884,0.145433817454071,0.259821039562939,0.174403956781607,"PLXNB1"
"ENSG00000133739",89.0743719738666,-0.351179105599891,0.206582688123261,-1.69994450546773,0.0891413644285996,0.145467923161495,-0.281857408382222,0.190880564949443,"LRRCC1"
"ENSG00000110330",975.654990704414,-0.232562221630138,0.136855182870321,-1.69933075790418,0.0892568803475405,0.145638379806137,-0.207673848702566,0.13041419475194,"BIRC2"
"ENSG00000029993",600.311756866962,0.199385171999128,0.117383517822128,1.69857894616225,0.0893985461594405,0.145851457092341,0.182708891160405,0.114005369727255,"HMGB3"
"ENSG00000007312",40.8399697040756,-0.347274735695951,0.204491956531809,-1.69823176219615,0.0894640280146408,0.145931676590729,-0.282174804824385,0.189791539767809,"CD79B"
"ENSG00000119446",256.926460560849,-0.216533775480246,0.127507763058013,-1.69820072352558,0.0894698840528913,0.145931676590729,-0.196067985968012,0.122158912626005,"RBM18"
"ENSG00000141971",167.857135792197,0.303179540607546,0.17854700042237,1.69803771494534,0.0895006438038083,0.145948368037775,0.255664273347513,0.171093583665803,"MVB12A"
"ENSG00000172915",26.8082700038758,-0.413649109614956,0.243605444236461,-1.69802900305232,0.0895022879794165,0.145948368037775,-0.315784531080565,0.222671205871526,"NBEA"
"ENSG00000087299",361.34747914976,0.259743712615899,0.15301779672249,1.69747387676065,0.0896071058560702,0.146101195752448,0.227324736829663,0.147328976891112,"L2HGDH"
"ENSG00000154736",69.9977988880755,-0.41586095215044,0.245060669640944,-1.69697141838283,0.0897020642764631,0.146237912117869,-0.316364320546978,0.222908043999287,"ADAMTS5"
"ENSG00000012061",456.23697946639,0.161907273358048,0.0954509956365448,1.69623451571477,0.0898414762927102,0.146447056688105,0.153161392801224,0.0933075212024316,"ERCC1"
"ENSG00000187164",846.479103107808,-0.194788821284626,0.114901528241085,-1.69526745437121,0.0900246958039972,0.146727549511689,-0.176752105975396,0.11056946002036,"SHTN1"
"ENSG00000066294",151.026139335028,0.589239268520866,0.347629999053297,1.69501846827243,0.0900719173791688,0.146786342890721,0.361460716225879,0.333971906411876,"CD84"
"ENSG00000099219",305.061523257183,0.204214006000202,0.120577974163578,1.69362611552225,0.0903363522551296,0.147199061112752,0.186915559868121,0.116954206530933,"ERMP1"
"ENSG00000125166",7361.12143923761,-0.174095596144129,0.102798903633766,-1.69355498930579,0.0903498772597136,0.14720288132674,-0.160967890423405,0.0995545436683218,"GOT2"
"ENSG00000026025",1657.44454997246,-0.337083231115566,0.199065325313665,-1.69332971769156,0.0903927245325031,0.147254468101328,-0.266059046197295,0.183276772924814,"VIM"
"ENSG00000188735",116.37895131821,0.436092819943008,0.257579754237116,1.69303997216164,0.0904478589550143,0.147326056043761,0.320984990069226,0.24602146212687,"TMEM120B"
"ENSG00000166341",152.351008733245,0.395413031116542,0.233649654681235,1.6923330430597,0.0905824909725152,0.147527099968349,0.303889155540987,0.223083820888446,"DCHS1"
"ENSG00000111913",84.1598190058353,-0.38008904693701,0.224621455314731,-1.69213153037604,0.090620897826005,0.147571396509237,-0.298709297379449,0.205997022903714,"RIPOR2"
"ENSG00000139438",33.1208932101565,0.431549774891189,0.255093946457112,1.69172879593889,0.0906976953347418,0.147678191538117,0.31888953767039,0.242352028037663,"FAM222A"
"ENSG00000004961",247.780837194677,0.155211801718041,0.0917573290352731,1.69154664101409,0.0907324476822799,0.147716508740559,0.151201318614205,0.0896842573280314,"HCCS"
"ENSG00000149016",191.921778653727,0.384524293923051,0.227379784194047,1.69111029498953,0.0908157393262513,0.147833830856754,0.298626582407002,0.217241750831972,"TUT1"
"ENSG00000054282",193.183799245442,-0.14803516863732,0.0875448486221098,-1.69096378561712,0.0908437194646378,0.147861096609151,-0.139144337501405,0.0855090912407635,"SDCCAG8"
"ENSG00000158457",769.081559017291,-0.242601955501961,0.143501358854441,-1.69058995286617,0.0909151448936659,0.147959060280594,-0.215316224783587,0.136340921069572,"TSPAN33"
"ENSG00000066468",981.606826763401,0.231840657818664,0.137143824286921,1.69049287508291,0.0909337002047217,0.147970967358221,0.206570118425939,0.132499453901655,"FGFR2"
"ENSG00000021826",63424.605957587,0.334006502443684,0.197687341244121,1.6895695007159,0.0911103449727426,0.148240089212942,0.273235788292539,0.189305464535398,"CPS1"
"ENSG00000167491",376.40295595926,0.208079307981646,0.123175405167922,1.68929266112806,0.0911633590876903,0.148304388594609,0.189960411688436,0.119362874567636,"GATAD2A"
"ENSG00000184347",41.8436671494692,-0.615063607538152,0.364105517640346,-1.68924550093112,0.091172392623786,0.148304388594609,-0.38913354009204,0.316807958950133,"SLIT3"
"ENSG00000188760",32.9798801031717,0.408419120067061,0.241925911816919,1.68819915568258,0.0913730052541479,0.148612351720335,0.3099265901772,0.228986984170396,"TMEM198"
"ENSG00000085760",674.182512460046,0.115968105952733,0.0687078828793562,1.68784280773664,0.0914414077196649,0.148705233947271,0.112611121415677,0.0677790520920454,"MTIF2"
"ENSG00000130348",253.288945241448,0.185465471477148,0.10988714005063,1.68778140364464,0.0914531986459112,0.148706040925289,0.172070833451428,0.106914532770907,"QRSL1"
"ENSG00000158793",1173.56459361042,0.162782945178866,0.0964581445954848,1.68760186982164,0.091487680069718,0.148743738675958,0.157612285064258,0.094188562664409,"NIT1"
"ENSG00000164244",830.184832720053,-0.281457127271186,0.166801916000792,-1.68737346680028,0.0915315624571474,0.148796709632152,-0.24196828922735,0.156681351900039,"PRRC1"
"ENSG00000130812",391.955680510187,0.250039268392865,0.148195770066471,1.68722270737359,0.0915605366808647,0.148825435301267,0.220457121450861,0.142778630538991,"ANGPTL6"
"ENSG00000126453",102.398872251003,0.248254878395135,0.147143813912068,1.68715810603829,0.091572954568623,0.148827246000554,0.219034222670649,0.141700007712219,"BCL2L12"
"ENSG00000119314",466.979096936261,-0.327929346204334,0.194397626665695,-1.68689994743749,0.0916225922034046,0.148889539490252,-0.269438253547218,0.180249797256066,"PTBP3"
"ENSG00000129009",96.7906577504192,0.405788578288182,0.240581280110218,1.6867005533526,0.0916609456463454,0.148933482707612,0.307751169585377,0.22951570079261,"ISLR"
"ENSG00000140548",110.930471008601,0.305397013622649,0.181094684602451,1.68639413295356,0.0917199107435684,0.149010901388181,0.256164839311192,0.173187291342517,"ZNF710"
"ENSG00000173653",71.682887662482,0.272757642588551,0.16176117954356,1.68617491142305,0.0917621146877015,0.149061073655556,0.235558188353693,0.154952016502867,"RCE1"
"ENSG00000115461",487.107670812936,-0.354676302417031,0.210390969275394,-1.68579622803474,0.0918350545616056,0.149161155731322,-0.279674991457922,0.193090538674542,"IGFBP5"
"ENSG00000124570",730.456366812757,-0.164362404926326,0.0975198977564611,-1.68542429501713,0.0919067395571788,0.149259175158482,-0.153128192361084,0.0947456612476943,"SERPINB6"
"ENSG00000033327",112.017828253419,0.29930642665292,0.177594112785191,1.68533980073397,0.0919230309382846,0.149267220687402,0.252314660246125,0.169964991715616,"GAB2"
"ENSG00000165959",1573.11703687069,0.203293244359467,0.120652895967794,1.6849429326067,0.0919995823067714,0.14937310403884,0.204226356111314,0.116727417157338,"CLMN"
"ENSG00000100014",432.569760363073,0.177487494509639,0.105405928551527,1.68384735990326,0.0922111717391511,0.149698185834484,0.165297324199464,0.102662630884164,"SPECC1L"
"ENSG00000001631",349.683476738969,-0.221555396378017,0.131605430123187,-1.68348217980545,0.0922817862584717,0.149794353085814,-0.199784253773374,0.125782645439856,"KRIT1"
"ENSG00000077420",254.501990497177,0.37318023593316,0.221796397134177,1.68253515726589,0.0924651134559262,0.150073432416263,0.292580144733025,0.21188036599078,"APBB1IP"
"ENSG00000110077",1347.53070217182,-0.368783315045541,0.219196402901257,-1.68243324326663,0.0924848596628663,0.150086979208837,-0.290408664207177,0.200754067070897,"MS4A6A"
"ENSG00000204301",185.550353033673,-0.428127082820911,0.254634410410639,-1.68134024828179,0.0926968443677533,0.15041245414664,-0.320996703876066,0.230194193240322,"NOTCH4"
"ENSG00000160051",21.0060482059409,0.340834362992562,0.202772535046416,1.6808704537552,0.0927880800875813,0.15054194238239,0.276639503000383,0.191093590697647,"IQCC"
"ENSG00000012822",730.070108000691,0.195568633651043,0.116366378857369,1.68062833587657,0.0928351283576321,0.150599716603818,0.181662833580323,0.112982968612216,"CALCOCO1"
"ENSG00000187840",410.719545271528,-0.257694928274926,0.15338687227667,-1.68003248550575,0.092950995372473,0.150769102510038,-0.225557720156197,0.145018739408096,"EIF4EBP1"
"ENSG00000114982",779.671166002095,0.183267464078995,0.109107554398322,1.67969546279019,0.0930165830282059,0.150838321486557,0.169792140542758,0.106188100187842,"KANSL3"
"ENSG00000143126",88.0127075881362,-0.427135066815448,0.254292650101742,-1.67969882985038,0.0930159275843232,0.150838321486557,-0.319309829244435,0.230241743940813,"CELSR2"
"ENSG00000173272",152.96364803371,0.429046347922798,0.255693593749857,1.67797065867255,0.0933528271395038,0.151364941147624,0.316348545156415,0.244007650411712,"MZT2A"
"ENSG00000100354",415.637605246319,0.151427273668397,0.090264501152253,1.67759497626845,0.0934261942084679,0.151465247253871,0.143744937985628,0.0883531665331459,"TNRC6B"
"ENSG00000068745",777.938997082584,0.275616226527436,0.164393315128383,1.67656590118761,0.0936273993568719,0.151772757933092,0.2370366861979,0.157848998859222,"IP6K2"
"ENSG00000110090",1346.93252582743,-0.422194559364286,0.251889903443255,-1.67610751202418,0.093717135606789,0.151899520792685,-0.31480066957206,0.227163213951607,"CPT1A"
"ENSG00000076201",246.71972940281,0.392903904734884,0.234472015484852,1.67569636795427,0.0937976816262986,0.15201135848004,0.301355045552078,0.223771342266009,"PTPN23"
"ENSG00000116962",1690.6010966962,-0.259412306619726,0.154825633222658,-1.67551264748687,0.0938336917034556,0.152051001226793,-0.225160725642449,0.14611425910033,"NID1"
"ENSG00000168461",180.421960197861,-0.359281024234493,0.2144874133168,-1.67506810156655,0.0939208706706699,0.152173539656663,-0.286212123347145,0.197092628458527,"RAB31"
"ENSG00000261609",89.8156740591389,-0.188765021388285,0.112700817477143,-1.67492149226485,0.0939496361519359,0.152201416214641,-0.174071736788595,0.10877881084091,"GAN"
"ENSG00000198520",75.5761322858843,-0.545880036226673,0.326076738793782,-1.67408456747324,0.0941139803033357,0.15244890067344,-0.364811532496141,0.286630968102232,"ARMH1"
"ENSG00000197279",19.4501616620873,-0.371943950824195,0.222318974965608,-1.67301936724804,0.0943234834384743,0.152769465241844,-0.293634310808069,0.205191638911215,"ZNF165"
"ENSG00000125871",256.018331461299,-0.122618709984696,0.073299849373647,-1.67283713448912,0.0943593623230388,0.15280877790223,-0.116168087178688,0.0719685803363564,"MGME1"
"ENSG00000008256",100.075348492219,0.213860722906444,0.12785901641741,1.67262918876422,0.0944003170666719,0.152856299901587,0.195625765426283,0.123518080392834,"CYTH3"
"ENSG00000147679",126.046666322828,-0.259562830228435,0.155241564489512,-1.67199313587162,0.0945256756240547,0.153040463018483,-0.225981214296399,0.146719865851446,"UTP23"
"ENSG00000171759",29037.0879738175,-0.219344215286068,0.131212903690016,-1.67166649862622,0.0945901038224307,0.153108322369922,-0.194743794255611,0.1251676043501,"PAH"
"ENSG00000178585",336.935066041514,0.182384674060916,0.109103750826182,1.67166273093104,0.0945908471940564,0.153108322369922,0.174635144588045,0.106080080841718,"CTNNBIP1"
"ENSG00000137822",308.727085340796,0.158026727568348,0.0945405901437479,1.67152254209616,0.094618509979165,0.153134271958904,0.149507085276701,0.092465937642521,"TUBGCP4"
"ENSG00000162543",209.864262486168,0.485897173691855,0.290712762199533,1.67139952857782,0.0946427889822605,0.153135917382382,0.335346511564058,0.27767964890578,"UBXN10"
"ENSG00000172482",28115.3537591815,0.31272890771806,0.187103838555369,1.67141898387892,0.094638948784829,0.153135917382382,0.285299317072143,0.179001366037897,"AGXT"
"ENSG00000107554",435.765365537926,0.152345636123517,0.0911605598822151,1.67117925032883,0.0946862774613565,0.15318745749032,0.144527244686528,0.0892451195660453,"DNMBP"
"ENSG00000115318",27.7738836806636,0.396957148811238,0.237556604592145,1.67100026325416,0.0947216258128304,0.153225817109193,0.303367851202024,0.224012187783751,"LOXL3"
"ENSG00000180884",52.2471660537956,0.246115591483767,0.147295168884316,1.67090063678235,0.0947413057333965,0.153238824482297,0.217155700200092,0.14118044250618,"ZNF792"
"ENSG00000108510",1083.28875029923,-0.316880121600438,0.189664529618205,-1.67074002839813,0.0947730387401964,0.153271321465843,-0.260949910390528,0.175970516854663,"MED13"
"ENSG00000131724",3522.03805831117,-0.145479565756801,0.0870794535927006,-1.67065317654905,0.0947902024775035,0.153280251267356,-0.137897870875522,0.0850017481125617,"IL13RA1"
"ENSG00000171100",402.395559573581,0.192663550348664,0.115340631855793,1.67038750567575,0.0948427200470591,0.153346340677831,0.178134856941011,0.112017462807903,"MTM1"
"ENSG00000186648",67.5431004348386,-0.489823206779231,0.293264014561276,-1.67024654392735,0.0948705946987085,0.153372574877603,-0.344208129785157,0.261213144313545,"CARMIL3"
"ENSG00000073464",167.162925012914,0.218423177420908,0.130796570839028,1.66994574872856,0.094930097757268,0.153449928431208,0.197374795988426,0.126333883337511,"CLCN4"
"ENSG00000166428",13.2234417441875,0.496446590000546,0.297512006396824,1.66866069041389,0.095184643747594,0.153842501789936,0.340188800314282,0.278073023506783,"PLD4"
"ENSG00000143970",364.948711594575,0.238622319669755,0.143032112564544,1.66831290813854,0.0952536268233134,0.153935098902141,0.212965349669599,0.137857080681191,"ASXL2"
"ENSG00000163029",810.682741789617,0.350038800694069,0.209829022985951,1.66820964856471,0.0952741162043571,0.153949314426432,0.280442544514583,0.200411658917608,"SMC6"
"ENSG00000198804",839844.147996216,-0.318405832548598,0.190884619087644,-1.66805389596321,0.0953050282429004,0.153964091640357,-0.262490845739559,0.177026517509077,"MT-CO1"
"ENSG00000214290",10.0885256652361,0.642325712841685,0.385076800890445,1.66804572842712,0.0953066494659659,0.153964091640357,0.366633879337637,0.35682327059695,"POU2AF3"
"ENSG00000150938",307.537142825492,-0.35457637876247,0.212685112619921,-1.66714244544288,0.0954860838468789,0.154235036183046,-0.282913689928739,0.195393818441151,"CRIM1"
"ENSG00000142002",709.53217139802,0.295997163354934,0.177583194475057,1.66680841748518,0.0955525059451388,0.154323392207274,0.250249959729476,0.170104419460958,"DPP9"
"ENSG00000127022",9966.04076554101,0.266993191306871,0.160195016051509,1.66667601706799,0.0955788442577849,0.154346122607028,0.238482016254607,0.153897091276737,"CANX"
"ENSG00000169379",84.1710776351212,-0.290649276458281,0.174394468203671,-1.66661981570906,0.095590026107983,0.154346122607028,-0.245880138159065,0.16327383555151,"ARL13B"
"ENSG00000134627",20.3213907562486,-0.400394757415894,0.2402837813475,-1.66634117030496,0.095645481006816,0.154416726295002,-0.306071616831471,0.220065870389519,"PIWIL4"
"ENSG00000108479",1232.51112393374,0.418207200421831,0.250993045941911,1.66621030814782,0.0956715335596983,0.154439849294628,0.310654767332943,0.239534856363623,"GALK1"
"ENSG00000054118",1418.4411328859,0.116400206667266,0.0698814433102372,1.66568120452964,0.095776927519257,0.154572079887048,0.11547171898562,0.0688691340100308,"THRAP3"
"ENSG00000147155",5261.95131057835,0.344653595828422,0.206907630989027,1.66573651334639,0.0957659060185273,0.154572079887048,0.279184542047628,0.197677006185254,"EBP"
"ENSG00000133661",14.9350467903872,0.423836084246832,0.254560584052365,1.66497136948604,0.0959184679595787,0.154781535623951,0.314223763924031,0.238438916041137,"SFTPD"
"ENSG00000066933",234.758774644143,-0.24043243593576,0.144415776102887,-1.66486267929944,0.0959401554541958,0.154797559645826,-0.211906822312322,0.137037771950829,"MYO9A"
"ENSG00000114416",1249.20525119933,-0.1565721787425,0.0940579511127984,-1.66463522636945,0.0959855529719722,0.154851830710573,-0.145291819716791,0.0914464883947447,"FXR1"
"ENSG00000109743",52.9058775056101,-0.301772667894066,0.181367569501977,-1.66387336348341,0.0961377390715042,0.155078347539258,-0.253100912334227,0.169491035921353,"BST1"
"ENSG00000117713",585.821518136885,0.249864804132697,0.150262036556723,1.66286049263265,0.096340364269758,0.155370494216793,0.219853191392969,0.144594088776764,"ARID1A"
"ENSG00000168310",545.410760194366,0.160439627424938,0.0964847224973533,1.66285006861411,0.0963424513736822,0.155370494216793,0.151241545649489,0.0942870796756544,"IRF2"
"ENSG00000006740",20.1541509570582,-0.404959241927058,0.24364326450058,-1.66209906420825,0.096492913193823,0.155594083908129,-0.307486382609076,0.223103176951944,"ARHGAP44"
"ENSG00000167536",52.5901419362676,-0.286220858821596,0.172256423320263,-1.66159759563479,0.0965934857752761,0.155737182674172,-0.243570666831465,0.161806005043493,"DHRS13"
"ENSG00000168918",154.747619829781,-0.286701036608446,0.172602365758974,-1.66104928717375,0.0967035483312271,0.155895545160883,-0.243448540863951,0.16157243609418,"INPP5D"
"ENSG00000116221",1500.22622384536,0.165006472669819,0.0993515767397692,1.66083396041131,0.0967467985292354,0.155946174024965,0.156273838579981,0.0969914450811943,"MRPL37"
"ENSG00000137573",72.9336316690146,-0.602479102416194,0.362975851332559,-1.65983246600117,0.0969481604933329,0.156251619666449,-0.378659530003708,0.313345360412974,"SULF1"
"ENSG00000185122",444.377708841089,0.284569343879284,0.171455443015395,1.65972767545054,0.0969692491924185,0.156266479175934,0.242353666695602,0.164307160282425,"HSF1"
"ENSG00000164405",3479.59093273411,-0.259195568537723,0.156260096663106,-1.65874445282435,0.0971672977281262,0.156566471899218,-0.223534252681938,0.147227232097572,"UQCRQ"
"ENSG00000023228",2811.91386438877,0.209139967906732,0.126094025749487,1.658603305459,0.0971957552814216,0.156593161286735,0.191898297955498,0.122008748914329,"NDUFS1"
"ENSG00000139971",26.2314361991752,0.518687995463706,0.312749590669746,1.65847697627021,0.0972212309050439,0.156615040510927,0.342299383264251,0.295021058567293,"ARMH4"
"ENSG00000186814",164.385912580764,-0.198868145179044,0.119940282224852,-1.65805967344837,0.0973054223987386,0.1567314890264,-0.181805409777838,0.115271693073309,"ZSCAN30"
"ENSG00000162747",43.3152327751473,0.704998193021466,0.425219369714886,1.65796349656925,0.0973248344957107,0.156743580546854,0.357054302218707,0.396818128041935,"FCGR3B"
"ENSG00000114626",259.089816212488,0.281301749903829,0.169839081870747,1.65628397660504,0.0976643238567544,0.157271096856413,0.239817142172065,0.16270034595315,"ABTB1"
"ENSG00000113658",573.402502871044,-0.322432190721816,0.194696878961447,-1.65607272413269,0.0977070922458032,0.157320726000764,-0.263832093773298,0.180145121277304,"SMAD5"
"ENSG00000147996",154.837890767606,-0.251051467198903,0.151648316619741,-1.65548469508181,0.0978262184484723,0.157493273672363,-0.219796860781025,0.143401240325553,"ZNG1E"
"ENSG00000132376",328.498267884256,0.165246845010791,0.0998255044532744,1.65535697431049,0.0978521081686489,0.157515693379194,0.154773201329592,0.097395813541139,"INPP5K"
"ENSG00000123575",368.629846342525,-0.342487106946381,0.207038720719796,-1.65421765433868,0.0980832970537912,0.157868543888779,-0.274745687725493,0.190446783619972,"FAM199X"
"ENSG00000186812",249.459726111493,0.234063531706839,0.141522039759246,1.65390162624156,0.0981475021849653,0.157952574717914,0.20809403481028,0.136381053993835,"ZNF397"
"ENSG00000120688",228.442269834196,-0.126992241766607,0.0768035556993581,-1.65346826211679,0.0982356002018661,0.158075032053015,-0.121894771418246,0.0753383987044851,"WBP4"
"ENSG00000072062",1132.21733672789,0.204682708342869,0.123894781791865,1.65206883924072,0.098520518380584,0.158514132347399,0.202239287956632,0.119794098526139,"PRKACA"
"ENSG00000166228",4256.40019307876,-0.17637502484827,0.106787597317293,-1.65164334884523,0.0986072776060109,0.158634337360794,-0.163544029940525,0.103234582356668,"PCBD1"
"ENSG00000106605",119.043996325115,-0.32614800068412,0.197534643295131,-1.65109266528419,0.0987196547831624,0.15879572081553,-0.266298217902371,0.182795831371338,"BLVRA"
"ENSG00000124920",347.038878756257,0.350020520016177,0.212274335614545,1.64890644459138,0.0991668026533731,0.159493210930742,0.278441388625681,0.202337687836713,"MYRF"
"ENSG00000198721",5383.88563281401,0.139719768264731,0.084737488301448,1.64885425642647,0.0991774964218429,0.159493210930742,0.133592380761009,0.0831318292882464,"ECI2"
"ENSG00000204227",496.633806160828,-0.18789886075141,0.113982180528423,-1.64849329851657,0.0992514847536796,0.159592702524053,-0.17374083070275,0.109864250048692,"RING1"
"ENSG00000006025",23.6196366056069,0.534519656200458,0.324477172419952,1.64732591884356,0.0994910731955977,0.15995841613057,0.342588728330523,0.304266230789985,"OSBPL7"
"ENSG00000175309",1040.13647523284,0.244206681023278,0.148286066582915,1.6468619517042,0.0995864240389006,0.16009216836339,0.212764049311219,0.14259691496287,"PHYKPL"
"ENSG00000111845",163.858341813034,0.210485732723933,0.127822386842189,1.64670475903255,0.0996187455568958,0.160124576242472,0.191005923008889,0.123565746188293,"PAK1IP1"
"ENSG00000134070",126.977741519413,0.258084222524404,0.156766089964948,1.6463013307413,0.0997017356529157,0.160238409619908,0.224581827392344,0.150450245724643,"IRAK2"
"ENSG00000196220",38.636115146255,0.297208063282477,0.180609759572091,1.64558141258056,0.0998499685587227,0.160457059202263,0.249296338167839,0.172056590630831,"SRGAP3"
"ENSG00000119147",11.1348718445816,-0.668182020171615,0.40610863910142,-1.64532825908376,0.0999021352323643,0.160521297592056,-0.387951436587633,0.345856103674929,"ECRG4"
"ENSG00000180667",164.255886293399,-0.377423343806351,0.229459063565986,-1.64483955412733,0.100002902853057,0.160663602069963,-0.290976221961678,0.208744987226987,"YOD1"
"ENSG00000144567",1315.41340000103,0.116510989252668,0.0708547682958938,1.64436342189577,0.100101155996967,0.160801832583708,0.112640745351148,0.0698455734991511,"RETREG2"
"ENSG00000124466",10.2560491744492,0.405947526824294,0.246883714161784,1.64428637264536,0.100117062870237,0.160807765005434,0.305034406190393,0.229167926465986,"LYPD3"
"ENSG00000183844",24.6040064656138,0.8102994550488,0.493065892946507,1.64338979158858,0.10030231089247,0.161085658112986,0.335122954379219,0.433005205641694,"FAM3B"
"ENSG00000088727",46.6928410651792,-0.205376775743836,0.125051715963218,-1.6423347265722,0.100520654105381,0.161416627875527,-0.187314661151348,0.120325876969102,"KIF9"
"ENSG00000165914",290.550698517223,0.225425490507037,0.137284642125229,1.64202992423148,0.100583802710634,0.161498334937586,0.201208003019973,0.132343693378992,"TTC7B"
"ENSG00000182220",1272.11220248646,-0.278807214312199,0.169907696919968,-1.64093339716991,0.100811241457717,0.161843775762993,-0.233696318854238,0.158720090666067,"ATP6AP2"
"ENSG00000120063",437.790142274816,-0.389395461674721,0.237320807942017,-1.6407978088877,0.100839393267479,0.161869233328411,-0.297969343435027,0.215155082568636,"GNA13"
"ENSG00000145730",293.79436882363,-0.255199550050877,0.155569056645,-1.64042615899657,0.100916589995608,0.161973402887014,-0.22103600775383,0.146692564448597,"PAM"
"ENSG00000164611",18.2521937507323,-0.414577367323221,0.252786374183433,-1.64003051454975,0.10099882245493,0.162085628527744,-0.310152811429056,0.229738768158293,"PTTG1"
"ENSG00000142541",11521.1339563507,-0.196804031718425,0.120014605345793,-1.6398340114637,0.101039684346111,0.162131442303583,-0.177266662271673,0.115132128080777,"RPL13A"
"ENSG00000197415",15.275134029049,0.67548629079866,0.411940969674311,1.63976477341575,0.101054085209486,0.162134789893748,0.354753912124566,0.37935768128016,"VEPH1"
"ENSG00000101220",155.132561655756,0.297576959060402,0.181515760935813,1.63940011339088,0.101129958054196,0.162236752496837,0.248870451121161,0.173400471845804,"ADISSP"
"ENSG00000109805",15.4798335115162,0.594003004627638,0.362556897094729,1.63837182353322,0.101344153197004,0.162560565422973,0.353049735022772,0.336973762731358,"NCAPG"
"ENSG00000137033",518.990737425087,-0.444450820863214,0.271311261574241,-1.63815839521131,0.101388656055093,0.162612138582209,-0.320981576993685,0.242007093898345,"IL33"
"ENSG00000169184",13.7563753340136,-0.438898358933803,0.267997511028598,-1.63769565340093,0.101485197794492,0.162747151542299,-0.319428304758576,0.242861448676012,"MN1"
"ENSG00000145604",374.634382897532,-0.188265498897509,0.114987236461056,-1.63727301126392,0.101573437496664,0.162868819642075,-0.173249996332649,0.110776756831431,"SKP2"
"ENSG00000130520",684.191694479753,0.182809295574599,0.111703743666421,1.63655477940398,0.101723530867805,0.163089625840906,0.168973046922155,0.108554392311177,"LSM4"
"ENSG00000113391",156.657744414761,-0.299520473588169,0.183056930825754,-1.63621487718088,0.101794623876362,0.163178657693205,-0.247679362197733,0.170222721669706,"ARB2A"
"ENSG00000123066",569.617152038061,-0.25259122637673,0.154382268253325,-1.63614143796782,0.101809989414165,0.163178657693205,-0.21985932810182,0.145670410520919,"MED13L"
"ENSG00000178952",3131.85968595574,0.149680605209391,0.0914855748343125,1.6361115452406,0.101816244337664,0.163178657693205,0.144848756822072,0.0894796415029051,"TUFM"
"ENSG00000108669",825.157927318345,0.17741623080656,0.108462668921717,1.6357354338626,0.101894970154519,0.163265081788292,0.165499912728059,0.105500466979992,"CYTH1"
"ENSG00000158062",147.042287305891,0.393288039782824,0.240433526594359,1.63574541934141,0.101892879416351,0.163265081788292,0.297531021981169,0.228270209003069,"UBXN11"
"ENSG00000133612",505.999496683388,0.277670100823707,0.169776784827302,1.63550099683036,0.101944065891636,0.163323870957566,0.237219752640647,0.162591115792888,"AGAP3"
"ENSG00000153094",271.012293544548,-0.25762304894308,0.157549075188715,-1.63519239090737,0.102008722762813,0.163407573171334,-0.22356208996556,0.148402939570554,"BCL2L11"
"ENSG00000170043",305.807565185129,0.163519082233052,0.100020922830779,1.63484876568979,0.102080755023916,0.163503068204974,0.15319930321285,0.0976063201425552,"TRAPPC1"
"ENSG00000104953",18.0790019577167,0.477111710860168,0.291865936501093,1.63469473889216,0.102113055950152,0.163534909942792,0.328241356552015,0.272788276824004,"TLE6"
"ENSG00000139350",96.492121614082,-0.324766710648076,0.198693950911181,-1.63450728700469,0.102152377418037,0.163570674848568,-0.264819679446156,0.183710275434387,"NEDD1"
"ENSG00000173041",398.215680588696,-0.377490992287613,0.230956230899861,-1.63446983359928,0.102160235400256,0.163570674848568,-0.289794997413791,0.209632027338924,"ZNF680"
"ENSG00000188428",198.173346990814,-0.168347958854198,0.103045247194752,-1.6337285167168,0.102315867798349,0.163799941078924,-0.157074080258591,0.0998690722350138,"BLOC1S5"
"ENSG00000138592",652.219379630756,-0.230035920066988,0.14081212840317,-1.63363712114595,0.102335068482088,0.16381076129303,-0.201829950486565,0.133600341546905,"USP8"
"ENSG00000115998",248.010828112018,-0.151813728176196,0.093006724575926,-1.63228765305312,0.102618903027965,0.164245134605664,-0.143280024056172,0.0905514613476192,"C2orf42"
"ENSG00000108651",424.886487244695,-0.128790127320774,0.0789072353844085,-1.6321713299592,0.102643398632717,0.16426437175135,-0.123356655929606,0.0773319086709484,"UTP6"
"ENSG00000143458",118.467915450647,-0.281167512050678,0.172345821306714,-1.63141473299953,0.102802838227117,0.164499534285152,-0.238598888984277,0.161356941439015,"GABPB2"
"ENSG00000104613",937.061163489941,0.101863627292299,0.0624739242402541,1.63049830038793,0.102996224124777,0.16476892914056,0.0994205161899988,0.061742498798933,"INTS10"
"ENSG00000161914",25.5516013417913,0.462440988473376,0.2836146749197,1.63052560169641,0.102990458816266,0.16476892914056,0.322470667663382,0.26642919418736,"ZNF653"
"ENSG00000198860",221.999783772096,-0.224323907597593,0.137611851843684,-1.63012054988118,0.103076021306655,0.164876551636912,-0.196823993387655,0.130884730189068,"TSEN15"
"ENSG00000096968",122.149037549181,-0.32547246869769,0.199669126297221,-1.63005906187621,0.10308901487347,0.164877304400402,-0.264923137738604,0.184372022469788,"JAK2"
"ENSG00000120057",102.250184941235,0.645216880787592,0.395944571862603,1.62956364763978,0.10319375270572,0.165024772030062,0.347417827146342,0.370144793786094,"SFRP5"
"ENSG00000066279",45.5871176422263,0.537822922153968,0.330302778858122,1.62827247174019,0.103467123849198,0.165441845105482,0.34105082937882,0.311455849581318,"ASPM"
"ENSG00000008294",1161.44333618382,-0.22803313117572,0.14008222861486,-1.62785196545288,0.103556278703788,0.165550366811249,-0.202600293161182,0.133108397553098,"SPAG9"
"ENSG00000117643",607.665323681824,-0.278902948607205,0.171333803600117,-1.62783375344977,0.103560141353292,0.165550366811249,-0.236838220592186,0.160241657724789,"MAN1C1"
"ENSG00000162032",683.932766511503,0.43057256465984,0.264532629934493,1.62767279320689,0.103594284971238,0.165584843502649,0.312640211039984,0.251275791746768,"SPSB3"
"ENSG00000119688",850.25873255341,0.150442124974963,0.0924329694250232,1.62758078541438,0.103613806100678,0.165595942112348,0.142474534841257,0.0904056960272146,"ABCD4"
"ENSG00000184113",113.135021058426,-0.385121317375894,0.236720426876637,-1.62690361139215,0.103757570864848,0.165805580532417,-0.293826016063588,0.214527997108396,"CLDN5"
"ENSG00000163960",304.884891496162,0.241014842619498,0.148197338928477,1.62631019127689,0.103883684866307,0.165986965406528,0.206062945376835,0.142451353374444,"UBXN7"
"ENSG00000148516",266.27050431901,-0.265348488120231,0.163178202694273,-1.62612704233164,0.103922632377979,0.166029047189476,-0.227479181843095,0.153278520588619,"ZEB1"
"ENSG00000113273",215.018029101167,-0.254892588289365,0.156810350055368,-1.62548319163477,0.104059642444118,0.166227766612382,-0.220704758310331,0.147827986494659,"ARSB"
"ENSG00000168060",19.9754119204963,0.329221392039947,0.202645915525431,1.62461400313115,0.104244831504079,0.166503390947798,0.266477249812948,0.190325727248447,"NAALADL1"
"ENSG00000118922",707.746352838927,-0.319412756653821,0.196669609487299,-1.62410835861474,0.104352684368037,0.166655439397086,-0.261683992867634,0.181668661267048,"KLF12"
"ENSG00000169155",217.145946123856,-0.165119447065009,0.101694200018786,-1.62368598243072,0.104442844199245,0.166779197905066,-0.146333166801127,0.0983196922032425,"ZBTB43"
"ENSG00000178381",530.517319222741,0.248496338800143,0.15311986356255,1.62288767125652,0.104613419542275,0.167031322058404,0.217671410513001,0.14703074117492,"ZFAND2A"
"ENSG00000170855",607.853816554196,-0.195240939921277,0.120419251152269,-1.62134324913213,0.10494404448065,0.167538897736418,-0.175747487958807,0.115498522594341,"TRIAP1"
"ENSG00000072201",108.2601426575,-0.277189337939953,0.17102582348509,-1.62074552422265,0.105072225932199,0.167723196729307,-0.235605363307502,0.160201661852477,"LNX1"
"ENSG00000108578",215.116565558658,-0.247881410273748,0.1529612697882,-1.62055016029208,0.10511414844854,0.167749439814966,-0.214506592134317,0.144425735501983,"BLMH"
"ENSG00000121933",78.5905693780517,-0.459182761796569,0.283340831080282,-1.62060215622952,0.105102989511617,0.167749439814966,-0.326425500708341,0.25173226751514,"TMIGD3"
"ENSG00000109956",152.947021141101,0.709219138181965,0.437847937704867,1.61978412391203,0.105278657824461,0.167991614218502,0.341308839533513,0.400774773520139,"B3GAT1"
"ENSG00000047188",537.284866833393,-0.215188299049068,0.132859918543827,-1.61966303613293,0.105304680600087,0.167992417882073,-0.193179375089487,0.126711915546297,"YTHDC2"
"ENSG00000092108",649.717003746158,-0.190475973598803,0.117599344060013,-1.6197026873007,0.105296158670771,0.167992417882073,-0.186331332685474,0.113487872277571,"SCFD1"
"ENSG00000162869",350.580235897146,-0.152569808248591,0.0942143100716726,-1.61939102597604,0.105363156468145,0.168065340205912,-0.143388035201034,0.0916517009917116,"PPP1R21"
"ENSG00000173064",552.108179479304,0.259505976387436,0.160353004367201,1.61834184156089,0.105588948158551,0.168384700999937,0.225199954076276,0.153705808573457,"HECTD4"
"ENSG00000249437",16.6510836689181,0.493725369426176,0.305077625176726,1.61835981626043,0.105585076650404,0.168384700999937,0.330671086690036,0.28374215824458,"NAIP"
"ENSG00000186470",599.742873701336,-0.25099213373381,0.1551198040154,-1.61805344795879,0.105651079655973,0.168463378315435,-0.218237369225059,0.146242909769475,"BTN3A2"
"ENSG00000049540",157.983358101718,-0.502055509395758,0.310337134683477,-1.61777452095065,0.105711199258294,0.168538828945835,-0.341343538848778,0.27197411059986,"ELN"
"ENSG00000135093",566.585185071925,-0.145979544368803,0.090300225408073,-1.61660221454721,0.105964173583912,0.168921698680929,-0.139642832105202,0.0880614133903147,"USP30"
"ENSG00000132801",57.6804469693477,0.171684761398502,0.106211511414543,1.61644212677115,0.105998756470422,0.16895637139099,0.159684879548656,0.103198616273167,"ZSWIM3"
"ENSG00000140090",11.2829417951548,0.478190010873513,0.29589740722832,1.61606691776292,0.106079845894154,0.169044692694557,0.328260746703128,0.272413798055834,"SLC24A4"
"ENSG00000213901",103.037136199298,0.526122276929385,0.325552265886496,1.61609158362552,0.106074513646853,0.169044692694557,0.334474748807143,0.306999721533986,"SLC23A3"
"ENSG00000169925",263.256983375321,-0.149535329603538,0.0926052557624889,-1.61476072143315,0.106362522210659,0.169474642070136,-0.141147332106698,0.0901603589058509,"BRD3"
"ENSG00000075407",238.110614445655,0.161134100694366,0.0997922804811373,1.61469504371957,0.106376751397027,0.169476804077112,0.151245388800281,0.0972861036312075,"ZNF37A"
"ENSG00000185215",802.025991110872,0.368422627878828,0.228213092262531,1.61437989480026,0.10644504993231,0.169565097085154,0.28575524656567,0.216732006136713,"TNFAIP2"
"ENSG00000147206",35.9983357978724,0.466979173009916,0.289364786674268,1.61380788027807,0.106569104745508,0.169742176757726,0.322852566431289,0.272003776383864,"NXF3"
"ENSG00000186298",1301.74638511333,-0.274814249588826,0.170307561402803,-1.61363504547428,0.10660661057659,0.169781375934605,-0.230028292156651,0.158923632004241,"PPP1CC"
"ENSG00000164211",559.527313989372,-0.455337862141843,0.282293399321462,-1.61299507263124,0.106745578296808,0.1699821339932,-0.320709519308774,0.249514461087522,"STARD4"
"ENSG00000004487",493.270054560237,0.101823499657619,0.0631453069265933,1.6125267991173,0.10684735307353,0.170123624448675,0.0991550807641444,0.0623727622701701,"KDM1A"
"ENSG00000106484",974.648745076856,-0.170568821585457,0.105910128949106,-1.61050527723767,0.10728759431869,0.170803925852464,-0.151857122710659,0.102167850196583,"MEST"
"ENSG00000120948",941.794813097022,-0.16451126420482,0.102207834191431,-1.6095758755312,0.107490478327101,0.171106231127386,-0.152770233356953,0.098990579775145,"TARDBP"
"ENSG00000176014",94.2214760887974,-0.275864496315551,0.17139610697827,-1.60951436516889,0.10750391646201,0.171106934736319,-0.234151074443538,0.16038474294648,"TUBB6"
"ENSG00000101421",691.553937821393,-0.120614795203579,0.0750252214293563,-1.60765663740359,0.10791040047774,0.171695960589784,-0.115392434130391,0.0736496599593761,"CHMP4B"
"ENSG00000160862",33431.0277196798,-0.207878012908083,0.129296824324495,-1.6077580713535,0.107888174649959,0.171695960589784,-0.175034088879587,0.122813468543141,"AZGP1"
"ENSG00000178795",31.9471237565664,0.652447972141863,0.405841013880754,1.6076442494143,0.107913115135992,0.171695960589784,0.341123593266169,0.3728039608989,"GDPD4"
"ENSG00000109943",9.78336020007798,-0.452278943225787,0.281490752202738,-1.60672753789099,0.108114149988728,0.171974253805919,-0.320860526587539,0.253169412165857,"CRTAM"
"ENSG00000175701",136.665548500104,0.385715755617744,0.240061812293796,1.60673516513194,0.108112476112546,0.171974253805919,0.290966983243866,0.22728909328328,"MTLN"
"ENSG00000175602",49.4893696657139,0.519082775303268,0.323237369911357,1.60588726311447,0.108298682546839,0.172246974439681,0.331190486128645,0.3034688350465,"CCDC85B"
"ENSG00000113552",332.763952088743,0.133609697788714,0.0832079484608852,1.60573238807255,0.108332721810149,0.172254297295402,0.127760873399218,0.0815824818135898,"GNPDA1"
"ENSG00000127507",44.9456473161553,0.440878632768397,0.274573082907477,1.6056877393075,0.108342536526145,0.172254297295402,0.312051875108496,0.258008310742604,"ADGRE2"
"ENSG00000138074",643.681298202673,0.212972730609415,0.132630183509589,1.60576367289741,0.108325845182048,0.172254297295402,0.191727582318265,0.12799271464233,"SLC5A6"
"ENSG00000146066",747.047249173864,-0.177600998757483,0.110778235386596,-1.60321202208798,0.108887852152656,0.173100393798825,-0.162987106927286,0.106831125053843,"HIGD2A"
"ENSG00000100926",23.3671873555929,0.255588346910166,0.159428981440114,1.60314859068564,0.108901852388061,0.173101749190054,0.221192909747238,0.151325907514651,"TM9SF1"
"ENSG00000126746",332.690206574484,0.189586493040058,0.118355878880648,1.6018341871403,0.109192280969338,0.173521493209692,0.186487539877064,0.114423448374721,"ZNF384"
"ENSG00000145375",57.8857232054227,-0.212690324919364,0.13277660218534,-1.60186600213247,0.109185243951941,0.173521493209692,-0.191618856844996,0.126951585661949,"AFG2A"
"ENSG00000011523",117.569808331956,-0.158565146507037,0.0990012436747096,-1.60164802603933,0.109233464308959,0.173545045383341,-0.148660821143712,0.0961628907884195,"CEP68"
"ENSG00000081087",238.395023063931,-0.258189409684164,0.161198054264949,-1.60169060886925,0.109224042873465,0.173545045383341,-0.222919617751974,0.151502616770567,"OSTM1"
"ENSG00000136051",804.688758356168,-0.379073548597556,0.236744952909901,-1.60118956682393,0.109334938949032,0.17368530480248,-0.283961971455429,0.213175285313806,"WASHC4"
"ENSG00000119723",413.693024701069,0.110773832571438,0.0691865412974909,1.60108932306833,0.109357136670853,0.17369960929044,0.107518772881074,0.068160211026948,"COQ6"
"ENSG00000065613",576.228152649843,-0.234272664660593,0.146329404135854,-1.60099513863318,0.109377995878643,0.173711784528132,-0.206523088047121,0.138532877767691,"SLK"
"ENSG00000146282",507.469076394393,0.13220782098381,0.0825880686964825,1.600810178401,0.109418968531036,0.173755896716877,0.126737244707393,0.081012733186325,"RARS2"
"ENSG00000241685",1091.01954403356,-0.109429635388056,0.0684026183066024,-1.59978723179217,0.109645792288355,0.174095091807584,-0.105080549508853,0.0673348973561229,"ARPC1A"
"ENSG00000187546",1853.11901245299,-0.259040278330317,0.161937724139845,-1.59962899136841,0.109680913004983,0.174129856580683,-0.218165262962508,0.151636334814833,"AGMO"
"ENSG00000100731",837.082685079062,0.204982809845925,0.128185478378541,1.59911101037978,0.109795938638655,0.174276256708599,0.185680354150674,0.123873018174101,"PCNX1"
"ENSG00000132357",100.249680303119,0.275810685917437,0.172479288580698,1.59909452425874,0.109799601199896,0.174276256708599,0.233698383301055,0.164447006297451,"CARD6"
"ENSG00000154016",176.328019699353,0.255774705570742,0.159993335271844,1.59865850121917,0.109896503251707,0.174409035898261,0.221273490601311,0.153093979094891,"GRAP"
"ENSG00000011405",568.792497176834,-0.346726032436008,0.216955283801984,-1.59814514014079,0.110010679572634,0.174567254251203,-0.270981997641275,0.197683093812919,"PIK3C2A"
"ENSG00000049883",103.260539779455,0.226758290951131,0.141893223995238,1.59809104738321,0.110022715766101,0.174567254251203,0.201386365211832,0.136343709264515,"PTCD2"
"ENSG00000163781",312.764952547723,0.198958495628552,0.124552323826199,1.59738886852227,0.110179052206136,0.174794240432098,0.181454585335017,0.120436940946176,"TOPBP1"
"ENSG00000071051",124.150059233234,-0.237283179275754,0.148590944646616,-1.5968885576444,0.110290550834601,0.174950047263658,-0.208190614248448,0.140692895168795,"NCK2"
"ENSG00000128585",1158.62967586559,-0.212170378707683,0.132958093120562,-1.59576881503026,0.110540418195311,0.175304161161102,-0.186577113586252,0.126492405756701,"MKLN1"
"ENSG00000136250",152.64332585097,0.384036823634755,0.240659417891103,1.59576893769655,0.110540390798214,0.175304161161102,0.289216393884099,0.227519340638812,"AOAH"
"ENSG00000163739",14.6586892384087,-0.747913777875809,0.468804556456276,-1.595363713035,0.110630925601349,0.175405439121792,-0.386153245762464,0.378909010582953,"CXCL1"
"ENSG00000164221",18.3403034221019,-0.365220582491951,0.228922371116343,-1.59539052784989,0.11062493285918,0.175405439121792,-0.284411571334101,0.209938778457815,"CCDC112"
"ENSG00000008282",867.082149470965,-0.312750002274098,0.196102886016109,-1.59482610698757,0.110751127259634,0.175574875556935,-0.254033670767971,0.180714719279713,"SYPL1"
"ENSG00000088387",364.832276835368,0.194123222646097,0.121769591519627,1.59418472398183,0.110894666967261,0.175781264783404,0.177961705054162,0.117830490154063,"DOCK9"
"ENSG00000137198",75.0616358749639,0.22915269419942,0.143786377103434,1.59370239946012,0.111002706563565,0.175931339185735,0.2035461716665,0.138077199657689,"GMPR"
"ENSG00000158481",46.348412464296,-0.32525439728007,0.20413065189563,-1.59336382978079,0.111078595027272,0.176030426351597,-0.262288433019822,0.187984020688834,"CD1C"
"ENSG00000118620",19.9249842146821,-0.383745244271701,0.240959940609447,-1.59256863734741,0.111256993938501,0.176270707845283,-0.291484120166378,0.218954134845139,"ZNF430"
"ENSG00000165457",247.216407326333,0.482232506194099,0.302792452033486,1.59261732898404,0.111246063627831,0.176270707845283,0.320772301002353,0.285202533127211,"FOLR2"
"ENSG00000197603",120.308199449518,0.268356572942405,0.168519621533322,1.59243517461461,0.111286958031718,0.17629696660397,0.228889680197661,0.160758300174191,"CPLANE1"
"ENSG00000164609",460.714111350849,-0.142289853509899,0.0893740580590438,-1.59207108416065,0.111368733391942,0.176390171265412,-0.134153839330133,0.0871307201528469,"SLU7"
"ENSG00000187266",107.171971575989,-0.440740070501882,0.276837400371546,-1.59205392736083,0.111372588009218,0.176390171265412,-0.315456010976194,0.245712918416731,"EPOR"
"ENSG00000105993",551.699362618144,0.11257035712165,0.070713169967526,1.59192915793969,0.111400623115354,0.176413351447769,0.108857776646063,0.0696793447376594,"DNAJB6"
"ENSG00000166794",5922.99650435245,-0.192558096936363,0.120985862239299,-1.59157519211212,0.111480187895797,0.176518118320632,-0.174143412732107,0.115975832309405,"PPIB"
"ENSG00000148584",6044.37057716902,-0.313946622027426,0.197462001788014,-1.58990904166192,0.111855309296225,0.177069496476386,-0.248200817996394,0.181090677878167,"A1CF"
"ENSG00000196440",93.4353707576736,-0.308118360132243,0.193792523932846,-1.58993935307336,0.111848476025554,0.177069496476386,-0.252603270492595,0.179203674838018,"ARMCX4"
"ENSG00000139914",65.4471726623411,-0.450748688019491,0.28352936525112,-1.58977779116553,0.111884901628635,0.17707376064943,-0.317278077671052,0.250683930682215,"FITM1"
"ENSG00000155256",284.425513659376,0.186743270342004,0.117461042278108,1.58983154516763,0.111872781260821,0.17707376064943,0.185587217629309,0.113631095670255,"ZFYVE27"
"ENSG00000106799",459.584571673302,-0.249451892224122,0.156924654806412,-1.58962842729752,0.111918585396553,0.177105780688825,-0.21607582400889,0.147687498072016,"TGFBR1"
"ENSG00000143149",3819.33940337098,0.143936716183999,0.0905766775423059,1.58911455011993,0.112034533427586,0.177267956628723,0.142692891596569,0.0884965680964368,"ALDH9A1"
"ENSG00000107362",191.761190161084,-0.207699320075747,0.130721035206955,-1.5888745047568,0.112088728216884,0.177332395542357,-0.186703965904106,0.124818679604084,"ABHD17B"
"ENSG00000169826",217.455857175195,-0.195839100356564,0.123273031948239,-1.58866134191292,0.112136871098615,0.177387245570632,-0.177753442521425,0.118112951421549,"CSGALNACT2"
"ENSG00000142544",22.9969162110605,0.406963029778329,0.256195941786336,1.58848351359808,0.112177046143614,0.17742947976055,0.298360727512678,0.239168212487911,"CTU1"
"ENSG00000198502",618.249473583541,0.636019129573082,0.400415789384987,1.5883967276864,0.112196656973131,0.177439181466456,0.337843523669611,0.370133710891857,"HLA-DRB5"
"ENSG00000165389",665.207026779199,-0.325633929394526,0.205026623972666,-1.58825192106729,0.112229384638633,0.177469622646198,-0.261052902314163,0.188049820888595,"SPTSSA"
"ENSG00000143443",86.7385155423079,0.237617857363629,0.149644360045953,1.58788381527149,0.112312613923247,0.177579905717962,0.20848785795563,0.143441105588101,"C1orf56"
"ENSG00000153147",616.790351513463,-0.158620368879182,0.0999396752366201,-1.58716113999398,0.112476153473905,0.177808111290288,-0.147340218767082,0.0968835433440031,"SMARCA5"
"ENSG00000177025",14.959515807346,-0.682591616748074,0.430080108801867,-1.58712668356056,0.112483955562571,0.177808111290288,-0.375626547456464,0.35501309354684,"C19orf18"
"ENSG00000166173",40.0321682710253,-0.282319235941424,0.177941753539192,-1.58658229632003,0.112607279670403,0.177981685971251,-0.237082561515687,0.16650782059996,"LARP6"
"ENSG00000115233",654.506646939798,0.192692319557708,0.121493376634939,1.58603147673397,0.112732169404769,0.17815769324009,0.180425752477137,0.117553086713535,"PSMD14"
"ENSG00000205593",36.0542265029293,0.407380409598763,0.256896329329388,1.58577746385946,0.112789799626315,0.178227376605865,0.297339276277568,0.24118950908853,"DENND6B"
"ENSG00000125484",277.535324217453,0.188791712095878,0.119161476750631,1.58433511604561,0.113117478651809,0.178723715820198,0.173434763805774,0.115310607618498,"GTF3C4"
"ENSG00000135316",1137.4170044981,-0.233181853914278,0.147200381612269,-1.58411174862635,0.113168291271575,0.178782544142256,-0.204937362395332,0.139163322563964,"SYNCRIP"
"ENSG00000151364",74.0047207764082,-0.288056004794535,0.181869820357071,-1.58385819169439,0.11322599332957,0.178852240933068,-0.238461013851839,0.169004382433594,"KCTD14"
"ENSG00000100916",101.154972660269,-0.285513229673196,0.180333207019333,-1.58325376891116,0.113363635565316,0.179038802788588,-0.238746663582787,0.167810515527352,"BRMS1L"
"ENSG00000183044",11672.3330448436,-0.192674607791274,0.121697926091279,-1.58322014170364,0.113371297193412,0.179038802788588,-0.171982164449935,0.116492696826947,"ABAT"
"ENSG00000079557",17028.5013742472,0.17122727064261,0.108163412729095,1.58304242000448,0.113411796107535,0.179081279389759,0.173484363704443,0.104929088102879,"AFM"
"ENSG00000006638",57.8874881438946,-0.352254234970072,0.222678883074899,-1.58189330800438,0.113673928897966,0.179473671647754,-0.275257803497248,0.20291357363971,"TBXA2R"
"ENSG00000167842",278.484985037896,-0.21272502788897,0.134507623659933,-1.58150907807864,0.113761684917871,0.179590688684495,-0.190508090767371,0.128125422329371,"MIS12"
"ENSG00000068971",117.722559536089,0.264830008482714,0.16754444749083,1.58065523775241,0.11395688839804,0.179877280020213,0.226125429708087,0.159783787379736,"PPP2R5B"
"ENSG00000134504",48.8785450150391,0.238956717482572,0.15122331545085,1.58015790600912,0.114070708994269,0.180035357782133,0.209232155449387,0.144370063719239,"KCTD1"
"ENSG00000147443",91.3944471582309,0.333974891810357,0.211391512393108,1.57988789629969,0.114132541572849,0.18010313679047,0.265003086919111,0.199910269567841,"DOK2"
"ENSG00000169031",34.6281012318543,0.705728394624764,0.446705691371271,1.57985091360345,0.114141012713025,0.18010313679047,0.329735749307319,0.398216876274051,"COL4A3"
"ENSG00000150760",485.255764713598,0.161846384422974,0.102472975728817,1.57940552884188,0.114243070025489,0.180242571594439,0.152274455160828,0.0998202510311631,"DOCK1"
"ENSG00000074603",315.766468865897,-0.180377766362281,0.114224687725339,-1.57914869328434,0.114301955036771,0.180313867722757,-0.164872990645881,0.10994127453778,"DPP8"
"ENSG00000089127",758.564973162194,0.261151614585914,0.165423471461954,1.57868537202096,0.114408241703783,0.180459914972087,0.227994931837926,0.158119330007856,"OAS1"
"ENSG00000087301",146.236915801363,-0.295688066307012,0.18731203581893,-1.57858551381528,0.114431159527905,0.180474442542452,-0.24371386656676,0.173526717037095,"TXNDC16"
"ENSG00000243943",179.892755895834,-0.21646982372314,0.137172511740092,-1.57808456648586,0.114546183306586,0.180634213608158,-0.193134152800181,0.130568005941975,"ZNF512"
"ENSG00000097096",71.3418690514449,-0.312052413436158,0.19776992167666,-1.57785577700912,0.114598746492352,0.180695460636923,-0.254151535024697,0.182481213850316,"SYDE2"
"ENSG00000115919",1013.26636320963,-0.195303897848132,0.123795010105072,-1.57763950002804,0.11464845244765,0.180752188351786,-0.164400634991259,0.117957503517094,"KYNU"
"ENSG00000123607",211.438506024201,-0.217212684912731,0.137691113680675,-1.57753597241197,0.114672251732082,0.180768063494323,-0.193030908932275,0.130884703692074,"TTC21B"
"ENSG00000099995",687.621198466222,0.208128165488975,0.131989003864764,1.57685988525395,0.114827768572155,0.180991548069076,0.187388746480596,0.127352274256917,"SF3A1"
"ENSG00000102158",2195.1951767337,0.310549483206933,0.196956452788665,1.57674185745086,0.114854934903011,0.181012697262754,0.256675907799427,0.187163801124978,"MAGT1"
"ENSG00000168216",1167.38831823209,-0.267401075004867,0.169665226866336,-1.5760511446198,0.115014016914609,0.181241717139166,-0.222871063305934,0.158086051292201,"LMBRD1"
"ENSG00000065526",612.058208050109,0.258839597650789,0.164245626819013,1.57592992071571,0.11504195455371,0.18124713350647,0.22220249342528,0.157075834856093,"SPEN"
"ENSG00000115306",6346.26622423048,0.196011794813146,0.124379535210762,1.57591676541485,0.115044986686432,0.18124713350647,0.178693849986069,0.120160366380229,"SPTBN1"
"ENSG00000184292",35.5168011147045,0.655989714160662,0.416362854604847,1.57552410573041,0.115135518788352,0.181368059388304,0.33210243465126,0.377132593321757,"TACSTD2"
"ENSG00000185909",229.490850480968,0.20477330556175,0.1299772802985,1.5754546109249,0.115151547431163,0.18137160826399,0.188546334329825,0.125318900874438,"KLHDC8B"
"ENSG00000173040",14.7771231946108,0.563242601699999,0.357868119750234,1.57388314469895,0.115514467323133,0.18192146851392,0.334328312535276,0.327152349970395,"EVC2"
"ENSG00000004975",181.186595784101,0.184819849118177,0.117449151779419,1.5736158696598,0.115576282142632,0.181983461494445,0.176088935144544,0.113665510813814,"DVL2"
"ENSG00000240849",176.95818446099,-0.170476623894902,0.10833587743005,-1.5735934201943,0.115581475392416,0.181983461494445,-0.155317674538761,0.10462053230047,"PEDS1"
"ENSG00000049246",1138.00110418129,-0.314584276996897,0.199963562382561,-1.57320800474163,0.115670662420667,0.182098645978399,-0.250690161180048,0.183300482447686,"PER3"
"ENSG00000081059",83.7160047944372,-0.276339963734455,0.1756594099148,-1.57315775948746,0.115682293404476,0.182098645978399,-0.232473898156996,0.163868523808498,"TCF7"
"ENSG00000125637",1467.89853306671,0.217646976183422,0.138374641844795,1.57288194774546,0.115746155848673,0.182177392457098,0.194286024764692,0.133254819393523,"PSD4"
"ENSG00000105711",70.9197366437244,0.306546262991067,0.194925225748848,1.57263515696033,0.115803322166344,0.182245582075316,0.250014036010465,0.184676882387417,"SCN1B"
"ENSG00000178252",1419.41250653302,0.228613144826946,0.145430205222893,1.57197842412835,0.115955555074618,0.182463348644964,0.202445670403908,0.139732213940996,"WDR6"
"ENSG00000099338",21.1322854791011,-0.310967883958897,0.197834309898777,-1.57186023050302,0.115982969453015,0.182484676842542,-0.253337573393795,0.184009419186985,"CATSPERG"
"ENSG00000196507",41.2801284861199,-0.284050028635883,0.180751700651736,-1.57149297966041,0.116068183823693,0.182596930125791,-0.237377789461519,0.16864543824518,"TCEAL3"
"ENSG00000160781",36.3355812670662,0.69643638841063,0.44330930242447,1.57099430262754,0.116183972182328,0.1827572494328,0.327769140303921,0.394869794782112,"PAQR6"
"ENSG00000150961",1188.37613443308,0.271623286377215,0.172930377742658,1.5707089172119,0.116250276953926,0.182839702111502,0.230095605388098,0.165034092955735,"SEC24D"
"ENSG00000107281",105.181999447061,0.485036011692112,0.308951744832844,1.56994100148079,0.116428837626601,0.18309867130815,0.317633661509602,0.289084029750895,"NPDC1"
"ENSG00000141469",46.4003258019816,0.373662550394257,0.238024161264011,1.56985134790497,0.11644969848781,0.183109605910726,0.282469866856257,0.223570397103946,"SLC14A1"
"ENSG00000040487",158.617949807447,0.317020849590278,0.201960028246709,1.56972076277893,0.11648008867722,0.183135520363539,0.25547003518436,0.191437634380496,"SLC66A1"
"ENSG00000171345",62.1452076826022,0.798544108855676,0.508802517354451,1.56945785765321,0.116541291699905,0.183209868241308,0.305448089116823,0.424848194250037,"KRT19"
"ENSG00000159733",96.9231725284922,0.331181651496508,0.211048565368053,1.5692201030552,0.116596661552802,0.183275029370128,0.262765593848526,0.199511779177861,"ZFYVE28"
"ENSG00000087087",835.664249544733,0.314556767607805,0.200466958376971,1.56912026876914,0.116619917776538,0.183289702452656,0.254539265493647,0.190279004541355,"SRRT"
"ENSG00000171444",635.25862969981,-0.251894391893586,0.160556407480537,-1.56888408159058,0.116674951676485,0.183354310548174,-0.215730034053089,0.150667457292035,"MCC"
"ENSG00000117640",1213.63418473393,-0.187607070338831,0.119596166720622,-1.56867126667265,0.11672455708214,0.183410373379097,-0.171376872693411,0.11478823222008,"MTFR1L"
"ENSG00000148290",1131.05508767444,-0.188479711796515,0.120203667239609,-1.56800300793493,0.116880430369529,0.183633382606827,-0.172000781619928,0.115336069211423,"SURF1"
"ENSG00000137845",795.791740059291,-0.265290509643109,0.169206780088319,-1.56784798756077,0.11691661266848,0.183668311942871,-0.226136653965799,0.158064535329264,"ADAM10"
"ENSG00000092148",2692.84583349669,0.194391353494519,0.124019241918103,1.5674289770525,0.117014455208444,0.183800085573178,0.174446523095288,0.119945976343059,"HECTD1"
"ENSG00000125731",11.8943734366,-0.492188788432876,0.314112120234284,-1.56692071629,0.117133224726371,0.18396469482851,-0.328074753711756,0.276063100723884,"SH2D3A"
"ENSG00000116830",66.5387142366256,0.212204572232056,0.135443277267969,1.56674126994298,0.117175180045833,0.183971756634569,0.190009693604325,0.130167659406681,"TTF2"
"ENSG00000163463",25.3398560622744,0.400560994650819,0.255668169022689,1.56672219377951,0.1171796408277,0.183971756634569,0.293426236977609,0.238163538502645,"KRTCAP2"
"ENSG00000196620",13568.8055711438,0.243142956118526,0.155181964013999,1.56682484116899,0.117155639270003,0.183971756634569,0.221218340131399,0.148667520423047,"UGT2B15"
"ENSG00000124225",53.6659100815471,0.470990083979037,0.300657055276289,1.56653594423793,0.117223200541398,0.184018201779902,0.313873423507468,0.280849224433259,"PMEPA1"
"ENSG00000091039",466.503121137658,-0.415099051354516,0.264999809549374,-1.5664126402973,0.117252045642234,0.184024725696199,-0.299118321305576,0.235090425658737,"OSBPL8"
"ENSG00000106780",1174.50219057383,0.200806286756792,0.128196153925297,1.56639868364387,0.117255310942231,0.184024725696199,0.182074253175301,0.123822965575294,"MEGF9"
"ENSG00000253846",26.2381078127775,0.398480873942992,0.25441461762644,1.566265640161,0.117286441392279,0.184051643309982,0.292566155841806,0.237090858871445,"PCDHGA10"
"ENSG00000166123",3114.99634262201,-0.27924924853903,0.178311342099442,-1.56607675794003,0.117330648526709,0.184099072637665,-0.234018762518138,0.165726100405943,"GPT2"
"ENSG00000144635",259.538208401953,-0.166597162560847,0.106393082723955,-1.56586460600165,0.117380317440983,0.184155059512391,-0.154632565236448,0.102858798073953,"DYNC1LI1"
"ENSG00000205213",1967.24539387765,-0.355561162467795,0.227094423148059,-1.56569746424808,0.117419460213691,0.184194520811802,-0.273670335614197,0.205485639176246,"LGR4"
"ENSG00000160201",11.6915717314951,-0.652468951254206,0.4168679625143,-1.56516933399943,0.117543209883966,0.184366678738658,-0.363470230502708,0.345524202033106,"U2AF1"
"ENSG00000001167",319.401458203218,0.131238176828971,0.083875539992566,1.56467757871488,0.117658528301864,0.184484216702423,0.125377690322272,0.0822202876472633,"NFYA"
"ENSG00000086666",899.480237496551,-0.239084741729656,0.152791069734273,-1.56478217048589,0.117633993717344,0.184484216702423,-0.205952693829431,0.143893850339333,"ZFAND6"
"ENSG00000110048",1891.91900541787,0.130965813708174,0.0837018474777911,1.56467052585575,0.117660182868772,0.184484216702423,0.134178589103327,0.0819103719431253,"OSBP"
"ENSG00000197535",115.790424948621,0.298571247328851,0.19087417132012,1.56423074564714,0.117763389265961,0.18462405133075,0.24520184976999,0.181069733893276,"MYO5A"
"ENSG00000154655",284.177370739831,0.146802827571855,0.0938868539715106,1.56361430127802,0.117908174271612,0.184829029939283,0.138596699382935,0.0917075009408446,"L3MBTL4"
"ENSG00000126217",137.428719663544,0.335032384579265,0.214346212402384,1.56304317591729,0.11804243975054,0.185017471637573,0.264088147784814,0.202681155398651,"MCF2L"
"ENSG00000122756",150.554920491045,0.450326582701935,0.288233098719732,1.56236943190142,0.118200983950548,0.1852439179494,0.307670389680037,0.270225106193971,"CNTFR"
"ENSG00000137962",1061.69242003411,-0.258431959825875,0.165418008411921,-1.5622964047683,0.118218178589262,0.185248814485388,-0.219364929703144,0.154748390499471,"ARHGAP29"
"ENSG00000138688",1355.89846167542,0.260703380562306,0.166884316885779,1.56218023015751,0.118245536581107,0.185269634014859,0.222843455747898,0.159428432861817,"BLTP1"
"ENSG00000126254",373.381090329683,0.252523209854049,0.161677867668988,1.56189102129336,0.118313664026278,0.18535431943955,0.217301531201587,0.154607703502021,"RBM42"
"ENSG00000022840",1278.94703098773,0.149231470075461,0.0955671893384318,1.56153457173453,0.118397673364793,0.185463862881722,0.140559571583766,0.0933442087615903,"RNF10"
"ENSG00000149532",998.84978862912,-0.28457417284008,0.18225621896545,-1.56139622809812,0.118430291298793,0.185492887846765,-0.235090601712081,0.168835943836085,"CPSF7"
"ENSG00000033170",56.238839652144,-0.255922912831381,0.163940637091617,-1.56107062514562,0.118507088058617,0.185591093300791,-0.219369985237326,0.15399516571665,"FUT8"
"ENSG00000139644",38768.134517292,0.165520296523003,0.106040538230911,1.56091528093314,0.118543741324321,0.185626415113703,0.165346969713057,0.103070419387917,"TMBIM6"
"ENSG00000137968",32.7011504510573,0.927830935998127,0.594576816392133,1.56048959599227,0.118644226690297,0.185739582473776,0.268247894740066,0.43536151653144,"SLC44A5"
"ENSG00000169860",13.2356566992836,0.570310739112692,0.365467568128623,1.56049616668578,0.118642675133183,0.185739582473776,0.332019260513958,0.331905009966745,"P2RY1"
"ENSG00000198771",125.100196462919,-0.308475114718368,0.197709875518526,-1.56024130767035,0.118702867398736,0.185809291662318,-0.250306408946934,0.182008141411479,"RCSD1"
"ENSG00000054690",45.9126920677532,0.391752304614418,0.251123258747959,1.56000008349526,0.118759861458439,0.185872195046783,0.286035843696143,0.234722290978447,"PLEKHH1"
"ENSG00000179119",288.094305766681,0.247615933250572,0.158733073653208,1.55995173250126,0.118771287933206,0.185872195046783,0.215345776421551,0.151842881631774,"SPTY2D1"
"ENSG00000169062",345.541490396503,-0.221773771017974,0.142175700076986,-1.55985707049719,0.118793661282178,0.18588511343489,-0.195855557666288,0.134782839498921,"UPF3A"
"ENSG00000172197",58.5709901793134,0.306780933348211,0.196754687835701,1.55920520483042,0.118947819350884,0.18610421741815,0.24931885614721,0.186114352826772,"MBOAT1"
"ENSG00000050165",158.685844194312,0.437841550186857,0.280923965825747,1.55857670918132,0.119096599137169,0.186314855541822,0.30351277728779,0.263431609705379,"DKK3"
"ENSG00000111666",2009.89204678956,-0.268544250529178,0.172388630176742,-1.55778400381656,0.11928445918902,0.186586573563341,-0.223476619696839,0.160532706277371,"CHPT1"
"ENSG00000185787",2262.36539595999,-0.212491657073904,0.13650395442204,-1.55667033950479,0.119548774176958,0.186977804800883,-0.187733367833565,0.129674636183654,"MORF4L1"
"ENSG00000185475",514.321014999992,-0.136727806864595,0.087893205598464,-1.55561292745687,0.119800162804723,0.1873487282916,-0.12813269902722,0.085713155146961,"TMEM179B"
"ENSG00000116016",3049.21478306302,-0.153771537325383,0.0988716155843731,-1.5552647381812,0.119883031709673,0.187456056471443,-0.143462278795974,0.095921707814773,"EPAS1"
"ENSG00000197580",1077.07566927608,-0.367048512444182,0.236115033419493,-1.55453258154921,0.120057431136862,0.18770646459422,-0.277071904115536,0.212332132825015,"BCO2"
"ENSG00000161533",6642.05478895262,-0.154496847203602,0.0994332193015712,-1.55377496865538,0.120238103323186,0.187966619372247,-0.144031769501416,0.0963985855027529,"ACOX1"
"ENSG00000167286",34.5407961667728,-0.442637334280496,0.284969348986004,-1.55328050492278,0.120356135615898,0.188128799895395,-0.311094024908345,0.25155168877933,"CD3D"
"ENSG00000172724",102.461638923661,0.828014375003422,0.533200186741418,1.55291463805315,0.1204435292239,0.188243056239538,0.292341596442586,0.428786036930879,"CCL19"
"ENSG00000146574",94.4786504488929,0.300268186412689,0.193389743363225,1.55265828058278,0.120504794216475,0.188316453490103,0.245513182739294,0.18306697559755,"CCZ1B"
"ENSG00000148153",284.961791472275,0.194462444744081,0.125307040466975,1.55188761955743,0.12068911574081,0.188582114626574,0.176787001298146,0.121057232998814,"INIP"
"ENSG00000010671",72.8290188718538,-0.30905293623696,0.199174221951045,-1.55167136193419,0.120740878411858,0.188640608184469,-0.250766769093519,0.183419291269129,"BTK"
"ENSG00000167112",612.302591004848,0.120433829264022,0.0776235256887749,1.5515119700552,0.120779041017166,0.188677842196489,0.116527271302455,0.076289052740168,"TRUB2"
"ENSG00000127152",17.2953470991027,-0.441035138327978,0.284309568283583,-1.55124972047395,0.120841851000955,0.188744384666182,-0.309824584598487,0.25211016661237,"BCL11B"
"ENSG00000147223",34.3806581894038,-0.329017423204161,0.212103123750466,-1.55121441582936,0.120850308577846,0.188744384666182,-0.262571751397139,0.194609771444696,"RIPPLY1"
"ENSG00000186732",351.811543483032,0.427155120528062,0.275391378972039,1.55108385063656,0.120881590785653,0.188770848568842,0.299397781759864,0.258360562037117,"MPPED1"
"ENSG00000116138",283.640275530338,0.138935269380177,0.0895957939813422,1.55068963850144,0.120976078799383,0.188895997802737,0.13174330293881,0.0876312920915434,"DNAJC16"
"ENSG00000115204",217.851464224698,-0.191460948736955,0.123491542365652,-1.55039725854302,0.12104619615474,0.188983068726824,-0.174066519485574,0.118295357221544,"MPV17"
"ENSG00000104903",19.9768007155064,0.465802620651972,0.30047679633514,1.55021161811255,0.121090732177272,0.189030184947352,0.311537971249228,0.27720275080916,"LYL1"
"ENSG00000068001",359.918043154974,0.221998566302347,0.143232017515048,1.54992277672151,0.121160052090391,0.189115974608428,0.196047972718315,0.137556231855762,"HYAL2"
"ENSG00000205903",256.685454132899,0.369443620812815,0.238385971948778,1.54977080988724,0.121196535528558,0.18915049629789,0.278625810820114,0.224522652721165,"ZNF316"
"ENSG00000168411",190.734123347748,0.142319108597417,0.0918388146908675,1.54966186221444,0.121222696430079,0.189168901410267,0.136459920958374,0.08966146446551,"RFWD3"
"ENSG00000176834",304.052158635253,-0.151921354786445,0.0980863396627195,-1.54885333991301,0.12141697972765,0.189449627292515,-0.142782260947232,0.0952482678938796,"VSIG10"
"ENSG00000198610",7717.62378770013,0.175761585884009,0.113496614286358,1.54860642310045,0.12147636094776,0.189519820860079,0.169208663310114,0.109926676711109,"AKR1C4"
"ENSG00000173818",188.568212712815,0.205665895063217,0.132860740615638,1.54798094689388,0.121626883856892,0.18973217450946,0.184794103441844,0.128030066422156,"ENDOV"
"ENSG00000197647",60.5654382286904,-0.259606632159108,0.16775704349168,-1.54751554245162,0.121738979576018,0.189884540350415,-0.221313457367553,0.157128069561157,"ZNF433"
"ENSG00000139178",4233.43783182384,-0.170263958868503,0.110051851072195,-1.54712489803383,0.121833131195219,0.190008884780414,-0.154206087472515,0.105990966486242,"C1RL"
"ENSG00000255974",25126.3848439612,0.279162261502921,0.18045748261473,1.54696972083403,0.121870547203748,0.190044726339518,0.240725370616286,0.171799759309697,"CYP2A6"
"ENSG00000138686",46.3769509045405,-0.268679154208683,0.173727024169751,-1.54655935363374,0.121969537394276,0.190176566714002,-0.227042761562657,0.162152908440647,"BBS7"
"ENSG00000181291",19.8317478835713,0.458876679436643,0.296719757370063,1.54649856653914,0.121984206010224,0.190176916084146,0.308850275372458,0.273499692159029,"TMEM132E"
"ENSG00000198821",72.8744223250783,-0.276139842619605,0.178590749460981,-1.54621582278502,0.12205245341378,0.190238262299731,-0.230866969107342,0.166075385151227,"CD247"
"ENSG00000214309",11.8473108814458,-0.392794773153323,0.254032977151867,-1.54623536501917,0.122047735438079,0.190238262299731,-0.29016017025425,0.230571247445302,"MBLAC1"
"ENSG00000181392",135.989307229576,0.370572473610856,0.239784358072006,1.54544056414045,0.122239734943066,0.190507617218324,0.278393361199248,0.225527060833407,"SYNE4"
"ENSG00000121691",24346.158954364,0.214844779413375,0.139036479624623,1.54524035701582,0.122288136042736,0.190560492264015,0.191568895787323,0.133781363648033,"CAT"
"ENSG00000112511",386.574420958418,-0.239380199716674,0.154950488189727,-1.54488186848156,0.122374839903307,0.190661224317601,-0.208322813861984,0.145862804788627,"PHF1"
"ENSG00000124019",79.6925318086125,-0.52407606753475,0.339240012804327,-1.54485334204086,0.122381741357136,0.190661224317601,-0.334325685619144,0.289946735826722,"FAM124B"
"ENSG00000159140",2341.94373713094,0.119898554845453,0.077638858315859,1.54431115354207,0.12251297184532,0.190843088892035,0.11437346944114,0.0762475612131405,"SON"
"ENSG00000107897",1695.63352266665,-0.251882740008816,0.163265758577661,-1.54277750707294,0.122884768740691,0.1913996054939,-0.211463609484501,0.152514334908734,"ACBD5"
"ENSG00000007001",301.092243274885,0.819632992387502,0.531295230407232,1.54270722844484,0.122901827253835,0.19140353177478,-1.04279826827821,0.52387586913624,"UPP2"
"ENSG00000179862",143.497606926599,0.480627126299122,0.311571532964906,1.54258998479575,0.122930289557311,0.191425214939274,0.311576056656116,0.290213332307372,"CITED4"
"ENSG00000018510",644.260701637774,-0.260849920865659,0.169133178687688,-1.54227528205645,0.123006712882051,0.191516347154596,-0.222459666664777,0.157975002087144,"AGPS"
"ENSG00000081377",1096.5365757898,-0.176990136825613,0.114762537505276,-1.54222920364998,0.123017905809389,0.191516347154596,-0.152965030164071,0.109914531372009,"CDC14B"
"ENSG00000158077",10.9381876717327,0.532323555304302,0.345205990058477,1.54204611343543,0.123062388199251,0.191562946681407,0.323155013634132,0.312942268759794,"NLRP14"
"ENSG00000070010",628.703610760349,0.141930099548453,0.092049799986211,1.54188384515463,0.123101822328659,0.191601677831792,0.136350299327417,0.089978965089556,"UFD1"
"ENSG00000069869",802.518956716299,0.317505005721037,0.205941444029605,1.54172467429817,0.123140513314751,0.19163924329811,0.254274484118883,0.194902881072861,"NEDD4"
"ENSG00000137815",545.155839320915,-0.10130463263916,0.0657140519475203,-1.54159771977023,0.123171380016811,0.191664624666273,-0.0977980904213505,0.0647505228050855,"RTF1"
"ENSG00000123124",2391.85636273032,-0.23555227212845,0.152877656904272,-1.54078939263143,0.123368051895028,0.191947975803586,-0.197197411664991,0.143427416583127,"WWP1"
"ENSG00000148925",181.264560102615,0.145808852381417,0.0946482371448758,1.54053426434378,0.123430177344769,0.192021944336669,0.137595281423518,0.0923953719350755,"BTBD10"
"ENSG00000205710",77.7039783598193,0.277545568872527,0.180299548797036,1.53935808893765,0.123716899855115,0.192445262699959,0.231754291958541,0.171003990140041,"C17orf107"
"ENSG00000066654",529.958558588267,-0.195500969147228,0.127057829793764,-1.53867706905241,0.123883153171142,0.192681109822948,-0.1777197536037,0.121462254008716,"THUMPD1"
"ENSG00000059122",180.430981508233,0.401697306380374,0.26115134792844,1.53817818505171,0.124005053347702,0.19284792492037,0.289195752081207,0.244790671347368,"FLYWCH1"
"ENSG00000063241",1467.0717012112,0.2550198779101,0.165816196958648,1.53796723473098,0.124056626306375,0.192905343327003,0.220707010932383,0.158231572513219,"ISOC2"
"ENSG00000118514",5551.0940194296,0.143466823799101,0.0932934262098078,1.53780206845933,0.124097017699531,0.192945363135572,0.139519373908994,0.0910851420416336,"ALDH8A1"
"ENSG00000127540",163.84521791404,-0.227268885211965,0.14779961237258,-1.53768255250261,0.124126251711736,0.192968028106827,-0.19963072258055,0.139772354340284,"UQCR11"
"ENSG00000087470",382.449855565347,-0.198949152975457,0.129395726389701,-1.53752491312025,0.124164819061731,0.193005195722166,-0.181593361367423,0.123666297967591,"DNM1L"
"ENSG00000144840",399.662090042538,0.200630828647974,0.13051300757543,1.53724776077985,0.124232648588454,0.19308783512166,0.180864422325627,0.125841349502333,"RABL3"
"ENSG00000188897",16.729116117989,0.545405230898065,0.354877933338635,1.53688121931668,0.12432239936498,0.193204521959316,0.321303035498187,0.323073681833995,"APOLTP"
"ENSG00000198265",723.487376262342,-0.203291819499308,0.132302268871183,-1.53657092379304,0.124398417375198,0.193299842223753,-0.178217955287814,0.125819563587402,"HELZ"
"ENSG00000167208",45.055810354784,-0.320524090163568,0.208664055360698,-1.53607716292827,0.124519456543554,0.193465089078644,-0.256490281953626,0.191189403940402,"SNX20"
"ENSG00000183397",11.7757484698313,0.899052911632249,0.585562035959137,1.5353674869984,0.124693585399263,0.193712772314655,0.275351826339582,0.43231410764591,"TEKTIP1"
"ENSG00000166704",156.818421491185,-0.15346389494666,0.0999852083415248,-1.53486598160065,0.12481675118978,0.193881234799982,-0.14365655971075,0.0969909867431445,"ZNF606"
"ENSG00000182324",14.963732290828,-0.483937744927621,0.315407067886601,-1.53432752211378,0.124949098198719,0.194063917292007,-0.320220532458334,0.275367246514904,"KCNJ14"
"ENSG00000178974",226.196442275623,-0.149469773685543,0.0974351177377081,-1.53404416350078,0.125018788337785,0.194149253037895,-0.133250076699654,0.0943896427122379,"FBXO34"
"ENSG00000173198",20.4715554447481,-0.482657154011957,0.31477222908672,-1.53335367421814,0.125188736411037,0.194390246914461,-0.320585845928266,0.273482323173444,"CYSLTR1"
"ENSG00000103064",61.6121515288242,0.378735641543736,0.247071738883081,1.53289746231544,0.12530112125133,0.194541811603185,0.280579920375022,0.23112646584815,"SLC7A6"
"ENSG00000110583",132.682664715738,-0.226144815748542,0.147570107789186,-1.53245680399993,0.125409749212248,0.194687508327846,-0.198433533706241,0.139568448734164,"NAA40"
"ENSG00000135976",21.9458983170888,0.407375390448215,0.265924152641002,1.53192324353543,0.125541376970908,0.194845899940937,0.292121915925528,0.245631395211811,"ANKRD36"
"ENSG00000185404",238.233168189065,-0.167547364359252,0.109367316900907,-1.53196923090889,0.125530027786541,0.194845899940937,-0.145180115246435,0.105161206927956,"SP140L"
"ENSG00000005302",284.522579111424,-0.111522297606889,0.0728212441160498,-1.5314527918414,0.12565752527433,0.195003179839914,-0.107426395522312,0.0715445380272007,"MSL3"
"ENSG00000070770",603.639591441916,-0.1000358531961,0.0653291233796019,-1.53125968972263,0.12570522386459,0.195054210654236,-0.0969506636051705,0.0643714728979972,"CSNK2A2"
"ENSG00000125454",73.1515559186791,0.248941268835716,0.162648948841105,1.53054336108198,0.125882289058655,0.195305941285206,0.210988933549583,0.154684551769234,"SLC25A19"
"ENSG00000141552",648.874732178698,0.231335718838874,0.151164820343044,1.53035420750605,0.12592907726476,0.195355512108852,0.202845082818445,0.14484363409542,"ANAPC11"
"ENSG00000197766",40.3242661591833,0.569977001576306,0.372491276318956,1.53017543715104,0.125973309573331,0.195401106720367,0.321788786617056,0.339354732116001,"CFD"
"ENSG00000100767",43.5409416481761,0.582584147924965,0.380833145905092,1.52976219162959,0.126075603291964,0.195536740834255,0.321691661769207,0.346002644559541,"PAPLN"
"ENSG00000224531",228.80338711097,-0.256863250562875,0.167942333895195,-1.52947291254849,0.126147249170102,0.19562481537969,-0.217893780689396,0.156804422406087,"SMIM13"
"ENSG00000174446",265.435768274078,-0.14498271392,0.0948061853654687,-1.52925374395252,0.126201551863798,0.19568597713329,-0.136897410269231,0.0921880694444044,"SNAPC5"
"ENSG00000139684",2624.5766724711,-0.180400646356425,0.118036437782309,-1.52834709133744,0.126426383695276,0.196009106876266,-0.158638507202574,0.113023378016317,"ESD"
"ENSG00000143479",50.7465796616912,0.209665839729282,0.137189525304833,1.52829335376304,0.126439719330102,0.196009106876266,0.186247726677847,0.131547426107494,"DYRK3"
"ENSG00000135966",187.99260861871,0.106178766867696,0.0694825093604839,1.52813661804912,0.12647862146626,0.1960463303773,0.102794082788118,0.0684230278226033,"TGFBRAP1"
"ENSG00000103528",298.203722555831,0.18776042895558,0.122982532552146,1.5267243653156,0.126829566003162,0.196556659703134,0.172737673078625,0.118903792596146,"SYT17"
"ENSG00000107938",161.632452630089,-0.162543769419449,0.10646797906675,-1.52669160102628,0.126837716910058,0.196556659703134,-0.150951685325366,0.102922442150581,"EDRF1"
"ENSG00000113209",10.8412059231409,-0.442025900015663,0.289643986156978,-1.52610073449306,0.126984779193806,0.196761398477775,-0.305439602183981,0.25671454019015,"PCDHB5"
"ENSG00000119729",273.222898923718,-0.293622149432946,0.192423806149048,-1.52591384251859,0.127031322830697,0.196810354952807,-0.237940034663283,0.177027315332771,"RHOQ"
"ENSG00000184916",21.6448662008048,0.639784403363647,0.419577539754922,1.52482996048203,0.127301514973812,0.197204524007176,0.319982949748192,0.37131304696555,"JAG2"
"ENSG00000198900",732.721938905626,-0.111394582127658,0.0730564964065815,-1.52477312226573,0.127315696039875,0.197204524007176,-0.109127397709546,0.0717704763492382,"TOP1"
"ENSG00000163902",4881.40185244091,0.122878459637547,0.0805960203034712,1.52462192518772,0.127353425511034,0.197239760060965,0.11803366204754,0.0791287811372029,"RPN1"
"ENSG00000042753",902.085723508258,0.176518745074311,0.115811977852575,1.52418383959398,0.127462793790159,0.197362712341672,0.162438015413332,0.112251414828102,"AP2S1"
"ENSG00000187961",43.3330564365011,0.501215978802238,0.328841789368308,1.5241857787146,0.127462309526823,0.197362712341672,0.312030755750594,0.30289088946594,"KLHL17"
"ENSG00000071054",1249.01729228692,0.121385865933083,0.0796491164059664,1.52400769036014,0.127506790121594,0.197407619795496,0.116828549772098,0.0782378785357634,"MAP4K4"
"ENSG00000167685",511.507892279051,0.349801205368527,0.229607425004425,1.52347514616213,0.127639874134291,0.197590427143102,0.267576930496135,0.216097197622686,"ZNF444"
"ENSG00000135899",176.73264069081,-0.174548534894079,0.114592011944708,-1.52321729876163,0.127704349597321,0.197651650198681,-0.156188631098151,0.11015974098469,"SP110"
"ENSG00000138780",67.0167098467305,0.301710372434461,0.198082991514626,1.52315133231509,0.1277208487602,0.197651650198681,0.244346619534934,0.186938592350601,"GSTCD"
"ENSG00000179348",13.5765461642928,-0.476117046822051,0.312589793069145,-1.52313689499367,0.127724459964331,0.197651650198681,-0.316972042198099,0.272140049597622,"GATA2"
"ENSG00000164010",424.296994698941,0.132429321986215,0.086967248948757,1.52274935204913,0.12782142567756,0.197766022688136,0.126551679626324,0.085148934331342,"ERMAP"
"ENSG00000169951",56.4296209554288,-0.219691935079218,0.144275852863657,-1.52272144450139,0.127828410532891,0.197766022688136,-0.193831506099942,0.136923301190916,"ZNF764"
"ENSG00000198563",647.349913249882,-0.288782915308867,0.189729419148547,-1.52207768623782,0.127989616321723,0.197992161730914,-0.234622683326623,0.17466734503483,"DDX39B"
"ENSG00000079246",4173.36485934675,-0.190729350835588,0.125317417475184,-1.52197000766759,0.128016595919448,0.198010632269203,-0.171277335875864,0.119751705490944,"XRCC5"
"ENSG00000163608",369.171749693653,-0.133942363226407,0.0880171055250319,-1.52177650500349,0.128065090440596,0.198062372928566,-0.126217548598718,0.0858452413194527,"RMP64"
"ENSG00000158296",635.572413091912,0.328714973638264,0.216183852124801,1.52053435262362,0.128376731712445,0.198521030035946,0.258568500230289,0.203858313765435,"SLC13A3"
"ENSG00000039537",16064.5722935901,0.203196239568284,0.133652479801385,1.52033273060287,0.128427371841812,0.198552698176291,0.184626579819047,0.128820651798102,"C6"
"ENSG00000124702",1195.2977870003,-0.128390231147766,0.0844484008544934,-1.52033940073046,0.128425696299702,0.198552698176291,-0.107690233912501,0.0821622373342933,"KLHDC3"
"ENSG00000171365",1566.83562297658,0.259722760071068,0.170850876215364,1.52017224508511,0.128467691072436,0.198591713121955,0.21907378747502,0.162590712210641,"CLCN5"
"ENSG00000071564",158.25780143411,0.261010464285387,0.171717569328757,1.51999859598337,0.128511328508728,0.198612530947988,0.220937452419844,0.163350719693417,"TCF3"
"ENSG00000123342",36.9005414339855,-0.40874565982604,0.268907682738554,-1.52002224578851,0.128505384714532,0.198612530947988,-0.29449277755843,0.238261509733194,"MMP19"
"ENSG00000151576",171.712885118514,0.136383681354506,0.0897392985908747,1.51977654713221,0.128567145422793,0.198675473783626,0.128285600317016,0.0877496989800851,"QTRT2"
"ENSG00000006015",221.401313737483,0.397703247258111,0.261700436847594,1.51968889333463,0.128589184339113,0.198686210657055,0.285640803155211,0.244828883707076,"REX1BD"
"ENSG00000213064",675.633164801666,-0.166373849328892,0.109484850598264,-1.51960612285413,0.128609998131355,0.198695052264423,-0.153637271909766,0.105609408402666,"SFT2D2"
"ENSG00000088325",58.0352765306684,-0.367481893359867,0.241851860874482,-1.51945034464955,0.128649177835141,0.198732262745214,-0.277041150182099,0.217542277528885,"TPX2"
"ENSG00000147601",268.989369103095,-0.164200810285641,0.108079254340224,-1.51926298241059,0.128696313511001,0.198781753130671,-0.151769015879398,0.104360451693653,"TERF1"
"ENSG00000170962",62.5239516509283,-0.504647243169492,0.332205058671129,-1.51908355997997,0.128741464306933,0.198828166459247,-0.325158636364277,0.283894448846475,"PDGFD"
"ENSG00000106701",22.0187929504625,-0.484735315666559,0.319193300347746,-1.5186262215982,0.128856606995283,0.19897704588,-0.319018082735524,0.275885841493765,"FSD1L"
"ENSG00000114520",906.723827840932,-0.240636777940979,0.158461640534269,-1.51858063017427,0.128868089793313,0.19897704588,-0.204356243324595,0.14842475186032,"SNX4"
"ENSG00000104325",6974.95182570655,0.155340773901366,0.102306817234968,1.51838145394158,0.128918264263545,0.199031175808376,0.1453450027763,0.099640665293408,"DECR1"
"ENSG00000184564",31.4248605111547,-0.492753563015938,0.324539269889613,-1.5183172230083,0.128934447909318,0.199032822273899,-0.321199158503658,0.279013118065163,"SLITRK6"
"ENSG00000133627",93.0892409663604,0.14913539589292,0.0983027727519729,1.51710263828674,0.129240772261515,0.199458915437242,0.139613401438741,0.0957865537776788,"ACTR3B"
"ENSG00000198794",103.418452227637,-0.604107921123023,0.398195008907631,-1.51711575386209,0.129237461431318,0.199458915437242,-0.346598307461507,0.326611785538448,"SCAMP5"
"ENSG00000116584",160.232558169647,0.2509331341114,0.16546335910646,1.516548047051,0.129380830795364,0.199651666461763,0.214657420291173,0.157615816235944,"ARHGEF2"
"ENSG00000256269",288.073617199361,0.180396131484987,0.119046472050086,1.5153421044606,0.129685790838677,0.200098807240364,0.165774948326525,0.11516662003646,"HMBS"
"ENSG00000170604",176.479206145352,0.282762326532587,0.186674872716398,1.514731588767,0.12984039133454,0.200313873015063,0.233325746406372,0.176932141482929,"IRF2BP1"
"ENSG00000130731",356.911703094784,-0.290729959297967,0.192019463247586,-1.51406505559858,0.130009340426009,0.200551022384164,-0.237888942970586,0.176842907918011,"METTL26"
"ENSG00000132424",1452.03703683808,-0.229071508289191,0.151312068526993,-1.51390110861068,0.130050922925499,0.200591664859082,-0.195403337313242,0.142232411272587,"PNISR"
"ENSG00000136758",1839.26032455004,0.191259603491258,0.126348955015254,1.51374107896791,0.130091521808833,0.200595549984534,0.176941392260824,0.121871853210478,"YME1L1"
"ENSG00000158301",220.691554073657,-0.143483265085934,0.0947890736364224,-1.51371101732976,0.130099149424118,0.200595549984534,-0.130781416203803,0.0920520358654937,"GPRASP2"
"ENSG00000170185",455.984827242759,-0.274380480934376,0.181252473283535,-1.51380268618548,0.130075891138623,0.200595549984534,-0.228343051799292,0.167897885414502,"USP38"
"ENSG00000144843",61.1134182384368,-0.215194769014391,0.142170456370068,-1.51363915196446,0.130117385411288,0.200600175213702,-0.189045497634467,0.134962169387167,"ADPRH"
"ENSG00000162734",640.660020994983,-0.157022375515156,0.103780460274131,-1.51302446626647,0.130273444258591,0.200817254081326,-0.144415707660793,0.100331340003885,"PEA15"
"ENSG00000144560",288.595842220866,0.121547941295908,0.0803442737316708,1.51283888260472,0.130320589510895,0.200866410852312,0.116788003504694,0.0788973530750595,"VGLL4"
"ENSG00000137877",64.2276083408166,0.633712553286655,0.418908600694933,1.51277045215921,0.130337976766515,0.200869694733458,0.314022889014897,0.371425132675434,"SPTBN5"
"ENSG00000120318",102.605439499167,-0.3398955070461,0.224959029960581,-1.51092182032283,0.130808370726889,0.201535518632135,-0.263415352618791,0.203575178696388,"ARAP3"
"ENSG00000169221",209.945688388195,0.28322099191417,0.187452818162839,1.51089215243559,0.13081593059625,0.201535518632135,0.233500839095015,0.177527393749434,"TBC1D10B"
"ENSG00000182742",19.7981706851491,-0.349413387237029,0.231253810992799,-1.51095190923322,0.130800703919969,0.201535518632135,-0.268056193317154,0.210268794441602,"HOXB4"
"ENSG00000102974",486.052928983883,0.0753547875161258,0.0498810570016381,1.51068946902331,0.130867586755022,0.201567927844714,0.074447136252329,0.0494886382964846,"CTCF"
"ENSG00000151090",681.591933481562,-0.234585039640789,0.155282374298798,-1.51069972171725,0.130864973360231,0.201567927844714,-0.204507868777121,0.145999213998252,"THRB"
"ENSG00000101966",493.205706538594,-0.188446928881004,0.124800244093002,-1.50998846396944,0.131046367805104,0.201819684000702,-0.16834168548304,0.119252714640072,"XIAP"
"ENSG00000196739",1101.47675951842,0.456076798041695,0.302070109515323,1.50983756311897,0.131084877614414,0.201855379961564,0.299064491918951,0.280297730149598,"COL27A1"
"ENSG00000141519",18.6096832858736,0.526821773101306,0.349116050771568,1.509016190854,0.131294645239365,0.202154753738917,0.315301302452107,0.315660472353425,"CCDC40"
"ENSG00000175899",56647.3316042169,0.599359868177764,0.397418244444472,1.50813375217732,0.131520298316881,0.202478513521989,0.315167182135214,0.358106922954977,"A2M"
"ENSG00000009413",352.162015862422,0.223769059889082,0.148404097628546,1.50783612760595,0.131596473233267,0.202548417885106,0.196302254567765,0.142153082046821,"REV3L"
"ENSG00000141338",1637.43630869934,-0.238565492752109,0.158215612468411,-1.50785051506684,0.131592790077382,0.202548417885106,-0.203020312256589,0.148258028029716,"ABCA8"
"ENSG00000074071",589.057411303675,0.248914831641995,0.165087670911656,1.50777359852147,0.131612481458949,0.202549378245298,0.213770893616608,0.157394215286293,"MRPS34"
"ENSG00000170745",49.0782758084134,-0.411411648580937,0.272903179156846,-1.50753703145571,0.131673059236564,0.202618922149205,-0.292629690163076,0.240854501244477,"KCNS3"
"ENSG00000196136",300.357312044067,-0.361806220187206,0.2400093665873,-1.50746708485481,0.131690974615933,0.202622808436763,-0.273351603429537,0.215101829404478,"SERPINA3"
"ENSG00000061455",10.8627854766391,-0.431645256398976,0.286553533055887,-1.50633374432969,0.131981519785493,0.20304611936151,-0.299934155179842,0.253553836969471,"PRDM6"
"ENSG00000166169",304.122217058784,0.239737475520461,0.159166698173159,1.5062037365357,0.132014880543241,0.203049990330878,0.206983173632899,0.151953449046909,"POLL"
"ENSG00000168487",604.318179387538,0.269895407832045,0.179188104830317,1.5062127482604,0.132012567871424,0.203049990330878,0.226328152594505,0.170205255357475,"BMP1"
"ENSG00000124256",10.6465487663861,-0.429418970931832,0.28522675228286,-1.50553539419043,0.132186484223263,0.203290182371625,-0.298354651895237,0.253016798354705,"ZBP1"
"ENSG00000136436",1786.37796794938,-0.090192330980031,0.0599248098373917,-1.50509165110029,0.132300515187333,0.203441787310958,-0.0865709687874265,0.0591694629245989,"CALCOCO2"
"ENSG00000163958",13.2306040607059,0.609961818882867,0.405546370980332,1.50404950587623,0.132568620262401,0.203830252758936,0.317716567741411,0.356987115147909,"ZDHHC19"
"ENSG00000187860",12.3386119138774,0.428143846842613,0.28486610887647,1.50296519488134,0.13284801945842,0.204235990680706,0.295499897208083,0.258924649426995,"CCDC157"
"ENSG00000127989",168.76122150217,-0.191882937887065,0.127707405634319,-1.50252005303834,0.13296285303735,0.204388665859866,-0.170046309410884,0.121839567635309,"MTERF1"
"ENSG00000135736",14.2570198721908,0.413957414266919,0.275771035455449,1.50109098144861,0.13333203111498,0.204932234608898,0.290068211853468,0.252246457349932,"CCDC102A"
"ENSG00000111321",1186.98639700335,0.199016026749032,0.132621207279241,1.50063501028152,0.133449990853759,0.205089597242978,0.178831435283267,0.127729539671286,"LTBR"
"ENSG00000125818",1771.32735644088,0.106364376180145,0.0709198481550434,1.49978290911754,0.133670645872488,0.205404729640193,0.0974694737786781,0.0699102736059723,"PSMF1"
"ENSG00000134375",1194.81025140689,0.201911285753578,0.134648052224078,1.49954850752362,0.133731394585046,0.205474097456729,0.18087033922761,0.129587318502557,"TIMM17A"
"ENSG00000117090",17.5651271503776,-0.40159157255442,0.267992599515559,-1.49851739667574,0.133998876190687,0.205861050633207,-0.288403085511717,0.238273025455338,"SLAMF1"
"ENSG00000138829",9.6479785873348,-0.682872531994923,0.45581923084684,-1.49812137308523,0.134101719025513,0.205995010231,-0.348166431427748,0.360895095746295,"FBN2"
"ENSG00000258890",328.638031939611,-0.256008129388463,0.170922062992658,-1.49780622177173,0.134183603857093,0.206096748528055,-0.216576272743898,0.159211631142189,"CEP95"
"ENSG00000072210",7277.41862959267,-0.122700483376357,0.081936915787486,-1.49749941399547,0.134263357951931,0.206195190807784,-0.115572524485778,0.0801021609387626,"ALDH3A2"
"ENSG00000131966",533.231283261515,-0.13444100827841,0.0897842831111482,-1.49737797774672,0.134294935196343,0.206219631070101,-0.126416474975141,0.0874624476735837,"ACTR10"
"ENSG00000146648",2697.13519236337,-0.179219681862268,0.119707900020779,-1.49714164087048,0.134356406681473,0.206289965057524,-0.160981301901345,0.114628670862852,"EGFR"
"ENSG00000172985",37.0528118873045,-0.30873224389243,0.206343501470591,-1.49620531633962,0.134600159599027,0.206640123750091,-0.24694272499407,0.188976981305284,"SH3RF3"
"ENSG00000089041",132.028240357326,-0.244182536322607,0.163252510822806,-1.49573525755841,0.134722658598492,0.206804071715955,-0.208579691438284,0.152854287109378,"P2RX7"
"ENSG00000178662",52.6480880733484,-0.409752542145457,0.274008219275372,-1.49540237599101,0.134809460834646,0.206913192043478,-0.289338911144831,0.240981689262791,"CSRNP3"
"ENSG00000145725",588.193907105671,-0.288846415183987,0.19325611084424,-1.49463017713727,0.135010985935548,0.207198349554427,-0.234911191021452,0.177565043892453,"PPIP5K2"
"ENSG00000156931",370.156823400605,0.141887867028965,0.0949481683480171,1.4943718188317,0.13507846311355,0.207253588783708,0.134062861968754,0.0926486971672281,"VPS8"
"ENSG00000175182",49.5587991924076,-0.234470391029589,0.156900262653967,-1.49439132263722,0.135073368264144,0.207253588783708,-0.203802261008028,0.147803537931486,"FAM131A"
"ENSG00000108826",740.152132502153,-0.174751988526154,0.116957211936121,-1.49415316621602,0.135135590446754,0.207317080380093,-0.157654253735543,0.112206411125692,"MRPL27"
"ENSG00000010072",94.0696818812135,0.189165336182381,0.126614991202459,1.49402005549171,0.135170377404647,0.207346287884141,0.16898174686243,0.121980371761016,"SPRTN"
"ENSG00000185619",420.337051308275,-0.208994803535207,0.139948660230618,-1.49336766204699,0.135340973000668,0.207583789669944,-0.185230109237317,0.132658767865035,"PCGF3"
"ENSG00000142920",24.9631883223838,0.328547346061582,0.220016025211703,1.49328825364174,0.135361749004837,0.207591472032345,0.255672457120337,0.205333019000316,"AZIN2"
"ENSG00000169193",122.22267844511,-0.291356257803921,0.19515603115516,-1.49294006482575,0.135452876412783,0.207664440931655,-0.23710031991967,0.179409871433725,"CCDC126"
"ENSG00000198346",28.3648201285247,0.368474810593938,0.246813135497489,1.49293030879909,0.135455430426491,0.207664440931655,0.272717125401853,0.228603453340358,"ZNF813"
"ENSG00000198755",4989.58157648873,-0.151541923458893,0.101506677442442,-1.49292566043079,0.135456647328046,0.207664440931655,-0.13867047758604,0.0981710910676751,"RPL10A"
"ENSG00000176974",12377.5577726895,0.183620520406819,0.123050071500589,1.49224228939956,0.135635639694559,0.207914638749396,0.169214151124273,0.11885335287193,"SHMT1"
"ENSG00000196123",121.209336886431,0.429138258900982,0.287595425600077,1.49215954323881,0.135657325425366,0.207923672473849,0.291379703231773,0.26643485179913,"MATCAP1"
"ENSG00000179698",20.6279556869832,0.622322745822251,0.417153966653471,1.49182986515675,0.135743752520148,0.208031922439794,0.310582664006318,0.365205899010488,"WDR97"
"ENSG00000144746",1130.15471521995,-0.229659829229775,0.153954336990062,-1.49173991275478,0.135767341466651,0.20804385681447,-0.195410932164044,0.144417914972296,"ARL6IP5"
"ENSG00000168259",838.642271815495,-0.104333388951474,0.069949834887237,-1.4915458931342,0.135818231579864,0.208097618640811,-0.102385799786785,0.0688184980499679,"DNAJC7"
"ENSG00000113269",3253.15487595404,-0.123057751624829,0.0825148610320707,-1.49134046989428,0.135872128843191,0.208155974906848,-0.113594097598151,0.080577086414539,"RNF130"
"ENSG00000171448",77.5933800660989,-0.264204542003746,0.177273326691464,-1.49037955644383,0.136124464771317,0.208518290073201,-0.221683302486691,0.164792795965353,"ZBTB26"
"ENSG00000104852",1759.35302385835,0.447740761506903,0.300446581085936,1.49025081226947,0.13615830046477,0.208545856668121,0.296129912578631,0.278210117553989,"SNRNP70"
"ENSG00000132823",394.665241518701,-0.124546079445553,0.0835948169913919,-1.4898780083265,0.136256314956293,0.208647434602762,-0.1194188782351,0.0817127497298648,"OSER1"
"ENSG00000177311",653.989609036643,0.270731147291488,0.181711160038509,1.48989829372127,0.13625098028935,0.208647434602762,0.225242660890386,0.172314380625755,"ZBTB38"
"ENSG00000104695",1025.55917718194,-0.20767001056366,0.139418721562422,-1.48954177915538,0.136344760218426,0.208758589723897,-0.18269886488649,0.132086597639729,"PPP2CB"
"ENSG00000136643",284.582217582993,0.154070721858941,0.103445921699576,1.48938420507663,0.136386225410711,0.208773519795073,0.143631066627368,0.100602309150342,"RPS6KC1"
"ENSG00000185875",591.69546392806,-0.217301443940926,0.145897874750066,-1.48940787734694,0.136379995495657,0.208773519795073,-0.19121308906789,0.137832124019215,"THNSL1"
"ENSG00000165506",169.934773689955,-0.212413469638432,0.142627298157583,-1.48929042604274,0.136410907729276,0.208787027570756,-0.188535179970934,0.135160721034074,"DNAAF2"
"ENSG00000130724",1430.26322458067,-0.134782830134356,0.0905182531838652,-1.48901271725359,0.13648401994724,0.208874649148595,-0.126062518598666,0.0881282196207642,"CHMP2A"
"ENSG00000196458",170.182440098858,0.184305049549895,0.12378566435408,1.48890463618391,0.136512482556447,0.208893926701322,0.167596320545361,0.119415222693638,"ZNF605"
"ENSG00000090581",914.310580017121,0.176399924238645,0.118532819385866,1.48819478986998,0.136699530887101,0.209155842377638,0.166652620702559,0.11459483789124,"GNPTG"
"ENSG00000164663",54.5550162538497,0.185484823063665,0.124649062075918,1.48805630764149,0.136736044743907,0.209163095747448,0.168495427490205,0.119808765200185,"USP49"
"ENSG00000171714",110.842123982981,0.290345032210751,0.195112412599327,1.48809103604797,0.13672688713596,0.209163095747448,0.235996534965473,0.184015434897252,"ANO5"
"ENSG00000164296",81.0000963914128,-0.133183355863171,0.089525177564303,-1.48766368843569,0.13683960826641,0.209297198238331,-0.12615991189604,0.0873312036713023,"TIGD6"
"ENSG00000127980",449.724434584682,0.177001268400384,0.118993186322648,1.48749078724935,0.136885234638455,0.20934266456614,0.160842779531663,0.11506977580229,"PEX1"
"ENSG00000152256",182.936665003442,-0.243602854779175,0.163796811788801,-1.4872258630606,0.136955167451122,0.209425288578568,-0.208400492415123,0.153183674709333,"PDK1"
"ENSG00000135317",967.345797296339,-0.220378376288333,0.148231222495577,-1.48672035876185,0.137088683366406,0.209593248453282,-0.191787923722085,0.139766032901275,"SNX14"
"ENSG00000169891",501.30258021363,0.163655285264413,0.110080341828348,1.48668947194592,0.137096844575396,0.209593248453282,0.152043817473095,0.106822570509381,"REPS2"
"ENSG00000139354",24.4557905346754,-0.397670608166121,0.26755686870734,-1.48630311786577,0.137198962400286,0.20970383140166,-0.28592758876045,0.237085046956693,"GAS2L3"
"ENSG00000143457",255.824763429818,0.211251095809849,0.142132655535762,1.48629528529913,0.137201033244258,0.20970383140166,0.187103557331203,0.136344468711642,"GOLPH3L"
"ENSG00000119669",195.112486861823,-0.185238435780026,0.124685533871528,-1.48564496640717,0.137373054475524,0.209942383659285,-0.167372242190656,0.11925664400422,"IRF2BPL"
"ENSG00000131375",533.945329425115,-0.244866967455821,0.164863194732496,-1.48527370134455,0.137471335424161,0.210068198954793,-0.207198296291231,0.15387757717552,"CAPN7"
"ENSG00000137818",5678.54661859595,-0.246195749933457,0.165849280540289,-1.4844547358386,0.137688322929518,0.210375357977258,-0.205982927443103,0.154455418154571,"RPLP1"
"ENSG00000177000",362.035060134347,0.200389567987477,0.135009105475485,1.48426705948262,0.137738085543579,0.21042697078983,0.17937295418979,0.129796508074712,"MTHFR"
"ENSG00000109452",31.2750492665262,-0.397471320810536,0.267817915523068,-1.48411027706733,0.137779667220072,0.21044165877256,-0.28557530430238,0.23694021930449,"INPP4B"
"ENSG00000134815",120.267742557753,0.357927178860792,0.241165505411258,1.48415578028218,0.137767597906009,0.21044165877256,0.267003174373158,0.225214298995331,"DHX34"
"ENSG00000101193",940.717978509525,0.108296853251207,0.0729739951180849,1.484047201691,0.13779639873824,0.21044280081054,0.107054145166745,0.071825610059136,"GID8"
"ENSG00000198707",153.8725404508,-0.261839256292215,0.176449345990275,-1.48393441087985,0.137826321790613,0.210464086371515,-0.219653832973452,0.163839388126497,"CEP290"
"ENSG00000108219",481.330657703343,0.169888693055717,0.114503027541873,1.48370481290192,0.137887248897903,0.210508293018297,0.155355408261279,0.110928867913274,"TSPAN14"
"ENSG00000176714",57.7481192470698,-0.235020167666118,0.15840033636031,-1.48371002907167,0.137885864482222,0.210508293018297,-0.204564783828689,0.14911184055003,"CCDC121"
"ENSG00000162881",518.866909967576,0.436851700556651,0.294445574966961,1.48364158845202,0.13790403005501,0.210509502574407,0.293306345905276,0.272650671214506,"OXER1"
"ENSG00000081177",254.600027198951,0.11834559509516,0.0798037021563602,1.48295870864844,0.138085381687285,0.210761898364803,0.114337899416574,0.0782956521420987,"EXD2"
"ENSG00000100311",69.0904719567181,0.363805915260927,0.245522482789985,1.48176212266523,0.138403600833626,0.211191423024076,0.269205988125929,0.228548272466106,"PDGFB"
"ENSG00000124429",11.4520092004372,0.723193467696149,0.488048855801141,1.48180547725906,0.138392061290143,0.211191423024076,0.297461824629228,0.399210433964899,"POF1B"
"ENSG00000174197",407.189256390821,0.152609194742167,0.102994651266825,1.48171961228169,0.138414916396381,0.211191423024076,0.142445410467136,0.100210678618127,"MGA"
"ENSG00000180113",65.3472854400496,-0.424312964611555,0.286411276198493,-1.48148135172405,0.138478350619387,0.211263727028372,-0.294614296079184,0.249863214951191,"TDRD6"
"ENSG00000023445",283.829391613518,-0.369938227579959,0.249823022296611,-1.48080118549178,0.138659560544979,0.211515673054709,-0.271924230353186,0.22182786372793,"BIRC3"
"ENSG00000115970",293.17993833952,0.125964421193897,0.0850744613615378,1.48063730499087,0.138703248892363,0.211557805249866,0.120282542809209,0.0833317526026006,"THADA"
"ENSG00000123338",333.600163238918,0.362112076395771,0.244590572124755,1.48048256010078,0.138744511540291,0.211596228302962,0.267153291168793,0.228357693491249,"NCKAP1L"
"ENSG00000131067",234.632944030955,0.196022256748483,0.132415235013599,1.48036029787925,0.138777119386456,0.211621444735011,0.176425763113754,0.127452083220681,"GGT7"
"ENSG00000138600",1453.88140435255,-0.204117055892892,0.137937226009825,-1.47978222991343,0.138931372468051,0.21183213085285,-0.181261425655819,0.130853947122867,"SPPL2A"
"ENSG00000114812",542.602917550137,0.247686667916424,0.167396978450492,1.47963643196629,0.138970298395186,0.211866946349121,0.211026537380853,0.159281155071681,"VIPR1"
"ENSG00000132855",13054.9488827752,-0.309480881745104,0.209185957150626,-1.47945342966908,0.139019169228053,0.211916913518183,-0.238963958211777,0.189573785978593,"ANGPTL3"
"ENSG00000074935",993.463513251877,-0.212840782644577,0.143870986327002,-1.47938641472031,0.139037068905716,0.211919663025314,-0.187443207209589,0.136023512714779,"TUBE1"
"ENSG00000118162",86.152667977439,0.274703483572651,0.185754700621377,1.47885077822379,0.139180201080594,0.212113268599039,0.229691810637109,0.175510457218702,"KPTN"
"ENSG00000130038",45.7972742353248,0.266950232196152,0.180548033471915,1.4785551914509,0.139259236004885,0.212209155236148,0.222336475262918,0.170510837902506,"CRACR2A"
"ENSG00000183023",103.15304435037,-0.364957843177706,0.246901190328997,-1.47815343737873,0.139366713669667,0.212348356923369,-0.270803891199882,0.2200065580562,"SLC8A1"
"ENSG00000072134",195.325236979476,-0.141527242142599,0.0957607153383568,-1.47792590774341,0.139427610949532,0.212416561647945,-0.133022091374522,0.0931155133369638,"EPN2"
"ENSG00000113231",34.9080064247308,-0.352976226762076,0.238868659153727,-1.47770003822441,0.139488084164627,0.21248410460621,-0.266708363067206,0.214591418654059,"PDE8B"
"ENSG00000171988",1050.84543508933,-0.27979079354981,0.189373904544011,-1.47745168070284,0.139554601511402,0.212536250260164,-0.228797872958971,0.174263392485753,"JMJD1C"
"ENSG00000267041",21.9425494516558,0.250223688505752,0.169357048758638,1.47749202256331,0.139543795130734,0.212536250260164,0.212480471057483,0.159472493122776,"ZNF850"
"ENSG00000121898",39.1488305102515,0.583092790211664,0.395226029502869,1.47534005021152,0.140121144047553,0.213374390762212,0.305911114034524,0.350276986679865,"CPXM2"
"ENSG00000149547",5586.73136916306,0.166637821607092,0.112977789172358,1.47496090008338,0.140223055715274,0.2135048862666,0.154440951026449,0.109527154430721,"EI24"
"ENSG00000171763",99.4557742669525,-0.173109919657582,0.117384950297048,-1.47471987865156,0.140287869442537,0.213578872465362,-0.158356119108491,0.112720184498916,"AFG2B"
"ENSG00000112769",184.752576600442,-0.224796648430013,0.152491476028434,-1.47415878109867,0.140438844973261,0.213734329252778,-0.193649635718693,0.143479635208354,"LAMA4"
"ENSG00000126838",1415.00077422154,-0.975447394396472,0.661724442912376,-1.47409908284987,0.140454915440911,0.213734329252778,-0.333463053049716,0.423102433314104,"PZP"
"ENSG00000170581",1810.60331896154,-0.210978593566323,0.143122546355177,-1.47411151449718,0.140451568787531,0.213734329252778,-0.183698123516512,0.135171927694519,"STAT2"
"ENSG00000171827",60.9660505096056,-0.186053812560849,0.126209992445143,-1.47416071387309,0.140438324703765,0.213734329252778,-0.168626744920266,0.12089708724237,"ZNF570"
"ENSG00000134900",852.505819231726,-0.167846164403233,0.113869619284442,-1.47402059880396,0.140476045102328,0.213741778552786,-0.153524534700944,0.109483125963254,"TPP2"
"ENSG00000113456",199.005287684013,-0.131894834102887,0.0895006226284812,-1.47367504526069,0.140569104926446,0.213833949793366,-0.122946666558769,0.0872338574414442,"RAD1"
"ENSG00000172456",941.016049771353,0.196589500561313,0.133399420358004,1.47369081540029,0.140564856892771,0.213833949793366,0.175164890908055,0.128389192752123,"FGGY"
"ENSG00000163625",471.8231488589,-0.233432383289748,0.158416718286997,-1.47353376470562,0.140607166353,0.213867138655683,-0.201997001645176,0.148563226840654,"WDFY3"
"ENSG00000156510",144.255165403689,0.834756144753978,0.566608270628453,1.47325090018208,0.140683394763638,0.213958366115058,0.257452494421372,0.417097931948902,"HKDC1"
"ENSG00000116161",557.410337529795,-0.16386748150151,0.111236176665326,-1.47314917155535,0.14071081710942,0.213975354361588,-0.151689255275782,0.107180487437614,"CACYBP"
"ENSG00000140543",63.8222574639033,0.173970706046607,0.11810578536252,1.47300748657327,0.140749017086812,0.214008726061319,0.159381029435335,0.114046405042664,"DET1"
"ENSG00000133636",22.6837264866012,-0.661363111581397,0.449182196902251,-1.47237160364421,0.140920556986621,0.21424480984825,-0.341133532596383,0.352932029888345,"NTS"
"ENSG00000103319",298.09187601755,-0.123478290825793,0.0839875376849563,-1.47019777254298,0.141508197820365,0.215091019589531,-0.117652745372987,0.082072610594288,"EEF2K"
"ENSG00000171596",25.4093059250629,0.33034725355296,0.224696713324422,1.47019174720191,0.141509829233215,0.215091019589531,0.2546256338478,0.208466227361167,"NMUR1"
"ENSG00000205403",18786.3970513246,0.141481800517987,0.0962427951480904,1.47005082614534,0.141547988941449,0.215124185894392,0.141098258556807,0.093735201915727,"CFI"
"ENSG00000157600",93.458895037919,0.262330040775615,0.178460949221042,1.46995766816578,0.14157321932996,0.215137696871913,0.222105509784341,0.168965989449427,"TMEM164"
"ENSG00000164332",197.688067497823,-0.273973589659882,0.186438568013334,-1.46951133866405,0.141694148665851,0.215296614118245,-0.225959825972845,0.171975154635144,"UBLCP1"
"ENSG00000043093",687.96602364898,-0.268897302184178,0.183138168118509,-1.46827559184809,0.142029378205597,0.21578107471208,-0.220256106767083,0.168883517576404,"DCUN1D1"
"ENSG00000213160",147.988787421361,-0.246662949420978,0.168004835032101,-1.46818958736424,0.142052731886492,0.215791654323013,-0.208945202705243,0.156660581281658,"KLHL23"
"ENSG00000129317",70.9969246422172,0.360535932581021,0.24558162335868,1.46809002909166,0.142079769649707,0.215807827319801,0.266512638072291,0.228432089457528,"PUS7L"
"ENSG00000185917",169.738620423667,0.20185529018637,0.137508792024184,1.4679446107771,0.142119269059883,0.215842922648797,0.180136320263104,0.131866387830714,"SETD4"
"ENSG00000204161",94.6948411165156,-0.21612798132585,0.147243553757691,-1.46782644000509,0.142151373536821,0.215866780159838,-0.189290811966759,0.138999228364098,"TMEM273"
"ENSG00000162924",59.7467732075059,0.373872412556781,0.254750459360283,1.46760250598029,0.142212226909193,0.215884489736705,0.271300525392643,0.236266868660736,"REL"
"ENSG00000180096",37.0916502637529,0.368682382357909,0.251207743673862,1.46763940062517,0.142202199528391,0.215884489736705,0.269001262687129,0.232748218085707,"SEPTIN1"
"ENSG00000198898",1165.88954708385,-0.2885016779439,0.19657449011447,-1.46764556161839,0.142200525120805,0.215884489736705,-0.229827514477185,0.179623656230559,"CAPZA2"
"ENSG00000166681",654.840494498777,-0.188324288388565,0.128336801305944,-1.46742233305017,0.142261202861617,0.215933940151723,-0.172004510602101,0.122483618291682,"BEX3"
"ENSG00000164626",674.106883742181,0.399137510912404,0.272255712337742,1.46603906851093,0.142637643684326,0.216480370806667,0.280110904314227,0.252649086773288,"KCNK5"
"ENSG00000143418",10707.1349014895,0.129445359767073,0.088373402074993,1.46475474212508,0.142987843652052,0.216986854486274,0.124960171045152,0.0865001049039029,"CERS2"
"ENSG00000130713",226.867096184646,-0.125704177996111,0.085835026122799,-1.46448581277617,0.143061256655152,0.217073240189205,-0.119251656928451,0.0837676847254606,"EXOSC2"
"ENSG00000163431",28.9978245901513,-0.724519786342132,0.494771895043226,-1.46435113554466,0.143098032048134,0.217104020505385,-0.338807663642691,0.371609991367089,"LMOD1"
"ENSG00000197019",117.620756802556,0.25649932802066,0.175170004756844,1.46428795487396,0.143115286862416,0.217105181107336,0.215506202161338,0.16592374545214,"SERTAD1"
"ENSG00000101871",131.016403644108,-0.240875320296901,0.16451130396758,-1.46418704665042,0.143142848485699,0.217121975018746,-0.205160334838871,0.153658853343188,"MID1"
"ENSG00000152443",219.83127890398,0.156694813495326,0.107049448251286,1.46376105673616,0.143259246364821,0.217273498172933,0.145848145471876,0.103837610472045,"ZNF776"
"ENSG00000165591",170.609945813613,-0.220527026408184,0.150737438551131,-1.46298775226555,0.143470730335051,0.217563683209047,-0.19247953665741,0.141996621648268,"FAAH2"
"ENSG00000179859",14.3177087683325,-0.2725094682885,0.186275140252557,-1.46294061525883,0.143483629143564,0.217563683209047,-0.224574328776919,0.173693008647415,"RNF227"
"ENSG00000187554",40.8337535458292,0.324031603300574,0.221515166004361,1.46279647188669,0.143523078782885,0.217598440264333,0.25088762943432,0.20634702845279,"TLR5"
"ENSG00000078124",163.026231218679,0.249015288932699,0.170260393319523,1.4625555837016,0.143589024433847,0.217673355865979,0.211026215852088,0.161542806923969,"ACER3"
"ENSG00000143845",4440.46367179087,0.234427698586403,0.160338000243381,1.46208446051815,0.143718066485128,0.217843894006815,0.205683880458228,0.152814781608901,"ETNK2"
"ENSG00000064666",351.95101860207,-0.247355308420871,0.169221500002344,-1.46172506695334,0.143816565244529,0.217943013122636,-0.209495599349974,0.157606416201742,"CNN2"
"ENSG00000152804",998.968223785493,0.211324638960159,0.144566775449457,1.46177874067643,0.14380185163495,0.217943013122636,0.187417401883612,0.138467366222952,"HHEX"
"ENSG00000197037",104.01770429763,0.124996353557296,0.0855186421379824,1.46162696731804,0.143843460338968,0.21795868325732,0.119079541406481,0.0837029749703917,"ZSCAN25"
"ENSG00000104267",2791.74018350098,0.199078256544163,0.136253314488098,1.46108927545798,0.143990942986768,0.218157048948652,0.178282224018433,0.130865093732577,"CA2"
"ENSG00000182979",291.351632157834,0.305257290138325,0.208950695603899,1.46090583357995,0.144041285484117,0.218208211331709,0.24163235721955,0.196350016468252,"MTA1"
"ENSG00000112139",25.3108582399533,0.657279343644825,0.450041455598023,1.4604862184783,0.144156492434764,0.21833249504154,0.296960272390882,0.380742884538273,"MDGA1"
"ENSG00000160075",1211.41383017898,-0.142200474091064,0.0973644990063699,-1.46049613095386,0.144153770111837,0.21833249504154,-0.132783699283814,0.0944707155229994,"SSU72"
"ENSG00000107518",62.5960285259843,-0.369525640219693,0.253064349858698,-1.46020425408013,0.144233946523846,0.218424676780879,-0.271555350394318,0.224581513798222,"ATRNL1"
"ENSG00000134326",91.527145509759,-0.314958403676678,0.215718533773036,-1.46004331740941,0.144278169251257,0.218431685702533,-0.247265459440587,0.195715171844915,"CMPK2"
"ENSG00000134779",297.556753638172,-0.145981423725482,0.0999868460832579,-1.46000628526601,0.144288346540705,0.218431685702533,-0.135072060107602,0.0968986212200386,"TPGS2"
"ENSG00000151092",516.133230274467,-0.108234122817075,0.0741275846016112,-1.46010588903936,0.144260974370595,0.218431685702533,-0.103713599653946,0.0727380582744669,"NGLY1"
"ENSG00000056558",151.355879940572,0.344282131687186,0.235861911648947,1.45967667810482,0.144378954458434,0.218526675865325,0.259061651356202,0.219992066737102,"TRAF1"
"ENSG00000093217",748.060134440156,0.156517242295443,0.107232773733327,1.45960266480357,0.144399306464515,0.218526675865325,0.145451373103453,0.1041613541283,"XYLB"
"ENSG00000189362",74.9770036372657,0.189216922887924,0.129636422708949,1.45959691677655,0.144400887135677,0.218526675865325,0.170559780792734,0.124660197156655,"NEMP2"
"ENSG00000179873",29.9047030426525,0.308810362338669,0.211599243776771,1.45941146493156,0.144451892339333,0.218578739747117,0.243364969775663,0.197467610707455,"NLRP11"
"ENSG00000090339",434.162577066305,0.296230155859371,0.203029618906881,1.45904896760525,0.144551630597886,0.218704524069382,0.237062870197384,0.191065464893048,"ICAM1"
"ENSG00000116701",115.191194026771,0.364682755798198,0.250014668315401,1.45864543970732,0.144662720155168,0.218847451862914,0.266910957418788,0.232369301561613,"NCF2"
"ENSG00000102103",473.399638031873,0.196301078910982,0.134585186028229,1.45856378925544,0.144685206141618,0.218856321698133,0.18227661834699,0.129284152985916,"PQBP1"
"ENSG00000088926",4075.93436773233,0.152505299559288,0.10463387901569,1.45751357967355,0.144974665621522,0.219268977320271,0.143975409565464,0.101708845678977,"F11"
"ENSG00000090905",1251.7342872927,-0.196366104680388,0.134771205118533,-1.45703308438684,0.14510724788315,0.219429405687967,-0.175344345660284,0.128039359927886,"TNRC6A"
"ENSG00000169967",1169.34377072305,-0.24771666937195,0.170017327366328,-1.4570083720832,0.145114069218072,0.219429405687967,-0.205179914106529,0.157764221031812,"MAP3K2"
"ENSG00000117000",229.197160489414,-0.190717923305731,0.130913669511446,-1.45682207226691,0.145165501444956,0.219481969685839,-0.170342753592163,0.124703808811359,"RLF"
"ENSG00000183520",251.012027447574,-0.119636577582002,0.0821272662592341,-1.45672178109972,0.145193194843134,0.219498633976887,-0.114374974500741,0.0803430837213819,"UTP11"
"ENSG00000008382",538.207947440542,0.223793692404441,0.153642941161419,1.45658297551933,0.145231529900922,0.219531380330142,0.195182481076683,0.146725383477796,"MPND"
"ENSG00000108242",1823.23611955894,0.184678727805706,0.126815547575884,1.45627828240222,0.145315706642926,0.219624221053279,0.168668767550435,0.122237216455987,"CYP2C18"
"ENSG00000134440",1353.58967498092,-0.160797807590491,0.110419860663341,-1.45623990670254,0.145326311242303,0.219624221053279,-0.153258141831173,0.106433203269893,"NARS1"
"ENSG00000112562",40.6946535968146,-0.784283909589659,0.538615895479445,-1.45610984780079,0.145362255647685,0.219653329261727,-0.341272232097272,0.39021271761701,"SMOC2"
"ENSG00000124160",264.1389313175,0.165494656074673,0.113673085985045,1.45588249532035,0.145425105451552,0.219705152252755,0.152782400370198,0.110035645308992,"NCOA5"
"ENSG00000167723",37.9058833451457,0.717494200119638,0.492830152337038,1.45586506165912,0.145429925708853,0.219705152252755,0.283769411561862,0.399344134057294,"TRPV3"
"ENSG00000125652",472.396518902752,0.323672296583534,0.222370871911755,1.45555168175074,0.145516593423948,0.219785645178353,0.24907361516871,0.20821965896819,"ALKBH7"
"ENSG00000147274",1320.35777036032,-0.142514958232301,0.0979098987326874,-1.4555725220531,0.145510828644729,0.219785645178353,-0.133475963741245,0.0949619132401434,"RBMX"
"ENSG00000162676",14.4653613117669,-0.351467530698647,0.241476974100936,-1.45549086825867,0.145533416461503,0.219785840919035,-0.263279011599527,0.217765029272876,"GFI1"
"ENSG00000176928",40.1815266582953,0.403348459691246,0.277145279821499,1.45536831784049,0.145567322513389,0.219811832573836,0.280383440350499,0.254612263754038,"GCNT4"
"ENSG00000162231",1050.30938364609,0.317586814662973,0.218282989384881,1.45493158013792,0.145688204017531,0.219969139231057,0.247007634710254,0.204643856052913,"NXF1"
"ENSG00000171161",320.493187971176,0.14618551756555,0.100483687437385,1.45481840180919,0.145719542372113,0.219991227482082,0.137033766068025,0.0978474631281694,"ZNF672"
"ENSG00000157426",189.377713673971,0.16488172861011,0.113468277164897,1.45310859325463,0.146193605523599,0.220681610906181,0.151932143632367,0.109836175233857,"AASDH"
"ENSG00000196660",772.310321274251,-0.274139610434429,0.188669082779208,-1.45301819670817,0.146218701765169,0.220694190925165,-0.224943420083257,0.173571333172877,"SLC30A10"
"ENSG00000128039",273.236244703882,0.208788518786164,0.143699440218355,1.4529529027316,0.146236830983939,0.220696253637613,0.184884079612095,0.137637619054528,"SRD5A3"
"ENSG00000175643",27.3172852930299,0.44927060195025,0.309259741723068,1.45272902139509,0.146299005884037,0.220764780684153,0.290992306997624,0.28084984246959,"RMI2"
"ENSG00000138073",1001.71561422646,0.20111431385158,0.138468027773305,1.45242419557558,0.146383692686952,0.220867258528124,0.180486276128958,0.132936768918864,"PREB"
"ENSG00000128050",2581.5181893145,0.144619873105385,0.0996052810350934,1.4519297732259,0.146521133005015,0.221037918152764,0.136500535380602,0.0970363699311221,"PAICS"
"ENSG00000132478",162.502209597776,0.239439027139702,0.164921124548751,1.45183964634514,0.146546197254466,0.221037918152764,0.204598302345413,0.156749019573961,"UNK"
"ENSG00000170458",3713.32534828349,0.237143746541283,0.163340570074655,1.45183616313385,0.146547165999961,0.221037918152764,0.207831187096821,0.155398163616667,"CD14"
"ENSG00000054967",25.9681746665616,0.324098315414932,0.223249202644311,1.45173336153544,0.146575759232102,0.221055721197005,0.250274163259263,0.206804013399101,"RELT"
"ENSG00000152380",13.4932446987369,-0.279014583177913,0.192249110968098,-1.45131793729966,0.146691348781941,0.221204707142714,-0.227949314430578,0.17862408366755,"FAM151B"
"ENSG00000129993",100.975505369136,0.349611798560295,0.240907242510568,1.45122992117997,0.146715847740647,0.22121631371431,0.260172428640411,0.224260827071492,"CBFA2T3"
"ENSG00000078618",2232.20479782887,0.0922740395990727,0.0635895897149526,1.4510871985918,0.146755580692645,0.221250884621478,0.0896197303185912,0.0628011843424794,"NRDC"
"ENSG00000068028",198.077439563613,0.196621454116806,0.135529388762857,1.45076618371566,0.146844979021199,0.22133805947085,0.175804706564099,0.13004285469317,"RASSF1"
"ENSG00000164038",1171.25602632177,0.177045442686188,0.122036439534075,1.45075883369044,0.146847026392061,0.22133805947085,0.161214165353886,0.117861788873302,"SLC9B2"
"ENSG00000114859",46.6554292153735,0.276709701006794,0.190746074712073,1.45067048653285,0.14687163745762,0.221349814419302,0.226268259941727,0.179410399549674,"CLCN2"
"ENSG00000171680",26.7248788688258,0.433138814354803,0.298607031775795,1.45053119405446,0.146910446882749,0.221382962533854,0.286414788003501,0.27208301562268,"PLEKHG5"
"ENSG00000132591",689.554267826617,0.115877935638361,0.0798926071236671,1.45042125686287,0.146941082926767,0.221401607335854,0.124181504827434,0.0782425400229856,"ERAL1"
"ENSG00000186687",252.06504338275,-0.26112006299697,0.180037344274501,-1.45036611181535,0.146956451960203,0.221401607335854,-0.217364345267865,0.166580371079687,"LYRM7"
"ENSG00000070190",28.1279974670681,-0.315486982399339,0.217543558031976,-1.45022442978048,0.146995944659142,0.221427543099183,-0.247214767862689,0.198073846513017,"DAPP1"
"ENSG00000141458",336.858782119809,0.180626720578663,0.124554373596212,1.45018368575502,0.147007303222692,0.221427543099183,0.164866455182837,0.120132778902048,"NPC1"
"ENSG00000136167",1369.88896144087,0.301375842539077,0.208017542690198,1.44880012830417,0.147393407956974,0.221983711869311,0.238616499182673,0.195445527635042,"LCP1"
"ENSG00000134242",28.54185077349,-0.394985637917661,0.272890293000984,-1.44741549277547,0.147780589175106,0.222541374480092,-0.280086978694989,0.239622530379949,"PTPN22"
"ENSG00000163104",305.511630021303,-0.262107132916119,0.18114246321366,-1.44696681421937,0.147906218318413,0.222705085816586,-0.217484466417792,0.167391220633939,"SMARCAD1"
"ENSG00000144857",10.1650186033041,-0.649255559073115,0.4487734003806,-1.4467336043591,0.147971548858887,0.222777977390063,-0.328933749859945,0.351752929419426,"BOC"
"ENSG00000158604",962.184133748367,-0.0881483229226956,0.0609487628174288,-1.44626927353296,0.148101690413055,0.222948417102478,-0.0859051234479856,0.0601664318074125,"TMED4"
"ENSG00000173369",2153.45524027837,0.493171490827285,0.341072940166633,1.44594141823841,0.148193633581552,0.223061321565646,0.300171212510069,0.310194016534798,"C1QB"
"ENSG00000012048",153.446956794235,0.32112317751029,0.222129791004101,1.445655605485,0.148273821981924,0.223131002424736,0.247737080540539,0.20765672595032,"BRCA1"
"ENSG00000110717",578.403325740138,0.283900066280248,0.196380720023351,1.44566160184407,0.148272139286864,0.223131002424736,0.231644551936866,0.185018254174721,"NDUFS8"
"ENSG00000170340",282.340563523682,-0.251466041984493,0.17395409225918,-1.44558853843935,0.148292643294218,0.223133821898478,-0.209230982393916,0.161282556468296,"B3GNT2"
"ENSG00000142731",19.6798139986162,0.340951471514751,0.235941858559308,1.44506563437554,0.148439450687703,0.22332198970303,0.257208882356376,0.216955299394733,"PLK4"
"ENSG00000185507",243.956352596799,0.392049898075848,0.271310621302809,1.44502230024487,0.148451621895862,0.22332198970303,0.273814116033835,0.250654408377352,"IRF7"
"ENSG00000009307",6098.77045305463,0.154500087740614,0.106938334883578,1.44475868180307,0.14852568053102,0.223407872714659,0.144642654347425,0.103866016413444,"CSDE1"
"ENSG00000110171",122.374857031028,0.270747572043614,0.187505979494249,1.44394100270236,0.148755571559267,0.223702553415112,0.22253028508604,0.176876854545523,"TRIM3"
"ENSG00000124333",747.262481904357,-0.260411703378569,0.180341816387379,-1.44398957820852,0.148741906936917,0.223702553415112,-0.21424142681774,0.166448568538253,"VAMP7"
"ENSG00000258461",18.6936237976566,0.440430530304453,0.305079653293055,1.44365750239457,0.148835341258143,0.223796951005563,0.287799799825296,0.275850250312485,NA
"ENSG00000118600",225.960325109903,-0.109637339197174,0.0759523574261668,-1.44350146476694,0.148879260167598,0.223837425986822,-0.105307068043583,0.0745312054180321,"RXYLT1"
"ENSG00000267796",21.3280670031466,0.404037317772405,0.27991929470024,1.44340645829749,0.148906005874397,0.223852075056213,0.278670861071488,0.255153758995046,"LIN37"
"ENSG00000139324",283.804913070558,-0.334776949658803,0.231947171246748,-1.44333275486539,0.148926756991961,0.223857710076055,-0.255034510205462,0.207825940405803,"TMTC3"
"ENSG00000085719",1428.14328117437,-0.257817534769537,0.178711355602164,-1.44264774838077,0.149119725410344,0.224096599104279,-0.213763957035586,0.165228572022295,"CPNE3"
"ENSG00000180881",47.631035237038,-0.277568282848519,0.192401586054041,-1.44265070024192,0.149118893452803,0.224096599104279,-0.226421477304232,0.177113992541591,"CAPS2"
"ENSG00000137100",414.286724763207,-0.150094087381157,0.104060072687736,-1.44237922869381,0.149195420273602,0.224184764131732,-0.139067395879755,0.100625610157274,"DCTN3"
"ENSG00000178700",178.903898278504,-0.179904434036733,0.124810623014937,-1.44141924534103,0.14946627643965,0.224566129819061,-0.163066527385041,0.119316960446938,"DHFR2"
"ENSG00000172478",423.776162119862,0.577119091087701,0.400423083189744,1.4412732814762,0.149507492508982,0.224602424278099,0.293086580745807,0.350856071835691,"MAB21L4"
"ENSG00000158552",566.421105852943,0.175777080256962,0.12196943933444,1.44115674562528,0.149540405164474,0.224626237808952,0.160345552862999,0.117772654408769,"ZFAND2B"
"ENSG00000140465",690.148521748329,0.621767697550484,0.431528995057933,1.44084801872238,0.14962762412946,0.224730584141771,0.292084160961755,0.370531281499753,"CYP1A1"
"ENSG00000178038",370.877373633941,0.385548850881091,0.267595445297057,1.44079003457287,0.149644009659039,0.224730584141771,0.271648274310987,0.247496809370227,"ALS2CL"
"ENSG00000091640",625.360246121202,-0.152076065085402,0.105585465709961,-1.44031249057658,0.149779009146525,0.224907668159574,-0.139030420138999,0.101935038368346,"SPAG7"
"ENSG00000132781",127.370035296496,0.267404788704153,0.185704698838976,1.43994627155891,0.149882600503516,0.22503755482145,0.220581344010809,0.175204854094724,"MUTYH"
"ENSG00000002016",131.666518582238,-0.227902239843337,0.158286821211137,-1.43980552581406,0.149922427396252,0.225071685188033,-0.195440496138965,0.148301403620536,"RAD52"
"ENSG00000003756",1352.60923737002,-0.230322200032018,0.160023390149108,-1.43930334070167,0.15006459674971,0.225259432311787,-0.197907987039531,0.149691145282013,"RBM5"
"ENSG00000168096",103.869205444132,0.458312552362461,0.318508829231667,1.43893201789112,0.150169784894271,0.2253916310896,0.28869267003607,0.289849622390257,"ANKS3"
"ENSG00000103642",620.755512993651,-0.144519895779891,0.100454680949411,-1.43865765551205,0.150247542249187,0.225456934266332,-0.133931220386589,0.0972757868924496,"LACTB"
"ENSG00000105639",49.7575656591563,-0.40221907021226,0.279569316969355,-1.4387096358516,0.150232808084984,0.225456934266332,-0.280020250189716,0.243541555045923,"JAK3"
"ENSG00000189157",56.2324081438118,-0.334185023973609,0.232459375340544,-1.43760613433655,0.150545839404839,0.22587880588081,-0.254478672559147,0.208869411880482,"FAM47E"
"ENSG00000187116",27.5739114312719,-0.376902968505589,0.262195050148587,-1.43749078516927,0.150578589295596,0.225902199939131,-0.272386804570245,0.231665093892865,"LILRA5"
"ENSG00000133226",609.171286884366,-0.127258855495214,0.0885559333825094,-1.43704493458988,0.150705226086855,0.226066424365903,-0.120099298624637,0.086317872812481,"SRRM1"
"ENSG00000047579",88.1349953152566,-0.163860553295626,0.114083675041889,-1.43631902842769,0.150911581887398,0.226350180807642,-0.1505858247858,0.109880442830995,"DTNBP1"
"ENSG00000158079",46.5721267756926,-0.245743050766642,0.171194810911439,-1.43545852504704,0.151156478941493,0.226691673509933,-0.207429217769948,0.159455999144478,"PTPDC1"
"ENSG00000175115",158.558999603233,0.323742556670127,0.225697006336631,1.43441227655124,0.151454646342618,0.227112969675046,0.247933959430445,0.210594627484941,"PACS1"
"ENSG00000204525",8602.03180002085,0.238607546532225,0.166377300743585,1.43413521836106,0.151533679352863,0.227179733814597,0.208409706986193,0.158066470249075,"HLA-C"
"ENSG00000233493",25.7669099361665,0.428195575106661,0.298563646776385,1.43418523899317,0.151519408254064,0.227179733814597,0.282490889255563,0.271360811216061,"TMEM238"
"ENSG00000089289",374.086015090432,-0.116904202183511,0.0815351737036432,-1.4337885954401,0.151632600474695,0.227302153916639,-0.111553050524499,0.0798100051643755,"IGBP1"
"ENSG00000186567",90.1594307998809,0.591715770595268,0.412859387708847,1.43321379678195,0.151796748012142,0.227522311512734,0.29316765430821,0.358070883284781,"CEACAM19"
"ENSG00000100154",204.407785748867,-0.184980129767677,0.129148459870618,-1.43230612237259,0.152056231706791,0.227840860508758,-0.166464521739422,0.123123622672611,"TTC28"
"ENSG00000112893",1861.16015370795,-0.318469197828651,0.222359241727064,-1.43222829577534,0.152078496289759,0.227840860508758,-0.244050282720474,0.199847707213987,"MAN2A1"
"ENSG00000159618",11.8137876771026,0.398007816944662,0.277886842281053,1.43226578731684,0.15206777042383,0.227840860508758,0.275580600624051,0.25137953826067,"ADGRG5"
"ENSG00000196455",695.391106206269,0.225729968875218,0.157594789342543,1.43234411376749,0.152045364054366,0.227840860508758,0.195591859934208,0.150146074419054,"PIK3R4"
"ENSG00000100697",803.364594719472,-0.236245699619935,0.165040250751896,-1.43144292706561,0.152303312981486,0.228151714497013,-0.190490316762513,0.153500847898047,"DICER1"
"ENSG00000130734",112.227252097304,0.334792490187333,0.233969967518927,1.43092078755898,0.152452918613378,0.228349843738763,0.252185091684798,0.217564180460044,"ATG4D"
"ENSG00000130332",241.383487241986,0.258317197184743,0.180557880009488,1.43066144314038,0.15252726863935,0.228435219986996,0.214688281778555,0.170701841444454,"LSM7"
"ENSG00000117394",30.4705932374176,0.332651589442293,0.232536871073781,1.43053266308355,0.152564198137786,0.228464539659019,0.249339815427068,0.214744080841023,"SLC2A1"
"ENSG00000151552",3408.30501258123,-0.148281315365634,0.103742255908848,-1.42932418489067,0.15291107790137,0.228957949692874,-0.135389833316012,0.100192163312204,"QDPR"
"ENSG00000160087",300.053050415947,0.243513222022441,0.170391165430498,1.42914229976183,0.152963337843143,0.229003879192031,0.206247880613919,0.16159295226121,"UBE2J2"
"ENSG00000197860",45.1524918480285,-0.346305612592689,0.24232488593181,-1.42909636070205,0.152976539381279,0.229003879192031,-0.259123780440861,0.216144657177904,"SGTB"
"ENSG00000143514",308.817918681814,-0.145228740335717,0.101649873094206,-1.42871541217885,0.153086046208218,0.229141755840996,-0.135591812967377,0.0983856317164802,"TP53BP2"
"ENSG00000182872",492.826544685894,0.236381877767529,0.165482629441271,1.4284392178541,0.153165477847724,0.229209211591465,0.201777592827381,0.157213316377155,"RBM10"
"ENSG00000186166",200.365429763285,-0.458029629147754,0.320650769194022,-1.42843764354299,0.1531659306989,0.229209211591465,-0.294984319243921,0.27093939844953,"CENATAC"
"ENSG00000152133",152.953959852002,0.177113696228516,0.124096293704839,1.42722792873878,0.153514206741049,0.229660112609916,0.160885187335955,0.119535632583699,"GPATCH11"
"ENSG00000204616",17.8567909167851,0.862666969099488,0.604443201255166,1.4272093181098,0.153519569427303,0.229660112609916,0.242305506584739,0.414848126019046,"TRIM31"
"ENSG00000204839",69.320895774835,0.508381853639402,0.356195260956376,1.42725608497544,0.153506093741521,0.229660112609916,0.292678707929535,0.318516243730564,"MROH6"
"ENSG00000119318",3030.24100857904,-0.187260247706685,0.131237664280181,-1.42687885169078,0.153614817643807,0.2297764927401,-0.164354816843934,0.124716065642229,"RAD23B"
"ENSG00000173757",887.539052372838,-0.10212418870477,0.0715821326810126,-1.42667150139073,0.153674603826809,0.22983980847254,-0.09835198498756,0.0703435650716244,"STAT5B"
"ENSG00000113758",44.6320793368891,0.367606547412683,0.257695643982882,1.4265144017611,0.153719912800671,0.229881459783467,0.261591892326249,0.237006404879751,"DBN1"
"ENSG00000132313",699.251192621555,0.119482847155237,0.0837823075148334,1.42611072312711,0.153836383996051,0.23002950956184,0.116014049006836,0.0820790422032304,"MRPL35"
"ENSG00000270170",148.391063234892,-0.206732429833753,0.144993157119925,-1.425808182539,0.153923718351162,0.230133962731252,-0.18056900431335,0.136906581588227,"NCBP2AS2"
"ENSG00000009694",759.779694172522,-0.304983164078395,0.213941283918034,-1.42554610542228,0.153999402579162,0.230220975855256,-0.236142080142406,0.193136240571428,"TENM1"
"ENSG00000082074",147.905562229675,-0.368088193273551,0.258265480379591,-1.42523186889919,0.154090187003234,0.230330540654471,-0.26668662381633,0.227365775793208,"FYB1"
"ENSG00000141367",4478.01479850352,0.160101062279952,0.112393666063744,1.42446694628815,0.154311346782186,0.230634940598736,0.147899079624986,0.108920471753113,"CLTC"
"ENSG00000186063",324.82523648217,0.281082259900159,0.197335624107936,1.42438680887347,0.154334530623188,0.230643408647547,0.227135711244789,0.185549880284436,"AIDA"
"ENSG00000102802",11.1271740759922,-0.811113134452966,0.569484530268561,-1.42429353448891,0.154361518336675,0.230657558781144,-0.327050095226131,0.397060913543309,"MEDAG"
"ENSG00000106462",64.9922839656417,0.269656355358051,0.189340447791526,1.42418779771217,0.154392116215214,0.230677099647017,0.220478482433438,0.177911721837643,"EZH2"
"ENSG00000141480",405.461352153982,-0.168524465874293,0.118339218367237,-1.42407959254318,0.154423433162409,0.230697710316155,-0.154684990152889,0.113502546074018,"ARRB2"
"ENSG00000244509",89.4025995577021,0.28551812876522,0.200542121008429,1.42373147012452,0.154524220161205,0.230822087887726,0.229122393187367,0.188037086453405,"APOBEC3C"
"ENSG00000164309",141.917805757267,-0.339795866944517,0.238688712940184,-1.42359419831331,0.154563976277531,0.230855282095288,-0.253892221871597,0.212623349801787,"CMYA5"
"ENSG00000163909",41.0674760947648,0.422113309739993,0.296671096828948,1.42283260571006,0.154784686857338,0.231158709977735,0.279087579862372,0.270097262167284,"HEYL"
"ENSG00000166073",35.0969028344081,0.326759105414874,0.229675511272137,1.42269893557657,0.154823449327075,0.231190374712518,0.248691409901632,0.212381696015902,"GPR176"
"ENSG00000132842",351.425067045254,0.199022292912209,0.139911359229461,1.42248845274817,0.154884501348709,0.231229090005341,0.176863489534796,0.134123598806948,"AP3B1"
"ENSG00000179431",13.1467054393113,-0.365831822905767,0.257174808068506,-1.42250256023645,0.154880408801137,0.231229090005341,-0.266456807806232,0.228856304714811,"FJX1"
"ENSG00000147573",644.984585971061,0.437247451713452,0.307404968009137,1.42238251562823,0.15491523607007,0.231248752618883,0.281884315002936,0.280442465461243,"TRIM55"
"ENSG00000132514",120.868978290927,0.259296757945185,0.182400969751311,1.42157554479406,0.155149508348153,0.231572205748983,0.214882840365534,0.172022084397726,"CLEC10A"
"ENSG00000129214",438.862278194942,-0.456030575417383,0.321000675026527,-1.42065301071313,0.155417659308719,0.231946146277328,-0.291980502692928,0.270449176908129,"SHBG"
"ENSG00000185127",416.7263260049,0.247247293689795,0.174056264121827,1.42050212864927,0.155461549323048,0.231985351738326,0.20919994878128,0.164820490157411,"C6orf120"
"ENSG00000198670",2329.60269252369,-0.358956681461246,0.252723852814273,-1.42035141307,0.155505400301067,0.232024490068433,-0.262113580610453,0.222889174880027,"LPA"
"ENSG00000180616",21.6580887524873,-0.327196900382098,0.230404482028206,-1.42009781017212,0.155579207725293,0.232108311491355,-0.250080574289198,0.207671648179172,"SSTR2"
"ENSG00000145850",120.511323915667,0.732419285009442,0.515900550016071,1.41969083961362,0.15569770613644,0.232258780760522,0.266958888983618,0.401337496149296,"TIMD4"
"ENSG00000135409",19.4377707549838,-0.279528957218696,0.197056838737303,-1.41851944347558,0.156039166156543,0.232741776551155,-0.225867775756504,0.181627727647527,"AMHR2"
"ENSG00000127081",44.7864207606668,-0.185774795403977,0.130981402429337,-1.41832956403258,0.156094569169217,0.232798040063651,-0.16721593910292,0.125008658345486,"ZNF484"
"ENSG00000188171",41.718878135012,-0.23554089590397,0.166152241453039,-1.41762093513823,0.156301464648047,0.233080199745859,-0.200895297041263,0.155303883461989,"ZNF626"
"ENSG00000107438",1505.96453796789,-0.122630666693683,0.0865257863572542,-1.4172730680234,0.156403106075667,0.233205356125961,-0.113591236034687,0.0843418490092881,"PDLIM1"
"ENSG00000121406",50.0574614138082,-0.21538739268583,0.151996069949443,-1.41705895920514,0.156465690302356,0.233219436037679,-0.188159957096042,0.143229904727525,"ZNF549"
"ENSG00000160551",555.267682322032,0.248648937074914,0.175466425033211,1.41707416121262,0.156461246113716,0.233219436037679,0.20857684825198,0.166075085669606,"TAOK1"
"ENSG00000176845",39.5656395293597,-0.298349606999768,0.210536606755696,-1.41709136286199,0.156456217460775,0.233219436037679,-0.238320937217673,0.191750524975755,"METRNL"
"ENSG00000130340",1057.66337499402,-0.121474476738265,0.0857288716428412,-1.41696110552283,0.156494299356816,0.233235674137632,-0.116421207700569,0.0836676321592978,"SNX9"
"ENSG00000183624",596.354328421521,0.119603030170707,0.0844789905183713,1.41577248303763,0.156842128572139,0.233727613444345,0.114327311104941,0.0827981508224316,"HMCES"
"ENSG00000007129",19.0804157957049,0.353060874482351,0.249699898860309,1.41394079891023,0.157379285477709,0.234501547374323,0.258460284703755,0.228296264827295,"CEACAM21"
"ENSG00000179918",7539.03520070007,-0.0928428911783912,0.0656734557225184,-1.41370497649261,0.157448543579034,0.234552034940921,-0.0890546223351509,0.0646705401739698,"SEPHS2"
"ENSG00000185880",268.758634979511,-0.190999626738774,0.135105801633518,-1.41370410766572,0.157448798785345,0.234552034940921,-0.170435532856735,0.128296469819494,"TRIM69"
"ENSG00000085276",39.5544368873809,-0.367183643782717,0.259778599557773,-1.41344839185284,0.157523925518664,0.23463740280334,-0.265968314317895,0.228910027019999,"MECOM"
"ENSG00000121064",467.258502759738,0.189042370275567,0.133837487208391,1.41247698397998,0.157809562966672,0.23502904074698,0.173146997008248,0.128459671947974,"SCPEP1"
"ENSG00000183401",176.734645036877,0.279155867184686,0.197641870391209,1.41243283435909,0.15782255424913,0.23502904074698,0.22508842886678,0.185586387256508,"CCDC159"
"ENSG00000111011",709.867886330664,-0.115579780459485,0.0818489171758834,-1.41211129538975,0.157917193396113,0.235139137367567,-0.106364096004177,0.0799121251229908,"RSRC2"
"ENSG00000149499",413.692498988618,0.261376833957868,0.185103165803823,1.41206031146373,0.157932203534968,0.235139137367567,0.215974662917797,0.174609985710997,"EML3"
"ENSG00000151466",55.8864470739886,-0.179573978868335,0.127188847608634,-1.41186890395369,0.157988565318834,0.235196455335569,-0.163743585779605,0.121378371640605,"SCLT1"
"ENSG00000150433",202.053997606881,-0.145828030358676,0.103303955687707,-1.41164033253017,0.158055890332085,0.235270079379563,-0.135690927598844,0.0999905238521079,"TMEM218"
"ENSG00000163069",421.755502818079,0.252458667006134,0.178863746229416,1.41145800827812,0.15810960895974,0.235323435627848,0.211277026648746,0.169033171606588,"SGCB"
"ENSG00000105519",119.343289696166,0.522746417619879,0.370436640592767,1.41116282877252,0.158196607711162,0.235426306897836,0.28869965895257,0.32776939414554,"CAPS"
"ENSG00000157933",427.532425103901,0.201824321406489,0.143054629163017,1.41081992653661,0.158297717373986,0.235550152231679,0.181650831960448,0.136906850853477,"SKI"
"ENSG00000129038",19.7131859673826,0.651677528042796,0.461950690519508,1.41070798554262,0.158330735380715,0.235572659286078,0.281459795772062,0.378740092372563,"LOXL1"
"ENSG00000143067",101.633995814701,-0.242658967043324,0.172111948063258,-1.40989030554775,0.158572075661405,0.235882444237827,-0.204549934571493,0.159862297975105,"ZNF697"
"ENSG00000185585",18.3148863448409,-0.481873256722063,0.3417828898578,-1.40988115854058,0.158574776997494,0.235882444237827,-0.298147054469058,0.286672377948749,"OLFML2A"
"ENSG00000114547",11.9575629231826,-0.451618440693548,0.320453064990071,-1.40931228324354,0.158742848323924,0.236105777342158,-0.290771415382708,0.273425366936454,"ROPN1B"
"ENSG00000163918",105.763147614116,0.180969337234875,0.128505746634113,1.40825871196358,0.159054476674851,0.236542555054907,0.163313076261809,0.123480321267323,"RFC4"
"ENSG00000188186",534.853903516876,-0.249366916385635,0.177128727187719,-1.40782876016129,0.159181781981175,0.236705143614654,-0.208274842197441,0.163868822943522,"LAMTOR4"
"ENSG00000100519",1114.39873251041,-0.138983225606752,0.0987466805855015,-1.40747238066813,0.159287361536057,0.23680864972716,-0.130106052580855,0.0957198099253001,"PSMC6"
"ENSG00000110245",134508.38439543,-0.242804558415535,0.172509723429723,-1.40748332087176,0.159284119647309,0.23680864972716,-0.204027265709729,0.15996684258207,"APOC3"
"ENSG00000155393",241.760592026544,0.148155171961134,0.105293102464303,1.40707385853088,0.159405488839469,0.236957509998921,0.137898299640059,0.102267449845887,"HEATR3"
"ENSG00000008513",4568.9455592307,0.252749761467359,0.179643336308148,1.4069531698844,0.15944127564243,0.236983950678283,0.212626307882207,0.169774166802601,"ST3GAL1"
"ENSG00000152154",42.844554928452,-0.503045323874261,0.357574899168899,-1.40682504572741,0.159479273886025,0.237013671970133,-0.302839665970475,0.294669108062745,"TMEM178A"
"ENSG00000138134",40.4639635176438,-0.224744475962703,0.159816794757424,-1.40626319219973,0.159645985702173,0.237234655502801,-0.193519153136464,0.150048164528181,"STAMBPL1"
"ENSG00000080608",198.178443804504,0.141636891332635,0.100743427082775,1.40591694598855,0.159748788660081,0.237348192298407,0.132673317137707,0.0979866053254922,"PUM3"
"ENSG00000165609",1456.62395481181,0.105516573496877,0.0750535186252227,1.40588443326382,0.159758444489479,0.237348192298407,0.101634624946872,0.0738047469803919,"NUDT5"
"ENSG00000070778",297.315509846486,0.123003560836055,0.087543865243356,1.40505060513523,0.160006230745123,0.237689499491176,0.12271889249992,0.08552369349179,"PTPN21"
"ENSG00000173473",517.680505014179,0.0997097636795637,0.0710095205894997,1.40417457901142,0.160266869749194,0.238049820297596,0.0985589447326373,0.069947228551162,"SMARCC1"
"ENSG00000115268",1875.20590210615,-0.255460713809983,0.181991917102083,-1.40369263579267,0.160410396318993,0.238214618680051,-0.206053213106863,0.167261572664502,"RPS15"
"ENSG00000180263",148.744632977593,0.235200805173733,0.167560069565935,1.40368051757809,0.16041400647253,0.238214618680051,0.19902906610348,0.158788778389637,"FGD6"
"ENSG00000091592",144.140309424105,-0.314600098571757,0.224154821376048,-1.40349467676172,0.160469378251474,0.238243102622791,-0.242594082249977,0.201424411286823,"NLRP1"
"ENSG00000187837",543.906082509098,-0.267087789869566,0.190299849385765,-1.40351025359006,0.160464736538331,0.238243102622791,-0.216500081043147,0.174383483411523,"H1-2"
"ENSG00000171574",94.769758631126,0.174549764201177,0.124380633337636,1.4033516273177,0.160512010062367,0.238279526945668,0.157306020398153,0.119666528961288,"ZNF584"
"ENSG00000115350",234.219738994593,-0.192354729314288,0.137079451578409,-1.40323532885059,0.160546675814663,0.238304118802238,-0.170556575066323,0.130009989523405,"POLE4"
"ENSG00000114770",258.942278784093,0.2626940135152,0.187253908741689,1.40287599484814,0.160653820313769,0.238436275307303,0.215766291938735,0.176288068607688,"ABCC5"
"ENSG00000164975",271.775032036844,-0.169250868302258,0.120661174386448,-1.40269535053744,0.160707704378573,0.238489363824199,-0.153686937880103,0.115548115378397,"SNAPC3"
"ENSG00000111696",198.716926720904,-0.232913942250004,0.16609780570291,-1.40226983291161,0.160834685232116,0.238650903388486,-0.196313258856305,0.15468467654586,"NT5DC3"
"ENSG00000079482",22.4548772934864,0.280219487152549,0.199859259925109,1.40208408285687,0.160890139601892,0.238706285553134,0.225391923993329,0.185505645152731,"OPHN1"
"ENSG00000204713",870.807893184786,0.152769906006612,0.108984940138334,1.40175244224296,0.160989184487635,0.238826321460756,0.142383051783541,0.105702603812303,"TRIM27"
"ENSG00000086475",785.753783829834,0.0896673293231745,0.0639887194433931,1.40129901181251,0.161124676586249,0.238973469858574,0.0871257847718653,0.0631852157947592,"SEPHS1"
"ENSG00000105374",119.316400849828,-0.319515401855725,0.228009544805627,-1.40132467756165,0.161117004960236,0.238973469858574,-0.243205709811759,0.20424734947853,"NKG7"
"ENSG00000100911",2260.18734004757,0.163815399596069,0.116956329145403,1.4006544219801,0.16131743833794,0.239178535265464,0.151320764264129,0.113132865326247,"PSME2"
"ENSG00000118246",523.193869781724,0.23320731836643,0.166498320243838,1.4006586854744,0.161316162786816,0.239178535265464,0.199357146064383,0.157946636924358,"FASTKD2"
"ENSG00000135241",549.769263012574,-0.224989539995762,0.160620629388827,-1.40075120395097,0.161288485008956,0.239178535265464,-0.192471817348816,0.150040074847034,"PNPLA8"
"ENSG00000109686",1289.88571941244,-0.183387251332179,0.130949524029919,-1.40044229019328,0.161380913489657,0.239227225604455,-0.164365103143221,0.124587704168013,"SH3D19"
"ENSG00000175287",486.62605123957,0.216964045711845,0.154927482938364,1.4004232276733,0.161386618397294,0.239227225604455,0.188379248347679,0.147619668754385,"PHYHD1"
"ENSG00000171817",73.7811071479173,-0.253974429807668,0.181396209343259,-1.4001088045179,0.161480738899604,0.239339796054507,-0.208687733291393,0.167374466720693,"ZNF540"
"ENSG00000104974",31.2483374989448,0.363647407287712,0.259973956050916,1.39878398902578,0.161877768995542,0.239874249476118,0.259974804248222,0.237867595597441,"LILRA1"
"ENSG00000181523",202.479672100307,0.242364802276145,0.173267163274554,1.39879246416761,0.161875226765195,0.239874249476118,0.203920955905839,0.16380367556086,"SGSH"
"ENSG00000140743",245.859708275749,-0.129446703430981,0.0925481671935809,-1.3986954831879,0.161904319287322,0.23988659326321,-0.122159554902745,0.0900408139857311,"CDR2"
"ENSG00000144218",84.4390531859538,-0.301850489041878,0.21582517579041,-1.39858794478643,0.161936583457516,0.239907399325043,-0.236158591763465,0.195085758293908,"AFF3"
"ENSG00000187867",465.301307313442,0.345479081438525,0.247084747841756,1.39822099282221,0.162046714623706,0.240043546887456,0.252781966341994,0.228551554759247,"PALM3"
"ENSG00000060749",252.112681111351,-0.235473065416635,0.168454036818962,-1.39784756639402,0.162158846958579,0.240101594585768,-0.199019969729497,0.15663639243942,"QSER1"
"ENSG00000111816",988.796119565306,0.26162570789509,0.187150761474787,1.39794092117726,0.162130808934329,0.240101594585768,0.216593221388007,0.176430814107613,"FRK"
"ENSG00000125458",144.219498356742,0.237298909186644,0.1697443980302,1.39797785341008,0.162119717777476,0.240101594585768,0.200895254391885,0.160760260995866,"NT5C"
"ENSG00000240344",243.895135279156,0.206837493442664,0.147963797515106,1.39789257180661,0.162145329649141,0.240101594585768,0.181395156281896,0.141207573065831,"PPIL3"
"ENSG00000132507",3559.75891000215,-0.132943583483197,0.0951355355186028,-1.39741246799627,0.16228957197813,0.240268132763304,-0.129167499826758,0.0924891183971601,"EIF5A"
"ENSG00000122218",2386.57526425943,0.167941297571483,0.120271462174512,1.39635200682771,0.162608519906816,0.240686202708615,0.153368998706448,0.116137135463214,"COPA"
"ENSG00000151617",39.8836537570032,-0.323100348650665,0.231381813304657,-1.39639474700305,0.162595656087122,0.240686202708615,-0.245843982542394,0.207492570292183,"EDNRA"
"ENSG00000198399",559.059891884621,-0.159157959316119,0.113993033264141,-1.39620777479728,0.162651936131272,0.240696346083435,-0.147168503307752,0.10958076656865,"ITSN2"
"ENSG00000198736",2414.00840687951,0.1519894111967,0.108854548084809,1.39626146882062,0.162635772321381,0.240696346083435,0.141992097061482,0.105628364592099,"MSRB1"
"ENSG00000244486",19.399855546315,0.507904307113838,0.364081747148276,1.39502820751678,0.163007333620993,0.241195162334681,0.285954989415801,0.318886022498208,"SCARF2"
"ENSG00000162639",28.9994887422357,-0.314527038684437,0.225507965099742,-1.39474913245447,0.163091503088415,0.241292586769532,-0.241653387263402,0.203351159075385,"HENMT1"
"ENSG00000065615",153.92553049767,-0.270315745803289,0.193912526680002,-1.39400868232391,0.163314982811626,0.241552793609959,-0.219529472437218,0.177495176220857,"CYB5R4"
"ENSG00000091483",3951.03576938107,0.144491179451205,0.103662429639882,1.39386255901159,0.163359112433774,0.241552793609959,0.129832328120903,0.100811925487159,"FH"
"ENSG00000095739",188.898120378451,-0.259690050546098,0.186279893026785,-1.39408524627377,0.163291863887327,0.241552793609959,-0.212900656547497,0.171370354428637,"BAMBI"
"ENSG00000119778",173.874472607828,-0.189343506992821,0.135840079896186,-1.39387069808502,0.163356654175938,0.241552793609959,-0.168687267538223,0.128958242336911,"ATAD2B"
"ENSG00000135917",828.738473113264,0.15118363748108,0.108455300923187,1.39397185932069,0.163326102607668,0.241552793609959,0.141115855917218,0.105194776646267,"SLC19A3"
"ENSG00000135622",41.1053576645676,0.22592810183912,0.162166149165251,1.39318904100568,0.163562632848487,0.241826572047521,0.192942969474889,0.153347380218778,"SEMA4F"
"ENSG00000178301",299.268154930922,0.21317427842467,0.153031642638002,1.39300784301804,0.163617418991753,0.24188041078435,0.185403816864857,0.145835876543004,"AQP11"
"ENSG00000122566",7736.09892627067,-0.104098289960321,0.0747502188772062,-1.39261518593444,0.163736188340459,0.242028815054506,-0.0975379657892744,0.0732724186380578,"HNRNPA2B1"
"ENSG00000143355",15.1555606044236,-0.677470144680424,0.48664470381012,-1.39212476654171,0.163884619682764,0.242221026351962,-0.316315131377587,0.361799090757924,"LHX9"
"ENSG00000129158",134.00138062524,-0.213081064073905,0.15308195735684,-1.39194107361199,0.163940242657284,0.242276039378808,-0.179339895287446,0.143485009851706,"SERGEF"
"ENSG00000172828",1498.79233843429,0.214586408903165,0.154179669530163,1.39179445355592,0.163984650020806,0.242314467135122,0.186369795556316,0.146913491535998,"CES3"
"ENSG00000089818",396.659149995819,-0.138016783472363,0.0991750475862098,-1.39164827072444,0.164028933982895,0.242352703941061,-0.129599627670039,0.0961327734341348,"NECAP1"
"ENSG00000132434",323.768607928562,0.0956507458921013,0.0687548207952886,1.39118602573182,0.164169023671878,0.242511423640081,0.0926737850264306,0.0677071013834086,"LANCL2"
"ENSG00000163235",100.415165557922,-0.240686394741949,0.173009771690016,-1.39117225802245,0.164173197547018,0.242511423640081,-0.202411785126312,0.160620281961093,"TGFA"
"ENSG00000165675",130.749126764532,0.175411127292765,0.126114544464397,1.39088737177562,0.164259582771153,0.242611809150213,0.161123208064101,0.121349014396886,"ENOX2"
"ENSG00000164091",805.219829851501,0.126209160564874,0.090772022323552,1.39039714368165,0.164408313352881,0.242804246057659,0.121527046820287,0.088717835144617,"WDR82"
"ENSG00000168672",457.099768654107,0.158667343107732,0.114181971802201,1.38960065764667,0.164650175952873,0.243134165163249,0.146394289935167,0.110470681382696,"LRATD2"
"ENSG00000103313",10.7996556855428,0.467827070051276,0.336700038898273,1.38944762697999,0.164696676231956,0.243175556719741,0.283798725017788,0.295389113639112,"MEFV"
"ENSG00000020577",675.104114659553,0.151785629319375,0.109304998823399,1.38864307170992,0.164941313077146,0.243509455928874,0.140913231488564,0.105996526326642,"SAMD4A"
"ENSG00000163464",14.7184456961809,0.580036812674996,0.417733489281742,1.38853318576952,0.164974746733722,0.243531507511625,0.284609103685511,0.352061381228388,"CXCR1"
"ENSG00000134352",5088.91183017624,-0.365325480869394,0.263120081326754,-1.38843633305098,0.165004219160573,0.243547707339474,-0.252534560374527,0.228264524112427,"IL6ST"
"ENSG00000176204",14.5799068255514,-0.667040049187514,0.480508471064014,-1.38819623244197,0.16507729922688,0.24362826158739,-0.31453627361902,0.358746051760443,"LRRTM4"
"ENSG00000170006",273.156759306582,-0.49069480571901,0.35368545911635,-1.38737624935151,0.16532706337542,0.243969526608471,-0.293768867670353,0.289633439060054,"TMEM154"
"ENSG00000131236",1953.45221235998,0.122218707418318,0.0881521401729837,1.38645195883486,0.165608940077413,0.244358097619547,0.118339693573235,0.0862124759253397,"CAP1"
"ENSG00000175567",281.469450373774,-0.299490690501623,0.216067670138803,-1.38609672751702,0.165717369507969,0.244490686569018,-0.233847343318976,0.194838045617,"UCP2"
"ENSG00000114744",272.754940808656,-0.172335106540852,0.124363643470171,-1.38573542662561,0.165827706370336,0.244626059615893,-0.154786372093585,0.118771379560327,"COMMD2"
"ENSG00000122482",398.943931077759,-0.277783747463406,0.200571288660297,-1.38496266997557,0.16606388226979,0.244931114352383,-0.221962634714987,0.182524115521034,"ZNF644"
"ENSG00000138496",1715.55446972222,0.135936686252722,0.0981536902517998,1.38493709104564,0.166071704224801,0.244931114352383,0.135009219850043,0.0954771965726225,"PARP9"
"ENSG00000101194",1149.24326117053,0.399136289399509,0.288233056351369,1.38476930596379,0.166123019236928,0.244979353861267,0.26699088860586,0.262820864196286,"SLC17A9"
"ENSG00000130749",200.927742255446,-0.177973956486532,0.128561326099866,-1.38435065883097,0.166251109331688,0.245130231953823,-0.157846978276053,0.122387004718636,"ZC3H4"
"ENSG00000173275",108.094323726497,-0.229230873312938,0.16559176792458,-1.38431321910485,0.166262568080483,0.245130231953823,-0.195041669909807,0.154290745008875,"ZNF449"
"ENSG00000135250",259.481944489413,-0.192736206822563,0.139250385044046,-1.38409819665202,0.166328389044041,0.245199817506869,-0.169344144356247,0.131799287429926,"SRPK2"
"ENSG00000016391",1643.86516535199,-0.160922422548756,0.116272438797087,-1.38401175905143,0.166354854155847,0.245211375931022,-0.143651198203128,0.111393903170889,"CHDH"
"ENSG00000169515",12.6437258252155,0.496752552976883,0.358998820911871,1.38371639136617,0.16644531252471,0.245317248930968,0.284820774722074,0.312312266900902,"CCDC8"
"ENSG00000137942",496.500434214026,0.224622303516228,0.162396444947633,1.38317254166901,0.166611966936758,0.245535388033284,0.192492684666964,0.154199131931507,"FNBP1L"
"ENSG00000263002",97.374361369877,0.153387335170054,0.110935552150496,1.38267067857532,0.166765866457664,0.245734683579363,0.141722329079125,0.107368690145711,"ZNF234"
"ENSG00000181016",61.3666422526562,-0.422019743843621,0.305264080088998,-1.38247429478301,0.166826117879861,0.245795956580825,-0.279715151526811,0.259788847154404,"LSMEM1"
"ENSG00000170502",645.730008603579,0.102924932480557,0.0744549733192404,1.38237820647986,0.166855604159897,0.245811892622715,0.0988921529111533,0.0732390353859897,"NUDT9"
"ENSG00000028116",162.090131591456,0.17013701587692,0.123098755125914,1.38211808643306,0.166935445939682,0.245902000586469,0.155996160947898,0.118651315195256,"VRK2"
"ENSG00000256525",103.645200819503,-0.176716689745926,0.127912360230295,-1.38154506278958,0.16711143228137,0.246133696992563,-0.159137003787738,0.121992532279972,"POLG2"
"ENSG00000160223",16.3356294456727,0.741825518857009,0.537196189102807,1.38092103761191,0.167303240691322,0.246388642834669,0.254935659566834,0.398488022214581,"ICOSLG"
"ENSG00000167083",17.7671946039289,-0.311917208983713,0.226009581929619,-1.38010612789349,0.167553970808048,0.246730296349263,-0.240422784003019,0.204238447808633,"GNGT2"
"ENSG00000197375",256.674639988034,0.18926375774861,0.137160065983337,1.37987508530073,0.16762510895299,0.246807446262029,0.16950961483238,0.131377447214299,"SLC22A5"
"ENSG00000121289",60.8914711789036,0.156515270235003,0.113443100412174,1.37968082383446,0.167684939722128,0.246867932056529,0.144205176860716,0.109360403077375,"CEP89"
"ENSG00000142945",10.8960757456082,0.423265451905542,0.306860668192449,1.37934084025421,0.167789690177591,0.246994528273498,0.274972674097877,0.271547010439455,"KIF2C"
"ENSG00000100028",1028.84910467255,-0.0947812468717463,0.0687554319790297,-1.3785273998519,0.168040514223659,0.247336099526964,-0.0943009254675065,0.0677045211463943,"SNRPD3"
"ENSG00000112992",4515.77383853683,0.26217195526298,0.19020870071821,1.37833839500004,0.168098834084892,0.247394282311837,0.213882351201019,0.178822871809681,"NNT"
"ENSG00000152990",2397.57594604555,-0.19728572626163,0.143170827503619,-1.37797433807975,0.168211211321632,0.247532000476204,-0.17322537106485,0.135113733707913,"ADGRA3"
"ENSG00000113532",61.1174502151339,-0.391163156369473,0.283944949325334,-1.37760209258483,0.168326174517199,0.247673492813303,-0.269757952526123,0.245117667790077,"ST8SIA4"
"ENSG00000108823",21.5344184424573,0.471043679135371,0.341990252328927,1.37735995668765,0.168400986703491,0.247755882326311,0.279512198564696,0.30164660203371,"SGCA"
"ENSG00000103381",1063.4571042449,0.156300740971951,0.113536331753945,1.37665836615793,0.168617896480573,0.248047287716561,0.144319941293982,0.109900965060221,"CPPED1"
"ENSG00000013810",78.3520790712491,0.292104107355899,0.212275221166985,1.37606313987122,0.16880208611456,0.248290500031761,0.22890653115225,0.197488830496772,"TACC3"
"ENSG00000101825",145.752814963349,-0.246154979936645,0.178947405880685,-1.37557165875191,0.168954286111092,0.248486609801009,-0.204716638306314,0.165157015014823,"MXRA5"
"ENSG00000100596",341.878776431004,0.170156595484452,0.123705652728418,1.37549571690158,0.168977812673655,0.248493452659593,0.155179496525319,0.119191168673944,"SPTLC2"
"ENSG00000100473",11.2098961393384,0.571030325696255,0.415286611992579,1.37502705169426,0.169123058169822,0.248530356158712,0.280863422966013,0.34811400662411,"COCH"
"ENSG00000127472",41.0941406659681,0.393499878861669,0.286170523289698,1.37505384670006,0.169114751522734,0.248530356158712,0.265135693629829,0.259180781510927,"PLA2G5"
"ENSG00000145284",39.3301701410647,-0.414582295976893,0.301453678255902,-1.3752769525836,0.169045598955442,0.248530356158712,-0.274227571977634,0.256956974586657,"SCD5"
"ENSG00000159352",1802.77416064965,0.113048134976966,0.0822152157720154,1.37502692069131,0.169123098782443,0.248530356158712,0.117358120777016,0.0803806166852908,"PSMD4"
"ENSG00000175768",19.2407735604437,-0.2450500323548,0.178219601157675,-1.37498923105545,0.169134783364373,0.248530356158712,-0.204311219293951,0.165428613072453,"TOMM5"
"ENSG00000188672",20.7734646897138,-0.353369809478775,0.256960906013543,-1.37518899260167,0.169072859972727,0.248530356158712,-0.255422471758062,0.22752000688461,"RHCE"
"ENSG00000206527",1407.21362477689,0.197924752405464,0.143946489917445,1.37498838991472,0.169135044142645,0.248530356158712,0.175947202662124,0.13765157848753,"HACD2"
"ENSG00000118407",38.8269133064218,-0.317345347615369,0.230837332031818,-1.3747574745476,0.169206646079647,0.248607823042588,-0.241582090412178,0.206540244293708,"FILIP1"
"ENSG00000166211",11.7490174379753,-0.553544032494455,0.402794918395172,-1.37425773567329,0.169361682303051,0.248807845257974,-0.301945088237385,0.320524352888041,"SPIC"
"ENSG00000116560",1878.64536217704,-0.182168475509483,0.132569189022851,-1.3741388693121,0.169398574424132,0.248810451936679,-0.157782885395437,0.125658733018417,"SFPQ"
"ENSG00000189184",79.2531371266805,0.283981248576583,0.206662541931451,1.37413024112893,0.169401252556615,0.248810451936679,0.224844765467138,0.192683779194008,"PCDH18"
"ENSG00000170100",107.337010525706,0.159971514745724,0.116450148924293,1.37373387860349,0.169524315167981,0.248963428165269,0.145947211873028,0.112295331571757,"ZNF778"
"ENSG00000198909",308.193085662341,0.15491131445901,0.112790694744315,1.37344055562543,0.169615429220409,0.249069455846074,0.14282713676299,0.109107170111126,"MAP3K3"
"ENSG00000173391",10.6205630793183,0.734530391219404,0.53494045914485,1.37310681714674,0.169719142071263,0.249193958348416,0.258360984443351,0.396780798040998,"OLR1"
"ENSG00000165637",662.75272106644,-0.11089539457923,0.0807706636296454,-1.37296624288881,0.1697628412744,0.249230326518594,-0.111005850136356,0.0791277661749385,"VDAC2"
"ENSG00000178821",63.4900168859329,0.299903089299769,0.218460329905335,1.3728034258198,0.16981346546609,0.249276852082343,0.232186910864257,0.202859182497547,"TMEM52"
"ENSG00000124003",39.7346197421393,0.277408407103398,0.202228084352533,1.37176005000279,0.170138147652701,0.249725624525692,0.221220679396667,0.18876611158896,"MOGAT1"
"ENSG00000131828",1948.04345482462,0.124302642743713,0.0906271233926235,1.37158323127169,0.170193216941756,0.249778608210362,0.117537726734732,0.0885393747908171,"PDHA1"
"ENSG00000106624",383.360359526406,0.510325610336316,0.372181809644093,1.37117289752642,0.17032106475496,0.249938379242511,0.276716043655004,0.325340151932233,"AEBP1"
"ENSG00000160791",69.6074297957596,0.31372050361706,0.22891921576462,1.37044198133037,0.170548974788015,0.25024493503388,0.237940348000697,0.211702261650649,"CCR5"
"ENSG00000121766",201.594503030696,-0.103568841966058,0.0756034485938057,-1.36989573746168,0.170719450498932,0.2504671590449,-0.098306179607288,0.0742192596201403,"ZCCHC17"
"ENSG00000168229",14.1116708140608,-0.361112789629194,0.263649225112724,-1.3696713482651,0.170789516467119,0.250542036078672,-0.257425335055283,0.232752731803701,"PTGDR"
"ENSG00000121871",35.0451301769115,-0.713441685068594,0.521032555087346,-1.36928427619843,0.170910431103022,0.250691481272547,-0.310288550219189,0.37084002332866,"SLITRK3"
"ENSG00000126231",1070.21948392266,-0.372687565670949,0.272310987059595,-1.36861009427206,0.171121186975435,0.250944703466092,-0.260575898254075,0.235790278026373,"PROZ"
"ENSG00000179636",141.915865000083,-0.289020324167703,0.211175958670338,-1.36862323716918,0.171117076517967,0.250944703466092,-0.227444146569004,0.19104132144144,"TPPP2"
"ENSG00000140545",74.4898940524086,0.401189807560956,0.293165655991561,1.36847478332354,0.171163509942562,0.250950865468127,0.264826198223662,0.265423982042757,"MFGE8"
"ENSG00000158869",407.138119298357,-0.348911043329279,0.254962770289804,-1.36847839758208,0.171162379361985,0.250950865468127,-0.253485098612082,0.223736454416826,"FCER1G"
"ENSG00000198947",1297.94231866255,-0.227297363507693,0.166122544051376,-1.36825115944165,0.171233472876059,0.251025487572229,-0.192458588419828,0.154467778970789,"DMD"
"ENSG00000163558",192.186927588965,-0.213606550127648,0.1561808363061,-1.36768732438466,0.171409969278268,0.251256252005976,-0.18340723530452,0.146244564442952,"PRKCI"
"ENSG00000138109",32384.1728203734,0.136939938944737,0.100154776096603,1.36728316193981,0.171536567390269,0.251413831265755,0.128417711120039,0.0974857083726308,"CYP2C9"
"ENSG00000148948",11.1977151368758,-0.337274414582265,0.246702141027927,-1.36713209369385,0.171583905325818,0.25145522011573,-0.247367969874852,0.221709286855142,"LRRC4C"
"ENSG00000127954",388.098306189007,0.285735191629381,0.209046350136888,1.36685089905791,0.171672045008458,0.251556387822077,0.225517156812965,0.195049302665311,"STEAP4"
"ENSG00000168993",16.8697416452674,0.497695918062342,0.364204807885948,1.36652758910914,0.171773427495337,0.251676935945204,0.279004954815071,0.316153825354144,"CPLX1"
"ENSG00000184205",199.438777907148,-0.339528245348809,0.248545643212091,-1.3660599355551,0.17192015205501,0.251863883604791,-0.248940087193284,0.218998728570943,"TSPYL2"
"ENSG00000136021",804.562308152001,0.282069187011059,0.206541530924631,1.36567781670016,0.1720401100282,0.252011580844602,0.223431466596892,0.192928694068743,"SCYL2"
"ENSG00000176946",416.307064609401,0.167698599207871,0.122810740177191,1.36550434404935,0.172094588690293,0.252063339047324,0.15253645476187,0.118433512525563,"THAP4"
"ENSG00000090382",860.278275735812,0.400551048859667,0.293422695813346,1.3650990689366,0.172221914649417,0.252221771776889,0.264456647536258,0.266175526351208,"LYZ"
"ENSG00000129295",15.0130620779303,-0.282764342148113,0.20723798176088,-1.36444265547026,0.172428290656921,0.252495926458572,-0.224445632241843,0.189469991830592,"DNAAF11"
"ENSG00000143278",4557.73343127404,-0.232383030587744,0.170397468608916,-1.36377043910842,0.172639826738648,0.252777575493888,-0.193849229236955,0.157870989242031,"F13B"
"ENSG00000089159",662.71868595423,-0.179535487164795,0.131683150013687,-1.36338997925045,0.172759637538752,0.252924873550006,-0.160659860644089,0.125172081639571,"PXN"
"ENSG00000103034",11.622820342126,0.527008820699291,0.386581048427369,1.36325570755004,0.172801935945609,0.252958671187446,0.280690754866259,0.329177457238432,"NDRG4"
"ENSG00000110436",1125.66068095979,-0.476058346441423,0.349255202626837,-1.36306730110494,0.17286130099009,0.252972474355984,-0.277391647454338,0.283077809677962,"SLC1A2"
"ENSG00000178467",192.060466796411,0.225908089264821,0.165732620671799,1.36308765497764,0.17285488694751,0.252972474355984,0.192289895342922,0.156968663564573,"P4HTM"
"ENSG00000198886",599409.107009867,-0.279233666004766,0.204860519728432,-1.36304284678632,0.172869007426765,0.252972474355984,-0.221475597651104,0.185678177156392,"MT-ND4"
"ENSG00000143515",105.727409530557,0.218814273367089,0.160560981476267,1.3628110102169,0.172942080242828,0.253051281226613,0.187800176521892,0.152262375882773,"ATP8B2"
"ENSG00000106400",2173.30248724163,-0.211162910641086,0.154982899330297,-1.3624916784597,0.173042768568524,0.253170473494076,-0.179326151817153,0.144952872471856,"ZNHIT1"
"ENSG00000070950",106.049749527195,0.176691003288577,0.129710978285777,1.36219004454113,0.173137916840358,0.253264512353001,0.159045000337427,0.124533694237992,"RAD18"
"ENSG00000164164",616.530766076798,-0.191368962265705,0.140488727784285,-1.3621659565424,0.173145516913973,0.253264512353001,-0.167979823527789,0.132737550068468,"OTUD4"
"ENSG00000104825",209.452738720565,0.187397602088394,0.137611401508625,1.36178834045701,0.173264692248521,0.25341067964275,0.166804194007299,0.131766003711401,"NFKBIB"
"ENSG00000146707",44.9467341441247,-0.26084486262655,0.191576730084727,-1.36156861280171,0.173334066332029,0.253483985041374,-0.212517492643706,0.1756926752654,"POMZP3"
"ENSG00000134072",409.071343972544,0.154301533964933,0.113360249436321,1.36116085428703,0.173462861952146,0.253644162645709,0.142360689953124,0.109680708186124,"CAMK1"
"ENSG00000147592",731.975037050318,-0.214757234736638,0.157901601166205,-1.36007002557616,0.173807765385118,0.254120270856242,-0.183248031722594,0.147525256230743,"LACTB2"
"ENSG00000123689",967.483349325701,0.354295796317775,0.260546155552312,1.35981970475339,0.17388698524454,0.254151426257728,0.249357042630091,0.238771615338035,"G0S2"
"ENSG00000166557",184.282505859021,0.233886866484653,0.171991714584739,1.35987286974466,0.173870157688117,0.254151426257728,0.196937113463971,0.162387587004824,"TMED3"
"ENSG00000198053",708.219215116763,0.204337621499034,0.150259088656779,1.35990190893398,0.173860966841414,0.254151426257728,0.178425100276388,0.143187983252172,"SIRPA"
"ENSG00000181830",686.684075805768,0.298998912169966,0.219918168026108,1.35959168291394,0.173959171544288,0.254228710461993,0.230034366364818,0.204491918821985,"SLC35C1"
"ENSG00000176533",149.618347747356,0.193761049682117,0.142524622696465,1.35949175669645,0.173990812865266,0.254246730542074,0.171061091490042,0.136411012069128,"GNG7"
"ENSG00000166192",49.2387928185476,-0.187705894335057,0.138180427982588,-1.35841158603669,0.174333119932587,0.254690396918824,-0.166569006908471,0.131143847104879,"SENP8"
"ENSG00000167600",23.2174246040048,0.379265193474769,0.27919060087898,1.35844542144586,0.174322389836516,0.254690396918824,0.259550025252151,0.251657454318046,"CYP2S1"
"ENSG00000110536",96.5164534892253,0.127308332277202,0.0937890729709719,1.35738981359379,0.174657383159971,0.2551358156756,0.120188905147112,0.0912664089508209,"PTPMT1"
"ENSG00000140030",78.3834575675077,-0.389308666523071,0.286897725912554,-1.35695975032486,0.174793999873624,0.255307055950314,-0.266391392977831,0.246433252336233,"GPR65"
"ENSG00000143498",30.8033341865115,0.223554982568561,0.164828674024824,1.35628696821824,0.175007880215102,0.255591098270885,0.190256314606819,0.155518475281378,"TAF1A"
"ENSG00000135094",6356.32058257795,-0.520152613034606,0.383577294961104,-1.35605683617783,0.175081084998659,0.255655387490344,-0.293242008544584,0.305154313796601,"SDS"
"ENSG00000179262",815.218601327347,-0.247896705537472,0.182811106666623,-1.35602650220558,0.175090735910712,0.255655387490344,-0.201444544537485,0.167808664074547,"RAD23A"
"ENSG00000152583",303.724880779061,-0.340886724755813,0.251423909908718,-1.35582461063299,0.175154978885464,0.255720830783545,-0.245593827691398,0.220388409229139,"SPARCL1"
"ENSG00000065060",264.010242093798,0.171306171816909,0.126368430568996,1.35560892103805,0.175223631896232,0.255768554039492,0.171747639608096,0.121293698586892,"BLTP3A"
"ENSG00000119396",2206.65233965156,-0.170351794610846,0.125699140659997,-1.35523436132017,0.175342900245488,0.255768554039492,-0.15250263114186,0.119832828267624,"RAB14"
"ENSG00000133316",389.738275647588,-0.192116672642444,0.141754269722434,-1.35527961886879,0.175328485994498,0.255768554039492,-0.168663871434623,0.133856433295849,"WDR74"
"ENSG00000134909",391.466301487009,0.185750257851004,0.137056060008203,1.3552867187331,0.175326224811592,0.255768554039492,0.166778075352517,0.131251687442565,"ARHGAP32"
"ENSG00000136824",144.61332426198,0.265360080898145,0.195762706426395,1.35551906561895,0.17525223838871,0.255768554039492,0.214286710168864,0.183172643609143,"SMC2"
"ENSG00000160111",34.0590839934851,0.370476685774776,0.273331725272856,1.3554104830127,0.175286811543294,0.255768554039492,0.256338525450326,0.247643438801761,"CPAMD8"
"ENSG00000179454",129.270025537625,-0.362588256683099,0.267546644765468,-1.35523380231864,0.175343078289568,0.255768554039492,-0.256875393596376,0.232629984566038,"KLHL28"
"ENSG00000233927",2171.59653089421,0.264013100126265,0.194792925472572,1.35535261091112,0.175305240340543,0.255768554039492,0.214873404624199,0.18278742003687,"RPS28"
"ENSG00000153975",86.4822850888841,-0.16151105095608,0.11922402961578,-1.35468538914996,0.175517814918906,0.255966720339202,-0.147338813398705,0.114192439150439,"ZUP1"
"ENSG00000162783",131.033935666988,0.190988312651593,0.140978766064232,1.35473105619733,0.175503259426072,0.255966720339202,0.169448596705439,0.134598279273502,"IER5"
"ENSG00000151388",41.9961401312776,0.307608638033934,0.227100636184246,1.35450363857357,0.175575753342694,0.255994503710953,0.231001349248932,0.20937769555949,"ADAMTS12"
"ENSG00000221838",70.3519919917195,0.183043193127878,0.135134371255266,1.35452728589763,0.175568214244744,0.255994503710953,0.163450237736248,0.129479950199743,"AP4M1"
"ENSG00000204438",190.703249288831,0.143844218265796,0.106205449665078,1.35439583109353,0.175610126936574,0.256016269654184,0.13371623271863,0.103074184676123,"GPANK1"
"ENSG00000110367",1461.92224527371,0.139060331529056,0.102704020406633,1.3539911191254,0.175739211057665,0.256176090875245,0.130764848509431,0.0998228393165647,"DDX6"
"ENSG00000163501",41.1982534570759,0.407417170354,0.301083309718468,1.35317089059158,0.176001042488658,0.256529361829478,0.264755555589829,0.270364646037987,"IHH"
"ENSG00000092010",2557.10834499815,-0.128368925849276,0.0948831927036736,-1.35291532874721,0.176082681747047,0.256619945525971,-0.12306107734424,0.0921766736451342,"PSME1"
"ENSG00000174695",956.356866960357,-0.243308129270452,0.179887624484493,-1.3525562415297,0.17619743990094,0.256758770751054,-0.201511525753121,0.165728253039266,"TMEM167A"
"ENSG00000189266",810.748595784981,-0.177384522740953,0.131254208886982,-1.3514577874885,0.176548833253486,0.257242357084484,-0.157937189793843,0.124729999978555,"PNRC2"
"ENSG00000240053",10.0746559610061,0.548469307369635,0.406114424952554,1.3505289979141,0.176846358567046,0.257647356079863,0.278990063727576,0.339152667575282,"LY6G5B"
"ENSG00000148824",87.3447205535621,0.347392268706302,0.257267825788013,1.3503136960179,0.176915380957641,0.257719396513422,0.24790731416677,0.23527760491326,"MTG1"
"ENSG00000184601",31.0346314071401,-0.421529666644649,0.312299677160804,-1.34976017419193,0.177092923450883,0.257949488898587,-0.274300408641845,0.263856834961098,"C14orf180"
"ENSG00000136279",787.452827445333,0.137803681604318,0.102105168586799,1.34962493585398,0.177136321406724,0.25798416013727,0.128890972279894,0.0992808449476269,"DBNL"
"ENSG00000095397",39.3022771740512,0.409448359075418,0.303461865717676,1.3492580298585,0.177254101370064,0.258070443992961,0.264949052246191,0.271872172507448,"WHRN"
"ENSG00000126768",338.161127810973,-0.187902991148551,0.139259894363145,-1.34929724029921,0.177241511700084,0.258070443992961,-0.161214707083909,0.131479378386315,"TIMM17B"
"ENSG00000153214",189.601522130809,-0.21728016741656,0.161036878743446,-1.34925719569316,0.177254369210721,0.258070443992961,-0.182862901728405,0.150042271091825,"TMEM87B"
"ENSG00000134278",181.408628477596,0.401196347626832,0.297452652902247,1.34877380891499,0.177409629711866,0.258210831835776,0.263181541592451,0.268503688906653,"SPIRE1"
"ENSG00000139194",3475.7584836622,-0.181914115887521,0.134872671531734,-1.34878410742179,0.177406320846894,0.258210831835776,-0.157791396454497,0.127619607106982,"RBP5"
"ENSG00000147676",932.55970425186,-0.260179543855128,0.192900089607076,-1.34877876099019,0.177408038626133,0.258210831835776,-0.210101162720571,0.176094079016646,"MAL2"
"ENSG00000089916",275.0446530906,0.183790175702212,0.136274841525505,1.34867282650858,0.177442077350189,0.25822951148365,0.165259238595734,0.130557635422364,"GPATCH2L"
"ENSG00000130818",27.3945703466964,0.337044262968194,0.250023948656882,1.34804791612476,0.177642971684274,0.258493298540579,0.244555213928517,0.228248735154523,"ZNF426"
"ENSG00000109775",370.261647133307,0.113219097025502,0.0840286616397285,1.34738665136578,0.177855737483477,0.258774299890314,0.108125821859326,0.0822890929135696,"UFSP2"
"ENSG00000160336",128.643343580404,-0.165740489942252,0.123035409186712,-1.34709585669547,0.177949362401828,0.258881912196958,-0.150059523042431,0.117574883005739,"ZNF761"
"ENSG00000108961",114.862778872688,-0.216636701422112,0.160891655973699,-1.34647567713223,0.178149159384361,0.259094960581682,-0.185581108795574,0.15015727110703,"RANGRF"
"ENSG00000141030",497.065513801621,0.102668075715599,0.0762539406832274,1.34639698349624,0.178174523249776,0.259094960581682,0.0988514767308705,0.0749002836753612,"COPS3"
"ENSG00000161298",16.4498114177274,0.423264200926746,0.31435665062729,1.34644582859034,0.178158779596906,0.259094960581682,0.267589281547372,0.277829549923726,"ZNF382"
"ENSG00000176208",16.131139427075,-0.290686518450772,0.21587682034478,-1.34653881776891,0.178128810372967,0.259094960581682,-0.226967440374398,0.196240955070132,"ATAD5"
"ENSG00000138641",321.924290981695,0.26303767983507,0.195414118960576,1.34605258429733,0.178285558699087,0.259224863011095,0.211772274250987,0.182845315557727,"HERC3"
"ENSG00000196670",227.618275924309,0.115278822456016,0.0856456259930755,1.34599778003067,0.178303232525328,0.259224863011095,0.110395635089898,0.0838182076473908,"ZFP62"
"ENSG00000156787",39.1458679888218,0.195611279218719,0.145339110772065,1.34589566552045,0.178336166908398,0.259244117645574,0.172065310339912,0.138021098065121,"TBC1D31"
"ENSG00000176018",412.631874044709,-0.323846724227586,0.240642348278435,-1.34575949139625,0.178380093378605,0.259279345266363,-0.241204372224649,0.212836375292562,"LYSMD3"
"ENSG00000089123",80.8640640612194,0.204826157439909,0.152250999593566,1.34531896661888,0.178522251140134,0.259457330666851,0.178206003547712,0.144452637125108,"TASP1"
"ENSG00000089048",198.365489460202,0.173755503105591,0.129210929157577,1.34474308201662,0.178708216743352,0.259698938371189,0.163625271929677,0.123985336576496,"ESF1"
"ENSG00000091136",592.842052581088,0.240791307573741,0.179166492316245,1.34395279195801,0.178963653032599,0.260041436466969,0.200302929684116,0.168751602145813,"LAMB1"
"ENSG00000085982",815.425258557967,0.13067252015069,0.0973161594826932,1.34276281395927,0.179348787946619,0.26054354431261,0.122996202126064,0.0947857339907333,"USP40"
"ENSG00000168306",6136.8249396129,0.132006976340766,0.0983060117814614,1.34281692389499,0.17933126197006,0.26054354431261,0.131815122984242,0.0955233975246761,"ACOX2"
"ENSG00000105127",296.438962163078,-0.188315392803675,0.140295136922567,-1.34228025956175,0.17950514157215,0.260713148807383,-0.166848786861204,0.132505109932886,"AKAP8"
"ENSG00000150281",12.9421274215907,-0.331826167045292,0.24720747778664,-1.34229825900204,0.179499307710937,0.260713148807383,-0.24314952631804,0.220775488693683,"CTF1"
"ENSG00000100365",63.0277296102621,-0.272644793741449,0.203136961607841,-1.34217225453925,0.179540150416171,0.26073523277954,-0.217515393668075,0.184606649562315,"NCF4"
"ENSG00000009765",1703.57130874364,0.226641519860394,0.16886995094196,1.34210686150013,0.179561349440709,0.260737258931992,0.189392981237303,0.159563906851795,"IYD"
"ENSG00000137106",10006.9070718193,0.142126513840147,0.105966611629114,1.34123863786071,0.179842985345634,0.26111741784965,0.13228100048109,0.102865748960072,"GRHPR"
"ENSG00000113643",749.419624234502,0.103493996894831,0.0771851000378984,1.34085460592802,0.17996766296221,0.261265262873755,0.100308088186311,0.0757850556456491,"RARS1"
"ENSG00000142227",111.259685222917,0.195077553861889,0.145493103072494,1.34080275794715,0.179984500551797,0.261265262873755,0.175391746764889,0.138511694403153,"EMP3"
"ENSG00000114354",1850.25995363094,-0.114310718999416,0.0853344040423195,-1.33956193029398,0.180387807624525,0.261796289111247,-0.109587364635797,0.0833219827331134,"TFG"
"ENSG00000117602",57.6237900027419,-0.24611182470633,0.183726566588522,-1.33955491182463,0.180390090750207,0.261796289111247,-0.2027649510157,0.169229880990346,"RCAN3"
"ENSG00000124596",786.621013990076,-0.121399864395258,0.090648806614696,-1.33923290254962,0.180494864261071,0.261890608646822,-0.109297926754672,0.0880768267277048,"OARD1"
"ENSG00000172795",347.266429616383,-0.254119291246555,0.189742412532135,-1.33928565498511,0.180477696884338,0.261890608646822,-0.206717873304638,0.173587149380046,"DCP2"
"ENSG00000105849",153.811660076303,-0.238862375690234,0.178371313613047,-1.33912999154345,0.180528358376702,0.261910343403598,-0.198628648796116,0.164555139039199,"POLR1F"
"ENSG00000059377",147.969081644913,0.297010954947665,0.221856098043616,1.33875497480927,0.18065045293528,0.262029730455645,0.227964645067484,0.205403292430437,"TBXAS1"
"ENSG00000170903",143.395948073087,0.224404610096184,0.167614856974836,1.33881097503113,0.180632216995266,0.262029730455645,0.190663621327863,0.158339667105749,"MSANTD4"
"ENSG00000079215",51.1899526851826,0.464695650732727,0.347169664807769,1.33852608058378,0.180725004379783,0.262108989608309,0.269814203990943,0.304612215040003,"SLC1A3"
"ENSG00000151690",47.1796475498413,0.293270411779973,0.219156892780157,1.33817562413682,0.180839193221981,0.2622457118582,0.226396544289487,0.202412920873907,"MFSD6"
"ENSG00000096996",31.6859337874838,0.324310197135271,0.242382693822243,1.33800888182682,0.180893541491655,0.262295635162899,0.238942285773524,0.221711825485637,"IL12RB1"
"ENSG00000120784",69.8905980941622,0.24380615907801,0.182297386919034,1.3374089623473,0.18108918056996,0.262550396584528,0.201547785626145,0.170819687057446,"ZFP30"
"ENSG00000100413",393.917987641827,0.163243127416948,0.122083891290483,1.33713895986926,0.18117728201747,0.262649206677165,0.150404963962622,0.117650925290711,"POLR3H"
"ENSG00000128512",351.035726955156,-0.235979401323881,0.176519232719221,-1.33684810254778,0.181272223966466,0.262757910463777,-0.195879215227105,0.162853806550736,"DOCK4"
"ENSG00000058673",2190.26253790532,-0.161141992795249,0.120586091815395,-1.3363232058465,0.181443654740409,0.262948503941907,-0.146019112357541,0.11533165084285,"ZC3H11A"
"ENSG00000158887",17.7878426092036,0.368963468886592,0.276096054782318,1.33635907683467,0.181431935480154,0.262948503941907,0.254096991978974,0.247594672153454,"MPZ"
"ENSG00000242028",20.8722939581212,0.359626768706402,0.269263196980538,1.33559570241749,0.18168145558729,0.263264147508504,0.251188012331374,0.242468486016428,"HYPK"
"ENSG00000173145",224.653457780548,0.154538244101487,0.115712951058571,1.33553109386402,0.181702585520295,0.263265790795664,0.142902173097786,0.11177319488316,"NOC3L"
"ENSG00000166526",398.135629807175,0.119459294686951,0.0894535091010407,1.33543441601623,0.181734206975352,0.263282633036694,0.113361481131165,0.0874067203799865,"ZNF3"
"ENSG00000073605",714.161481908535,-0.532087964184615,0.398790527455383,-1.33425427022999,0.182120539028131,0.263813292644337,-0.281389092067488,0.309060959026543,"GSDMB"
"ENSG00000028310",246.459278035808,0.160713753436869,0.120460699231865,1.33415922754627,0.182151678646664,0.263829373054123,0.156803515743333,0.115933885129994,"BRD9"
"ENSG00000129518",502.661123946296,-0.127029318325895,0.0952561635293886,-1.33355484431938,0.18234979011455,0.264087266158637,-0.120200995294637,0.0925042555292075,"EAPP"
"ENSG00000092847",427.678623932784,0.0982708439495531,0.0737368981155253,1.33272278141657,0.182622794310511,0.264427999933313,0.0950159795186032,0.0725486217573319,"AGO1"
"ENSG00000104228",293.51620638807,0.172218998136199,0.129224141772336,1.33271535623437,0.182625231915055,0.264427999933313,0.155236938955527,0.124110015284344,"TRIM35"
"ENSG00000133193",216.860305130589,-0.108668417935472,0.081561617879982,-1.33234750315249,0.182746024182301,0.264573801889617,-0.103777592716944,0.079792706357387,"VCF1"
"ENSG00000173068",10.3764871898368,-0.505516716509687,0.379440742624536,-1.33226788724137,0.182772175529612,0.264582568776567,-0.285459989264792,0.305670731571749,"BNC2"
"ENSG00000155465",190.486353823652,0.326664720176557,0.245216200912033,1.33214982925921,0.182810959006588,0.264609618104743,0.239025014253112,0.225131555510234,"SLC7A7"
"ENSG00000104529",3138.40206911835,0.207974055282737,0.156165338275115,1.33175554562788,0.182940530162712,0.264760061356212,0.176558524302819,0.148391147460906,"EEF1D"
"ENSG00000118137",129028.582005573,0.215726075505587,0.161991638275254,1.33171117844384,0.182955114554065,0.264760061356212,0.185044904530653,0.153567497929215,"APOA1"
"ENSG00000111481",1710.65378327116,0.0892287140416125,0.0670114124504493,1.33154504253423,0.183009734445144,0.264809997110096,0.08858759269717,0.0661045077045053,"COPZ1"
"ENSG00000025293",270.707317836067,-0.118593009460105,0.089140596929728,-1.33040403076496,0.18338518723803,0.265324107162187,-0.112385805920821,0.0868380249595093,"PHF20"
"ENSG00000019582",8660.03568467762,0.294778073883675,0.221581117059941,1.33033932581869,0.183406495649386,0.26532577977363,0.226873223183005,0.205391419086309,"CD74"
"ENSG00000106078",694.315233343334,0.124265071181954,0.0934156611012854,1.3302380962355,0.183439835908813,0.265344856028942,0.119365591427981,0.0911513536615954,"COBL"
"ENSG00000110876",117.614475453914,0.281101859743998,0.211346933711532,1.33004938755192,0.183501999652488,0.265405616546705,0.220155417000006,0.196175282522522,"SELPLG"
"ENSG00000088876",134.38140938066,0.169913987233335,0.127794690379317,1.32958565593767,0.183654826765319,0.265597479041322,0.153645336689056,0.1226633941478,"ZNF343"
"ENSG00000167925",248.476234833746,0.192661651873807,0.144919666035998,1.32943759217572,0.183703642420963,0.265638896882416,0.177339070953886,0.138221968744134,"GHDC"
"ENSG00000110711",345.12285187753,0.168026806508238,0.126408520510956,1.32923639821949,0.18376999015605,0.265705654556836,0.158264446504253,0.121535167561671,"AIP"
"ENSG00000156875",421.94443274301,-0.201655321577683,0.151740663005672,-1.32894714958603,0.183865406780136,0.265814422495583,-0.175117068863934,0.14232951866297,"SLC71A1"
"ENSG00000126391",168.317665665893,0.145900271514727,0.109821729802434,1.3285191535154,0.184006660368487,0.265989425824714,0.136020540446942,0.106304698381311,"FRMD8"
"ENSG00000167785",246.60022888672,-0.172621450216137,0.129947814404018,-1.32839056207166,0.184049115711421,0.266021589357402,-0.154950945884868,0.123672857312625,"ZNF558"
"ENSG00000198873",198.504619270225,0.180819324381997,0.136156237577739,1.32802820934852,0.184168787951848,0.266165341621737,0.16126826438299,0.130308024932625,"GRK5"
"ENSG00000162623",312.300616234881,0.138749326873993,0.104503401066494,1.32770154328001,0.184276723528623,0.266292102071985,0.131573859212557,0.101434001065727,"TYW3"
"ENSG00000167978",3853.79049517891,0.368217875133086,0.277404600824701,1.32736758524698,0.184387116887473,0.266422385968007,0.255914900566655,0.252119016921961,"SRRM2"
"ENSG00000158480",91.9510536503599,0.154996494835632,0.116780058944112,1.32725138381553,0.184425539977325,0.266448662278225,0.141708270050564,0.112808552474613,"SPATA2"
"ENSG00000226479",76.7274105236611,0.193903354088269,0.146123368869998,1.32698387388523,0.184514017163683,0.266547240506589,0.170210998005027,0.139024077919148,"TMEM185B"
"ENSG00000154174",1805.11006938617,-0.174848528847658,0.131783141152587,-1.32678981027783,0.184578222111799,0.266610737501255,-0.15203521248187,0.124938693520779,"TOMM70"
"ENSG00000136866",16.54880249896,-0.339064216497121,0.255599591878756,-1.32654443618188,0.184659426540765,0.266675827571136,-0.245093968898024,0.225337945013316,"ZFP37"
"ENSG00000162076",59.2777103976394,0.294767984433383,0.222209606270766,1.32653123949197,0.184663794619933,0.266675827571136,0.226016197749479,0.204945340034916,"FLYWCH2"
"ENSG00000144290",12.1995148148239,-0.567340953112205,0.427729118444622,-1.32640245577683,0.184706425798184,0.266678890454973,-0.29166682698236,0.328921150204517,"SLC4A10"
"ENSG00000158473",287.268568636437,-0.190089717769632,0.143310070303961,-1.32642261193823,0.184699753038228,0.266678890454973,-0.168930085861563,0.135222907886812,"CD1D"
"ENSG00000124532",391.620304048098,-0.138007859574798,0.104114647817528,-1.32553740004646,0.184992973344801,0.267063320949304,-0.128664662913537,0.10058383285589,"MRS2"
"ENSG00000128641",6966.02662787648,-0.196423859894869,0.14819701376936,-1.32542387257928,0.185030603434878,0.267088359261442,-0.162253137073728,0.138753264289082,"MYO1B"
"ENSG00000104723",111.498377625707,-0.361027270520887,0.272460954159382,-1.32506058211077,0.185151058631792,0.267232935534551,-0.252790320311929,0.235394430990362,"TUSC3"
"ENSG00000104823",3456.15713534921,0.225111907561718,0.169963205155839,1.3244743611143,0.185345552585612,0.267484330301673,0.190481092989855,0.16056909019979,"ECH1"
"ENSG00000064313",295.327820103608,0.175261161019505,0.132574993354559,1.3219775206836,0.186175636486354,0.268593954632844,0.158494141365683,0.127141476726441,"TAF2"
"ENSG00000099821",563.031555816894,0.254310803898364,0.192362895588895,1.32203668030585,0.186155936922165,0.268593954632844,0.205955928364659,0.18012086327351,"POLRMT"
"ENSG00000104907",226.000584348713,0.288080689237301,0.217896918873226,1.3220962036866,0.186136117784925,0.268593954632844,0.22262427700422,0.201893247369578,"TRMT1"
"ENSG00000100979",291.845231021383,0.276994261444959,0.209548057953333,1.32186508503289,0.186213080683425,0.268618540624299,0.217476080535082,0.194782078107869,"PLTP"
"ENSG00000010318",86.4639688919302,0.192393246013896,0.145597998589227,1.3214003480686,0.186367910059751,0.268812434689601,0.168899770189199,0.138717813067781,"PHF7"
"ENSG00000114857",1213.82442366094,-0.230477699743727,0.174440924792264,-1.32123640148202,0.18642255235426,0.268861794752568,-0.189889762907051,0.160847632284313,"NKTR"
"ENSG00000163131",1939.68074794153,0.283143986092553,0.214349474869499,1.32094555521976,0.186519518585141,0.26897217762234,0.220586229753701,0.199035618428159,"CTSS"
"ENSG00000070731",34.9899329341556,0.321274811807919,0.243242243771971,1.32080187563596,0.186567434163091,0.269011810118416,0.236225778999631,0.221917492755861,"ST6GALNAC2"
"ENSG00000169085",206.514735489851,-0.42975662148273,0.32539546539764,-1.32072099086432,0.186594412355074,0.269021247598216,-0.271225655079973,0.269936652528582,"VXN"
"ENSG00000197712",1077.22921730039,-0.125792044646536,0.0952511606635261,-1.32063529483798,0.186622998430513,0.269033000912749,-0.118538113498574,0.092430831719947,"FAM114A1"
"ENSG00000125814",177.247629883965,-0.171925020752141,0.130200130697121,-1.32046734386222,0.186679032107268,0.269054858973649,-0.154060870092739,0.123829616390965,"NAPB"
"ENSG00000161547",1717.27260846719,-0.140110874179003,0.10610361782275,-1.32050986624286,0.1866648441417,0.269054858973649,-0.127750963978557,0.102278718460993,"SRSF2"
"ENSG00000165724",125.454788047894,0.207372527506324,0.157075585290394,1.32020852968934,0.1867654049098,0.269144201140961,0.179006225879846,0.148831722361028,"ZMYND19"
"ENSG00000170191",91.1380093519934,-0.200187452305613,0.15163888415306,-1.3201590965517,0.186781905349002,0.269144201140961,-0.173886123037446,0.142400232894876,"NANP"
"ENSG00000113318",306.175487932345,0.168198360147038,0.127420882649338,1.32002193557173,0.186827694374065,0.269160373551288,0.152236853073127,0.122451355268254,"MSH3"
"ENSG00000149257",497.644323498373,0.155089097016309,0.117491473024434,1.3200030012736,0.186834015941457,0.269160373551288,0.143803970919129,0.113446072195068,"SERPINH1"
"ENSG00000115091",1163.9477230961,-0.174909218157458,0.132548567915504,-1.31958587639331,0.186973320920355,0.269331591163829,-0.153075142711682,0.125631929446649,"ACTR3"
"ENSG00000103199",73.3147158237817,0.268251570944905,0.203299667276311,1.31948848976873,0.187005855656904,0.269348987592036,0.213243539227328,0.188934417400257,"ZNF500"
"ENSG00000152689",172.383880504155,-0.204240718160204,0.154821506439484,-1.31920120697209,0.187101854901266,0.269457779657631,-0.176621554187636,0.144998868413313,"RASGRP3"
"ENSG00000113845",659.712383760625,0.0866161618409121,0.0656686760028706,1.31898748555743,0.187173296268019,0.2695311843667,0.0840720427673069,0.064792271522645,"TIMMDC1"
"ENSG00000067992",81.7509098570867,0.223555659157501,0.16951548623673,1.31879195299775,0.187238675229314,0.269595844058306,0.188710709166957,0.159862180153372,"PDK3"
"ENSG00000204611",165.239692649095,0.148213659509422,0.112397426602973,1.31865705460468,0.187283790164131,0.269631315615194,0.139028796483292,0.108628024047341,"ZNF616"
"ENSG00000150893",376.241838954303,0.570736532045285,0.432874560865999,1.31848018720131,0.187342953224249,0.2696870022032,0.270143215696394,0.359155326970381,"FREM2"
"ENSG00000107593",15.3567506089949,0.326662729418789,0.247892233242413,1.31776104941274,0.187583650652334,0.270003973378006,0.238347008004057,0.223902183134832,"PKD2L1"
"ENSG00000171812",15.6185163392476,0.406019825546255,0.308162030687925,1.31755305687686,0.187653308877612,0.270074711924206,0.259888317658805,0.271721521474876,"COL8A2"
"ENSG00000171860",128.289933326613,0.358299885329202,0.271960934531343,1.31746820897877,0.187681730543362,0.270086092942825,0.247374250023532,0.24654489505305,"C3AR1"
"ENSG00000136457",360.270912637861,-0.348822948741997,0.264790469458364,-1.31735462177141,0.187719784045398,0.270111330791443,-0.246966138956564,0.229588888656076,"CHAD"
"ENSG00000077147",2372.08814218344,-0.244538860640915,0.18566045172892,-1.3171295144642,0.187795215361774,0.270160817903532,-0.200299975767112,0.170113174207613,"TM9SF3"
"ENSG00000139083",257.792203883283,-0.139892584217692,0.106207505043792,-1.31716288938348,0.187784030331663,0.270160817903532,-0.127991537500274,0.102433352329395,"ETV6"
"ENSG00000140691",318.957969244046,0.293088302557536,0.222585819674918,1.31674292183386,0.187924811068265,0.270317716871493,0.224454528791768,0.205890501162361,"ARMC5"
"ENSG00000101752",516.388964134403,-0.287675677147202,0.218518049892056,-1.3164847356514,0.188011398409042,0.270412723558384,-0.220275021046285,0.195531122510202,"MIB1"
"ENSG00000067533",159.2030755976,-0.17363171745732,0.131952904690289,-1.31586127539107,0.188220608296787,0.270684055580065,-0.155308370958723,0.125390762699401,"RRP15"
"ENSG00000082153",2141.29035993749,-0.236493299147935,0.179812227686637,-1.31522367633461,0.188434740223378,0.270962406048602,-0.19261759032683,0.165152181207203,"BZW1"
"ENSG00000143367",62.0870422500552,0.176462307211088,0.134180161932531,1.31511472835915,0.188471347392952,0.27098544935848,0.158168292330247,0.127921877184381,"TUFT1"
"ENSG00000177674",163.627139550768,0.177099168853036,0.134689553029212,1.31486937828523,0.188553805688981,0.271074405514427,0.158565956906512,0.129040448158732,"AGTRAP"
"ENSG00000172380",1023.95745914238,0.280263638701614,0.21330544284519,1.31390758230684,0.188877306779305,0.271509839617461,0.218267026458985,0.197989958773716,"GNG12"
"ENSG00000004468",87.3899629784944,-0.309435832360022,0.235553715040575,-1.31365294878376,0.18896302151049,0.271512972487449,-0.231861661904382,0.208811496254809,"CD38"
"ENSG00000100450",36.7872848569139,-0.417369081898422,0.317688208770589,-1.31376950851775,0.188923781616569,0.271512972487449,-0.267245554693917,0.265690743488404,"GZMH"
"ENSG00000152402",42.5969495432317,-0.391750560853154,0.298224874652985,-1.31360793196408,0.188978178054267,0.271512972487449,-0.260625665174881,0.25296319447815,"GUCY1A2"
"ENSG00000160993",112.33561985127,0.173428623947099,0.132015179998362,1.3137021359911,0.188946461879241,0.271512972487449,0.155599891481156,0.126414025002274,"ALKBH4"
"ENSG00000171307",511.142217177921,-0.115131816677513,0.0876463702208368,-1.31359480589353,0.188982597590383,0.271512972487449,-0.107865644749114,0.0853939095016055,"ZDHHC16"
"ENSG00000135931",16.5238076731201,0.330947135828322,0.252049774068434,1.31302294180381,0.189175217702064,0.27172928742133,0.23916796105205,0.227571806821108,"ARMC9"
"ENSG00000162408",202.597713156451,-0.169188959173161,0.128849279622658,-1.31307648493371,0.189157176712481,0.27172928742133,-0.14996809965905,0.122593287697889,"NOL9"
"ENSG00000169918",14.4597239383733,-0.261620035314572,0.199259106679281,-1.31296400789182,0.189195076544989,0.27172928742133,-0.210039087748807,0.18229619462389,"OTUD7A"
"ENSG00000083520",556.343062388105,-0.22051211199059,0.168094765826614,-1.31183211390438,0.189576786849021,0.272178078593776,-0.184949308357458,0.155775760526243,"DIS3"
"ENSG00000090659",79.0082001198752,0.435751018399903,0.332171328934492,1.31182609828989,0.189578817018649,0.272178078593776,0.262063681957195,0.292582738847901,"CD209"
"ENSG00000101115",15.4994400007378,-0.413410033850679,0.315149016558545,-1.31179223836759,0.18959024447695,0.272178078593776,-0.265973148916812,0.265168235225578,"SALL4"
"ENSG00000138031",78.4320521453688,0.238153880069027,0.181548412869119,1.31179268551753,0.189590093564046,0.272178078593776,0.196735104178019,0.170147682954032,"ADCY3"
"ENSG00000131652",148.213051486307,0.2028225610818,0.154653937979566,1.31146069561189,0.189702164376629,0.272309059766975,0.175928295638745,0.146828769930858,"THOC6"
"ENSG00000167720",136.532794329711,0.167632783756208,0.127851676898721,1.31115045044736,0.189806938867607,0.272429756582461,0.151378608371948,0.122751668139939,"SRR"
"ENSG00000196456",133.583021644997,0.298580232356589,0.227936452270124,1.30992752314468,0.190220355205076,0.272973953875273,0.225808010300311,0.20998315514101,"ZNF775"
"ENSG00000213928",80.3077391512097,0.304099669338191,0.232153769003636,1.3099062343176,0.190227557861585,0.272973953875273,0.228468654365521,0.21317778654744,"IRF9"
"ENSG00000147118",109.470262757548,-0.202442056340918,0.154607800760902,-1.3093909579245,0.190401952780249,0.273194432247685,-0.175119102991826,0.14479135935706,"ZNF182"
"ENSG00000114737",331.553062109362,-0.471377015825351,0.360202662703786,-1.30864389587533,0.190655004425203,0.273527709301757,-0.276831111260584,0.289832896131697,"CISH"
"ENSG00000080986",16.6606252606187,-0.338633666598383,0.258826700689657,-1.3083413175537,0.190757566924049,0.273645034443455,-0.243060519880992,0.227092619463019,"NDC80"
"ENSG00000074219",75.8143179334419,-0.208593072366589,0.159446082435951,-1.30823579469493,0.190793344694911,0.273666540609348,-0.17884211198345,0.148929845735269,"TEAD2"
"ENSG00000162148",39.4812749871493,0.33918219333903,0.259333401044464,1.30790014696516,0.190907179683264,0.273799992125256,0.239893177144454,0.234991510156862,"SAXO4"
"ENSG00000058804",270.307453954336,0.185483412603208,0.141827083078546,1.3078137727791,0.190936481590068,0.273808822211543,0.165364632355755,0.135363084910135,"NDC1"
"ENSG00000128340",184.777883329639,0.262091219776018,0.200412415532476,1.30775939743886,0.190954929784778,0.273808822211543,0.209352138747425,0.186697005194504,"RAC2"
"ENSG00000115207",389.061940341453,0.0932567813615986,0.0713221122258325,1.30754373995981,0.191028109900438,0.273854104415197,0.090124802211713,0.0701533225359467,"GTF3C2"
"ENSG00000206432",10.0850377791839,-0.46200595294055,0.353336130172976,-1.30755366770552,0.191024740616386,0.273854104415197,-0.27403467139182,0.289450094102357,"TMEM200C"
"ENSG00000124783",2035.971698262,-0.186767476747992,0.142929853295596,-1.30670725843211,0.1913121525979,0.274231442689597,-0.163952312501304,0.134740128110574,"SSR1"
"ENSG00000101443",12.9292098797721,0.621473696523651,0.47571913086492,1.30638785830145,0.191420692735251,0.27435715660269,0.252404735422348,0.368751866343055,"WFDC2"
"ENSG00000174500",13.4056615382863,-0.331203219307667,0.253554797742025,-1.30623921241926,0.19147122176256,0.274399706729713,-0.239636256967463,0.224002541842937,"GCSAM"
"ENSG00000135999",196.206079891066,-0.169855040005649,0.130138821347231,-1.30518348212521,0.191830377336128,0.274864545109075,-0.152372264526035,0.123806780350821,"EPC2"
"ENSG00000184428",329.372365653745,0.216822328335462,0.166126621092922,1.30516305519862,0.191837331384421,0.274864545109075,0.184161829737619,0.157015123324206,"TOP1MT"
"ENSG00000137673",39.8375487051317,0.660205785023651,0.505981836415695,1.30480135354355,0.191960498129589,0.275011090138647,0.244232010884916,0.38087838795162,"MMP7"
"ENSG00000136783",758.287370025966,-0.208187791849688,0.159642561865587,-1.30408701424483,0.192203915953215,0.275329861542816,-0.175778927283166,0.14865002787336,"NIPSNAP3A"
"ENSG00000146122",163.297015849876,-0.189456104205618,0.145345597011083,-1.30348705500292,0.192408532978947,0.275592987946129,-0.165969941166717,0.136981421176481,"DAAM2"
"ENSG00000075711",833.568622309424,-0.152993737503924,0.117438436231552,-1.30275693727961,0.192657756702291,0.27582013807717,-0.133532008067489,0.112233541729757,"DLG1"
"ENSG00000136237",427.667680670684,0.23218298841666,0.178201339398615,1.30292504646833,0.192600352068722,0.27582013807717,0.193601819043609,0.167508799256253,"RAPGEF5"
"ENSG00000163832",315.390703853505,0.120943952048805,0.0928296251128959,1.30285942555211,0.192622758298789,0.27582013807717,0.114267701265865,0.0905283253665049,"ELP6"
"ENSG00000164039",862.234253494147,-0.155538638578814,0.119395696430101,-1.30271561898274,0.192671867681584,0.27582013807717,-0.139905505430382,0.114195412195492,"BDH2"
"ENSG00000171649",17.348147936183,-0.268115202260023,0.205797268330641,-1.30281225030286,0.192638867448441,0.27582013807717,-0.212089598300572,0.18771861640296,"ZIK1"
"ENSG00000196437",82.3764072974637,-0.206523962745358,0.158688281385288,-1.30144432180173,0.193106410997041,0.276412155597634,-0.176928702812776,0.148270738682334,"ZNF569"
"ENSG00000126804",288.728758447261,-0.165826247250175,0.127431311979872,-1.30129906593418,0.193156106840463,0.276453234336507,-0.148555313088679,0.121309422484756,"ZBTB1"
"ENSG00000115257",34.0060462015002,0.476230618902474,0.366088768862628,1.30086104630316,0.193306021729365,0.276607660263974,0.263532282171764,0.314571198208062,"PCSK4"
"ENSG00000124374",731.955923934504,0.212579123122466,0.163411563528144,1.30088176462404,0.193298928832681,0.276607660263974,0.181909673083407,0.154597683908893,"PAIP2B"
"ENSG00000070831",2359.13730454493,-0.123149554185366,0.0947227869348174,-1.30010484457251,0.1935650374865,0.276948194256386,-0.115933865920467,0.0919980120384677,"CDC42"
"ENSG00000173083",39.4212997448363,0.388993722175544,0.299233429462943,1.29996746310631,0.193612121010389,0.276985459656936,0.252492557598971,0.266411512804567,"HPSE"
"ENSG00000143669",405.361118387378,-0.2019386348439,0.155487789723111,-1.29874271930617,0.194032238253344,0.277556328644451,-0.173498130491834,0.145375935352243,"LYST"
"ENSG00000165156",792.799023366236,-0.222449017993027,0.171302907220357,-1.2985711778194,0.19409113458783,0.277610415859138,-0.186332383774124,0.158430083219996,"ZHX1"
"ENSG00000112242",75.6117923733167,-0.208429838739003,0.160536691351228,-1.29833147166957,0.194173456269941,0.277697993183799,-0.178189640282657,0.149703625691434,"E2F3"
"ENSG00000198046",30.138910289448,-0.409070240953224,0.315102978632344,-1.29821127914668,0.194214743331864,0.277726872022083,-0.262655619858802,0.263515938417902,"ZNF667"
"ENSG00000196262",5863.76726262021,-0.124142696493853,0.0957167257703795,-1.2969801828749,0.194638005461637,0.278284380796425,-0.116451051125192,0.0928752934893142,"PPIA"
"ENSG00000198964",505.027352666669,-0.275870779662107,0.212706617424411,-1.29695438253181,0.194646883089342,0.278284380796425,-0.215140158173191,0.191147361055496,"SGMS1"
"ENSG00000131943",835.751281103868,-0.151221239204072,0.116630643689129,-1.2965823939645,0.194774913477811,0.278437189017249,-0.13834397623086,0.111846156681876,"C19orf12"
"ENSG00000169689",617.598406980439,0.237264899890152,0.183031050302687,1.29630955784702,0.19486885700977,0.278541241058586,0.196809869224319,0.171703694379725,"CENPX"
"ENSG00000150687",301.680983849603,-0.2344363644627,0.180953135199974,-1.29556398237378,0.195125744696952,0.278878154003482,-0.1932652914212,0.166260525107413,"PRSS23"
"ENSG00000137343",83.6639409793471,0.260616049657532,0.20120606425179,1.29526935794239,0.195227325838829,0.278993050254426,0.207851464573494,0.186803119377902,"ATAT1"
"ENSG00000134759",1637.65828464826,-0.10277970230987,0.0793887241902836,-1.29463854417816,0.195444949330243,0.279273735932492,-0.0912846273188136,0.0776267583873826,"ELP2"
"ENSG00000131115",156.658008830295,0.0965989476118349,0.0746470420283474,1.29407602748882,0.195639161082084,0.279520910993676,0.093117532440198,0.0732908863726527,"ZNF227"
"ENSG00000162407",2783.82069485175,-0.27666170755599,0.213826257197998,-1.29386218129333,0.195713029669666,0.279585190305778,-0.20365304556408,0.190620717671712,"PLPP3"
"ENSG00000174175",80.5134616614863,0.216679530562957,0.16747233382858,1.29382283992498,0.195726621528813,0.279585190305778,0.18351576401894,0.157883340593948,"SELP"
"ENSG00000148426",281.457069529457,-0.165863610679031,0.128239987863174,-1.29338448515762,0.195878113403116,0.279771234656696,-0.150465657341415,0.122167577040948,"PROSER2"
"ENSG00000081307",735.743478167538,-0.137382997261436,0.106236297900724,-1.29318321492921,0.195947699550463,0.279836856360917,-0.126690686846077,0.102434466075314,"UBA5"
"ENSG00000101391",313.399238553694,0.14227573838196,0.110024426444719,1.29312865314908,0.195966566584206,0.279836856360917,0.131695016400288,0.106488508037062,"CDK5RAP1"
"ENSG00000128191",480.102461419849,0.238923092980286,0.184773465518373,1.29305954353347,0.195990466055806,0.279840632912997,0.196958934719091,0.173189160031837,"DGCR8"
"ENSG00000172578",42.2735262094216,-0.305547886510981,0.236315584213913,-1.29296545349459,0.196023007685106,0.279856746820875,-0.231931042952477,0.20989372484291,"KLHL6"
"ENSG00000113966",26.35013329242,-0.212875130166712,0.164653334118018,-1.29286862793881,0.196056499543488,0.279874213703737,-0.181119176469499,0.153709557607252,"ARL6"
"ENSG00000185252",85.871919124556,-0.154468238995506,0.119507152079767,-1.29254388802107,0.196168857354987,0.280004247174302,-0.140793789914578,0.114453999594123,"ZNF74"
"ENSG00000081052",69.81676567072,0.345624553617325,0.267424468063396,1.2924193366457,0.196211963802189,0.28003541630565,0.240977505844798,0.241737347357927,"COL4A4"
"ENSG00000167535",14.9397774790602,0.411768676647316,0.318650488696373,1.29222672255077,0.196278639992415,0.280100213975735,0.256438153646819,0.278297453616208,"CACNB3"
"ENSG00000181982",114.502340981058,0.182607140899883,0.141367526275978,1.29171915014907,0.19645442311631,0.280320682209747,0.162892589245082,0.134681838957532,"CCDC149"
"ENSG00000179387",458.658143222193,-0.212182063873966,0.16433016472562,-1.29119364194787,0.196636539260835,0.280550138264863,-0.179531812824885,0.152661348382645,"ELMOD2"
"ENSG00000071626",657.229266607343,0.198040545272011,0.153413434707396,1.29089440993048,0.19674029407522,0.280667755097448,0.171790960328233,0.145695728627651,"DAZAP1"
"ENSG00000072422",363.083004478267,0.253943129669318,0.196798428948053,1.29037173226799,0.196921621929574,0.280895999385133,0.203542906497252,0.183402250126725,"RHOBTB1"
"ENSG00000170430",1629.72224809366,0.218185499323444,0.169101044696981,1.29026700996685,0.196957967004467,0.280917408036053,0.18440943701992,0.159550752808659,"MGMT"
"ENSG00000106608",524.820100280404,0.205746956204502,0.159538735397,1.2896363738406,0.197176940349186,0.281199263067307,0.176693977320247,0.151085035176935,"URGCP"
"ENSG00000149182",1394.08256737191,0.147080424401265,0.114075924965895,1.2893204630621,0.197286699802308,0.281325321087099,0.13968192089416,0.110189409531113,"ARFGAP2"
"ENSG00000143398",396.964145507726,-0.109454924318296,0.0849077133567078,-1.28910460535503,0.197361722717031,0.281401823835004,-0.0925854903378382,0.0825632503336581,"PIP5K1A"
"ENSG00000197619",132.046842139569,-0.157793362159514,0.122422722368719,-1.2889221796936,0.197425142360073,0.281461767657035,-0.143082289751852,0.116974346892486,"ZNF615"
"ENSG00000163527",2224.55929231971,-0.228164275264912,0.177035813090323,-1.28880293361041,0.19746660590421,0.281490399884672,-0.186114460602227,0.162710239775156,"STT3B"
"ENSG00000139842",1080.4935601043,-0.088725705426457,0.0688547672469601,-1.28859204633176,0.197539949985104,0.281564466981041,-0.0887306097719157,0.0677631778649204,"CUL4A"
"ENSG00000143630",70.3901476477359,-0.291166263894684,0.225994519646288,-1.28837754274041,0.197614572225905,0.281640339675932,-0.222055339135235,0.20164314949221,"HCN3"
"ENSG00000035687",255.948304444836,-0.162625058907203,0.126237467173366,-1.28824716265786,0.197659939371847,0.281674506090457,-0.142998385016388,0.120097304749971,"ADSS2"
"ENSG00000163328",240.129214452027,0.19238680861895,0.149411969128191,1.28762648495642,0.197876015323689,0.281951906683084,0.169143585318641,0.14209670965489,"GPR155"
"ENSG00000122420",56.0925484208771,0.44925825903708,0.348992496327475,1.28730062613014,0.19798952540853,0.282083117793389,0.257461302026051,0.302276160461964,"PTGFR"
"ENSG00000135457",254.348790543258,0.077312925127653,0.0600686536027586,1.28707604533527,0.198067783894732,0.282164081666094,0.0754533945171645,0.0593943615770033,"TFCP2"
"ENSG00000123094",106.607109563991,-0.24183436118656,0.18791070690846,-1.28696424575939,0.198106750538313,0.282189059568044,-0.197605182067798,0.171970090395673,"RASSF8"
"ENSG00000151692",58.8474157002836,-0.23073817889779,0.179310976843169,-1.28680453901939,0.198162424479034,0.282237827854929,-0.191095481287475,0.165339217973758,"RNF144A"
"ENSG00000136982",17.2206741335261,-0.285877016723327,0.222202593308329,-1.28656021726373,0.198247617447887,0.282328624263806,-0.219479311261913,0.200138818040296,"DSCC1"
"ENSG00000136811",230.24417381066,-0.162098429114648,0.126010932880622,-1.28638385106008,0.198309131524508,0.282385683068534,-0.14660384731281,0.119964242457246,"ODF2"
"ENSG00000011143",132.721241627398,0.167611046358018,0.130338452183545,1.28596775203365,0.198454316385248,0.282518254622257,0.150843931964935,0.124896576931424,"MKS1"
"ENSG00000111670",301.308967203579,0.181790161009551,0.141360325796717,1.28600553220976,0.198441130956342,0.282518254622257,0.160808227509416,0.134904857488807,"GNPTAB"
"ENSG00000169100",1194.58963915958,0.188970341206562,0.146951986487345,1.28593253976077,0.198466606182687,0.282518254622257,0.165061825696827,0.139909322211835,"SLC25A6"
"ENSG00000114209",284.441315583414,-0.211016026475999,0.164176073127417,-1.28530316541455,0.198686364470674,0.282800505364422,-0.179311100795675,0.152605733612082,"PDCD10"
"ENSG00000102934",117.166082637585,-0.262610127920135,0.20436936066924,-1.28497797840232,0.198799979516654,0.28293163229016,-0.208281079609483,0.185027553343219,"PLLP"
"ENSG00000164308",452.070729099121,-0.570847966727801,0.44427874135181,-1.2848869720637,0.198831784152924,0.28294631108489,-0.282386382315672,0.33036217113892,"ERAP2"
"ENSG00000158691",62.1832963468902,-0.167132758964402,0.130120573337203,-1.28444530083097,0.198986190987121,0.283135436132761,-0.15033446342137,0.123716767226615,"ZSCAN12"
"ENSG00000003147",171.65186350526,-0.396337191478747,0.308637155747917,-1.28415255291706,0.199088582994796,0.283219911800052,-0.255583893155689,0.25771724520205,"ICA1"
"ENSG00000069122",345.875848010735,-0.31807137771784,0.247685074806061,-1.28417660194863,0.199080170113281,0.283219911800052,-0.230186850052481,0.216511651635307,"ADGRF5"
"ENSG00000181585",12.0355056855955,-0.350123441484627,0.272666986126659,-1.28406979685464,0.199117534875511,0.283230495264799,-0.242504290415898,0.23814098140315,"TMIE"
"ENSG00000160796",182.045534050132,0.313655428530112,0.244399175701213,1.28337351232955,0.199361249116244,0.283546527586094,0.229182391748429,0.223226774102526,"NBEAL2"
"ENSG00000006042",413.759371123413,0.255438128034175,0.199070540864638,1.28315383544302,0.199438185861147,0.283625313787845,0.204158431672942,0.185354488424077,"TMEM98"
"ENSG00000107807",15.075243137144,0.461695949004901,0.360059974834226,1.28227512435246,0.199746151006959,0.284032597921765,0.25934359476375,0.306287300008152,"TLX1"
"ENSG00000070669",52.6579118383408,-0.440849940796415,0.344010044677732,-1.28150310613576,0.200017009619,0.284387035490686,-0.265736373897504,0.279610760252986,"ASNS"
"ENSG00000059588",331.966046119884,-0.171978096915786,0.134225795608329,-1.28125965755211,0.200102477897113,0.284447119843812,-0.156536113336016,0.127333895222785,"TARBP1"
"ENSG00000111713",3787.21710767902,-0.161130390446713,0.125754376937163,-1.28131039548012,0.200084662970035,0.284447119843812,-0.144359320848226,0.119794474591023,"GYS2"
"ENSG00000142089",7868.01407421897,-0.184413274695481,0.143939888010719,-1.28118256338887,0.200129549151857,0.284454889790926,-0.153887494872304,0.13497169604421,"IFITM3"
"ENSG00000165525",300.920319479943,-0.146619210178218,0.114466522019952,-1.28089163181408,0.200231732499773,0.284569407393352,-0.125427720423196,0.109555005069803,"NEMF"
"ENSG00000164828",1010.38285726712,-0.0974390381295942,0.0760771628631673,-1.28079221756532,0.200266658309188,0.28457911504928,-0.0978543813554189,0.0746505164358985,"SUN1"
"ENSG00000180479",49.1118876234927,-0.15061138291841,0.117596317554474,-1.28074914291973,0.200281792499364,0.28457911504928,-0.137991636092157,0.11282051478161,"ZNF571"
"ENSG00000160563",66.6737550881488,0.147689687420023,0.115322416281348,1.28066764625976,0.200310428471342,0.284589090455778,0.135608724944978,0.111257510608883,"MED27"
"ENSG00000132716",1672.87443143587,-0.191921882866552,0.15004246258835,-1.27911712161843,0.200855815171681,0.28533315305895,-0.1624277414532,0.140441196832437,"DCAF8"
"ENSG00000105821",233.524615075156,-0.149710105932678,0.117071563199793,-1.27879138059499,0.20097053000299,0.285434519743189,-0.136673944179644,0.112205944005018,"DNAJC2"
"ENSG00000160049",381.260531657004,0.151916414156494,0.11879650676982,1.27879529699343,0.200969150497751,0.285434519743189,0.139659674273068,0.114641628904152,"DFFA"
"ENSG00000164342",330.287592948729,0.241153229522391,0.18864133398066,1.27836897902299,0.201119356543176,0.285615084483599,0.19667945669588,0.176346970621396,"TLR3"
"ENSG00000204178",953.129178102896,-0.0973542192065043,0.0762040603986942,-1.2775463498553,0.201409427706095,0.285996173983871,-0.0951889849561848,0.0747519049138299,"MACO1"
"ENSG00000128607",1606.19087512911,0.119903199955065,0.0938759728654357,1.27725121024245,0.201513572620426,0.286113199301253,0.114047256348966,0.0915437484874199,"KLHDC10"
"ENSG00000115526",15.1364428765432,0.337056989968332,0.263979174933011,1.27683174270798,0.201661656270539,0.286292577793608,0.236829351845302,0.235981424447196,"CHST10"
"ENSG00000059378",415.988568892936,0.160232609358369,0.125506596172415,1.27668675786768,0.201712858380614,0.28633439282363,0.139784195215715,0.120672871496634,"PARP12"
"ENSG00000137776",1066.49640043512,0.126713870438488,0.0992753576410955,1.27638795215011,0.201818412988419,0.286453344696585,0.119188466593695,0.0965949898590012,"SLTM"
"ENSG00000177707",413.418647495309,-0.30175605098935,0.236453811115779,-1.27617334466052,0.201894248997345,0.286530094028139,-0.224693310928404,0.208566926399486,"NECTIN3"
"ENSG00000170571",79.3842595177012,-0.359553997384642,0.281843828105158,-1.27572067056402,0.202054278902084,0.286726302654111,-0.246199331457892,0.24071882424531,"EMB"
"ENSG00000130821",22.3521212043054,0.423426611044293,0.332006704302767,1.27535560444032,0.202183404864235,0.286878619295454,0.25373607524571,0.288158239021291,"SLC6A8"
"ENSG00000114331",346.684469575113,-0.274477764459007,0.215270251204217,-1.27503806458897,0.202295769413881,0.286976198696601,-0.212255817003981,0.192808273030815,"ACAP2"
"ENSG00000139921",426.675889551594,-0.224999214940171,0.176458144667807,-1.27508546212897,0.202278994446711,0.286976198696601,-0.185292840810199,0.16238449650204,"TMX1"
"ENSG00000166133",129.682204442506,0.118880773540604,0.0932502980357411,1.27485676769676,0.202359943479529,0.287036308538189,0.112302392618802,0.0908653369145946,"RPUSD2"
"ENSG00000106526",198.945474749596,0.143131837581019,0.112339932075982,1.27409581736448,0.202629460580194,0.287387641710529,0.132300537433653,0.108611790851347,"ACTR3C"
"ENSG00000175538",101.668873911975,-0.221804647210871,0.174098037321731,-1.27402152616447,0.202655787405792,0.287394021648498,-0.185638102527888,0.16073780409427,"KCNE3"
"ENSG00000077984",43.5752015541441,-0.278398040135196,0.21864220696116,-1.27330419869321,0.202910117390863,0.287723705500065,-0.214971642377946,0.196166789910304,"CST7"
"ENSG00000166128",239.01678935273,-0.32859114294717,0.25816674158133,-1.27278649811542,0.203093813620001,0.287953171453902,-0.233992853795121,0.223905240511299,"RAB8B"
"ENSG00000142197",373.43876287147,-0.380396982274837,0.298908244966673,-1.27262124307494,0.203152476728699,0.287974322632435,-0.250664582144714,0.251254759710432,"DOP1B"
"ENSG00000162769",55.4648534976711,-0.275868241320857,0.216761524381006,-1.27268085103497,0.203131315357077,0.287974322632435,-0.212444930692134,0.194163273481879,"FLVCR1"
"ENSG00000107560",146.039387180534,-0.214133126689214,0.168357337340112,-1.27189661034272,0.203409856376293,0.288283429623629,-0.180519213973379,0.156078202990873,"RAB11FIP2"
"ENSG00000204231",696.3833063497,0.141099348106659,0.11093727540097,1.27188402272069,0.203414329424541,0.288283429623629,0.130429534734705,0.107327225743752,"RXRB"
"ENSG00000102871",165.083631001039,0.188143755830585,0.147958144678712,1.27160121018775,0.203514846564372,0.288394841229849,0.164942854173642,0.140729989156935,"TRADD"
"ENSG00000102910",4031.96504061697,0.0971296727734104,0.0763968187215511,1.27138373559017,0.203592165906451,0.288473359483894,0.0934384296732688,0.0750503813574056,"LONP2"
"ENSG00000113360",346.079675954993,0.108721896835355,0.0855953270355696,1.27018495752899,0.204018754595315,0.289046693532973,0.103512347160321,0.0837705794575128,"DROSHA"
"ENSG00000075223",29.749054914192,-0.704972025833709,0.555109881063046,-1.26996843306711,0.204095874758902,0.289124842594761,-0.27731088545686,0.368117844807018,"SEMA3C"
"ENSG00000135837",524.256602973345,0.187266391114814,0.147476775757688,1.26980258520503,0.204154959630953,0.289177428563865,0.164250999127176,0.140343881945798,"CEP350"
"ENSG00000214562",19.8981131800764,0.267785670093272,0.210932384249103,1.26953322528715,0.204250948172397,0.289282270184787,0.209432728483778,0.193532777799937,"NUTM2D"
"ENSG00000102786",463.866100365495,-0.160301467537242,0.126283892718357,-1.26937382184402,0.20430776831524,0.289331620698984,-0.141091467744557,0.120121297280457,"INTS6"
"ENSG00000176293",26.1882437243695,0.363803596774269,0.286995708363632,1.2676273065147,0.204931075658798,0.290183108423718,0.242218548176514,0.254933707756691,"ZNF135"
"ENSG00000130779",967.231052322045,0.173236713365127,0.136686330817232,1.26740334845016,0.205011103126208,0.290265209566583,0.154359210159099,0.130725944398077,"CLIP1"
"ENSG00000246705",390.207175091259,0.245591098222786,0.193832055930866,1.26703035286579,0.205144436952951,0.290422758808877,0.198642460604199,0.180712729113892,"H2AJ"
"ENSG00000163249",206.948477624982,-0.195893449733994,0.154662473893152,-1.26658681193297,0.205303070491411,0.290616087097077,-0.169684307744901,0.144697039510058,"CCNYL1"
"ENSG00000101189",162.081584446653,0.178560596633994,0.141014231082797,1.26625940703213,0.205420224869715,0.290750664441483,0.157836046879088,0.134426526866593,"MRGBP"
"ENSG00000156253",468.885634989328,-0.0975440496893195,0.0770512946636111,-1.2659625008921,0.205526507964294,0.290869827352241,-0.093482371512404,0.0755393840921655,"RWDD2B"
"ENSG00000120733",556.496270697728,-0.0805129642907508,0.063620706517229,-1.2655150924636,0.205686741634625,0.291034029055505,-0.0778630433832138,0.0626981142659053,"KDM3B"
"ENSG00000197608",107.283420024805,-0.228457872490877,0.180518660700741,-1.26556374617474,0.205669312525883,0.291034029055505,-0.188747762902693,0.165835633959613,"ZNF841"
"ENSG00000169813",2480.23968948486,0.0986102917120377,0.07792829175768,1.26539783546993,0.205728750751772,0.291062189168045,0.095039123848509,0.0764698529896145,"HNRNPF"
"ENSG00000149357",654.082781613715,0.130602810541539,0.103244966261117,1.2649799333677,0.205878521292592,0.291242786218789,0.122277947859416,0.10025491622549,"LAMTOR1"
"ENSG00000127084",66.2312410358853,0.274282705908263,0.216922435845223,1.26442755835531,0.206076606654484,0.291460372028461,0.211695681536803,0.199685387534389,"FGD3"
"ENSG00000185869",31.3373047740704,0.241368271791915,0.190890214126442,1.26443502039364,0.206073929795689,0.291460372028461,0.19593116348141,0.177210445650852,"ZNF829"
"ENSG00000108797",19.7594716696213,0.383135694773459,0.303138575095097,1.26389620540133,0.206267283963904,0.291698717579889,0.244248006708036,0.266078300643618,"CNTNAP1"
"ENSG00000175322",16.5976325375375,-0.285169254952463,0.225646451038792,-1.26378790200178,0.206306164618778,0.291722367454713,-0.218092447494493,0.202276557902334,"ZNF519"
"ENSG00000127952",300.72892549516,-0.147020625558939,0.116452975844991,-1.26248921070627,0.206772806224544,0.292288035940772,-0.126392851669696,0.111363371724402,"STYXL1"
"ENSG00000161542",1267.61947542316,-0.108079524304207,0.0856010483191044,-1.26259580258067,0.206734477134433,0.292288035940772,-0.102632168438496,0.0835131332553802,"PRPSAP1"
"ENSG00000183098",895.003399340158,0.275373770414905,0.21811252192877,1.26253077072226,0.206757861154837,0.292288035940772,0.211978350900418,0.201220412695519,"GPC6"
"ENSG00000105559",141.417214761495,0.296592082727369,0.235060250859847,1.26177046796487,0.207031391697128,0.292622147405731,0.220600462885068,0.215104001079748,"PLEKHA4"
"ENSG00000163617",52.5908997168505,-0.241577338265484,0.191543275024931,-1.26121545240386,0.207231232799345,0.292873165632909,-0.195946375101622,0.174777209215034,"CCDC191"
"ENSG00000205309",21.544781268469,0.29548453802667,0.234297576384242,1.26115063837486,0.207254579119747,0.292874722409638,0.220242320326882,0.212828925336179,"NT5M"
"ENSG00000166750",265.077847737972,0.2619103367474,0.207694025170493,1.26103934156219,0.20729467321133,0.292899942852583,0.205875203915444,0.192328616614012,"SLFN5"
"ENSG00000141622",146.741749209584,-0.230247268020718,0.182649178367864,-1.26059843289844,0.207453563548551,0.293081423692542,-0.189587921037768,0.167597334231199,"ARK2C"
"ENSG00000155189",339.338465973519,-0.297694387688852,0.236160539204746,-1.26055940036094,0.207467633967377,0.293081423692542,-0.221047904975283,0.208077300126925,"AGPAT5"
"ENSG00000172878",139.591777939613,-0.17764042623793,0.140961292788444,-1.26020713008453,0.20759465140415,0.293229393883385,-0.156915593263389,0.133022616047214,"METAP1D"
"ENSG00000047621",136.71323606572,-0.171965340872162,0.136513863953817,-1.25969140343385,0.207780707729966,0.293460716366953,-0.153012796587512,0.129281928952423,"FERRY3"
"ENSG00000144749",645.323189674595,-0.148546024416147,0.117929113032813,-1.25962131483865,0.207806002601359,0.293464960876272,-0.135611053827456,0.112948380914366,"LRIG1"
"ENSG00000146232",140.545552409412,0.183780794332759,0.145948037438636,1.25922073059756,0.207950615727223,0.293606986719785,0.161422341265738,0.138763371373695,"NFKBIE"
"ENSG00000186407",22.1296905475046,-0.316457049071938,0.251312124729392,-1.25921918575434,0.207951173565396,0.293606986719785,-0.229590764893521,0.220214615123757,"CD300E"
"ENSG00000013563",249.553614562027,0.123289313573924,0.0979268026772337,1.25899457761615,0.208032290427313,0.293690020991422,0.115396651810371,0.0952739989149736,"DNASE1L1"
"ENSG00000112782",17.0776533064767,-0.57656532974486,0.458121716544892,-1.25854179996805,0.208195880073978,0.293889456100997,-0.273934580645761,0.335400870617314,"CLIC5"
"ENSG00000196090",11.5848691192509,-0.481687182931016,0.382950260161368,-1.25783223839055,0.208452433942117,0.29422006274463,-0.266333397346338,0.302222045890961,"PTPRT"
"ENSG00000058453",66.601974335106,0.417184897169827,0.331711470031666,1.25767401751288,0.208509672582372,0.294269305308127,0.248785364968286,0.288682736898277,"CROCC"
"ENSG00000114279",11.7041804189516,-0.571087312285378,0.454268727079504,-1.25715744501476,0.208696629300484,0.294501588571294,-0.273112666047179,0.334259736207882,"FGF12"
"ENSG00000102531",2080.90933775276,-0.272868583130815,0.217155285141398,-1.25655971464448,0.208913110061019,0.294743892741468,-0.208658121339104,0.19376564682886,"FNDC3A"
"ENSG00000151240",680.109887325215,0.103895278512269,0.0826798708399008,1.25659701033459,0.20889959787657,0.294743892741468,0.0997452064554019,0.0809670261179218,"DIP2C"
"ENSG00000124486",2335.12131847705,0.153468008942194,0.122212507808886,1.25574715463809,0.20920765680187,0.29509399018845,0.141698885676865,0.117579656604771,"USP9X"
"ENSG00000147649",1660.53945795353,-0.20607650633314,0.164108237027511,-1.25573530046876,0.209211956072038,0.29509399018845,-0.171605244642162,0.152086229600374,"MTDH"
"ENSG00000148341",399.974723773648,0.273674440472878,0.217947508816706,1.25568969316845,0.209228497524623,0.29509399018845,0.210929734971705,0.200948421048002,"SH3GLB2"
"ENSG00000115232",94.3127325041351,0.340666697616555,0.271314898263217,1.25561367915025,0.209256069388892,0.295101264950103,0.234317979487528,0.243790244035026,"ITGA4"
"ENSG00000165140",12844.9850103774,-0.175830145341543,0.140128883103536,-1.25477447223802,0.209560642108217,0.295499133982733,-0.141558035135894,0.131427748123762,"FBP1"
"ENSG00000140395",647.819283820935,0.0898850206921681,0.0716473287482624,1.25454810755032,0.20964285141637,0.295583399201963,0.0871162959474442,0.0705056051828683,"SKIC8"
"ENSG00000080493",998.904954386778,-0.242473922711975,0.193328619113638,-1.25420604473179,0.209767123343548,0.295726945705231,-0.194000957334304,0.175771634069956,"SLC4A4"
"ENSG00000118707",142.522370842109,-0.146952513472318,0.117254429663414,-1.25327899247946,0.210104190924587,0.296170425879348,-0.134314903419035,0.112367251237834,"TGIF2"
"ENSG00000143178",25.5221966080604,-0.312248242534423,0.249233520371792,-1.25283405726738,0.2102661043863,0.296366933984586,-0.227394984798989,0.218431867268165,"TBX19"
"ENSG00000196476",58.1749652260276,0.22576687987505,0.180213933594536,1.25277149980536,0.210288876501573,0.296367303363274,0.18684192276185,0.168334730245665,"C20orf96"
"ENSG00000087253",69.5138222355531,-0.313516772553923,0.250293725555218,-1.25259541308301,0.210352985025995,0.29642592324224,-0.227366451323095,0.21851670151105,"LPCAT2"
"ENSG00000087258",779.903494704834,0.274369661395172,0.219103114696449,1.25223989524426,0.21048246278062,0.296576637946238,0.209896554407239,0.201829770376798,"GNAO1"
"ENSG00000112312",204.122520346222,0.131766656827347,0.10523555168506,1.25211161739036,0.210529195064537,0.296610741810561,0.122847125134468,0.102042820786242,"GMNN"
"ENSG00000102057",13.3605431746303,0.447832121125594,0.357738590711724,1.25184179943972,0.210627515636692,0.296717512398104,0.251602537547384,0.302471969791588,"KCND1"
"ENSG00000075945",359.265029820475,-0.130319283443544,0.104109692063359,-1.25174977334708,0.210661057169447,0.296733013661382,-0.121132153783325,0.100584650978544,"KIFAP3"
"ENSG00000105186",145.470447519042,-0.115704248980183,0.0924469041026217,-1.25157516201672,0.210724709867699,0.296759175325502,-0.109037449704678,0.0899640940698534,"ANKRD27"
"ENSG00000110925",134.356485345072,-0.149940885020229,0.119798177924426,-1.25161240027222,0.210711133891736,0.296759175325502,-0.136501522362791,0.114571188592903,"CSRNP2"
"ENSG00000143344",351.090065939504,-0.226803511714876,0.181228778680327,-1.25147624657858,0.210760774608473,0.29677822015991,-0.185832214856848,0.166162782095876,"RGL1"
"ENSG00000072274",923.21146439169,0.314856840910163,0.251728764198969,1.25077816161405,0.211015424554012,0.297105024027176,0.227051516022311,0.228632919176504,"TFRC"
"ENSG00000132437",1006.68643078105,0.129942488087292,0.103904676789829,1.25059325626056,0.211082912254637,0.297168265905107,0.120481692467057,0.100825959360561,"DDC"
"ENSG00000131831",36.9527967049785,-0.307327480037449,0.245769220614519,-1.25047180142822,0.211127249952741,0.29719890654098,-0.228024064284409,0.216174377814841,"RAI2"
"ENSG00000172057",4610.44366012649,0.106266926533976,0.0850033076353665,1.25015048814128,0.211244579461356,0.297332278510607,0.10159935562149,0.0831957953437109,"ORMDL3"
"ENSG00000081237",551.179944351015,0.343984744112137,0.275198894802026,1.24994958413475,0.21131796473738,0.297403775920079,0.229585216282712,0.246450898627959,"PTPRC"
"ENSG00000110243",8587.76758510793,-0.236707048459524,0.189443452844781,-1.24948656131953,0.211487165736403,0.297609131052361,-0.186798461124551,0.172090977557456,"APOA5"
"ENSG00000164307",1244.77013887245,0.259694640375638,0.207851058924879,1.24942659286377,0.211509086985944,0.297609131052361,0.203724296001776,0.192424604650391,"ERAP1"
"ENSG00000146233",1517.04589620896,-0.197141685055479,0.157867044577891,-1.24878302233757,0.211744445246366,0.297908459725759,-0.168072949986752,0.14708703412893,"CYP39A1"
"ENSG00000087589",24.3213294621821,-0.239137067957181,0.191556331466342,-1.24839030966303,0.211888155990216,0.29807879706883,-0.193690587107871,0.17551555743587,"CASS4"
"ENSG00000115524",4588.88600563546,-0.156027839951829,0.124998710562661,-1.24823559578731,0.211944791914123,0.298126616489459,-0.139631657355894,0.119070944011188,"SF3B1"
"ENSG00000021776",472.263101289866,0.148145017049689,0.118772056889304,1.24730530841746,0.212285571759866,0.298574066637154,0.135178611909811,0.11445615666391,"AQR"
"ENSG00000068354",137.461784520532,0.137714855344658,0.110432529441862,1.24704972385115,0.212379265943125,0.298673938838623,0.127208196786432,0.106701272793572,"TBC1D25"
"ENSG00000070540",310.049658735455,0.167226474797388,0.134216726614932,1.24594362427838,0.212785092920236,0.299180748973498,0.150091750777564,0.128339181497535,"WIPI1"
"ENSG00000189058",7.84713452551598,-0.813591568712946,0.652984675007273,-1.2459581363129,0.21277976484464,0.299180748973498,-0.0308271976085607,0.322072060276219,"APOD"
"ENSG00000136040",88.9851067693429,0.288102375518534,0.231256232766943,1.24581453252713,0.212832493037862,0.299215440826107,0.215948567779994,0.211242962712673,"PLXNC1"
"ENSG00000042980",27.8094169742291,-0.372974661912959,0.29953272657286,-1.24518835113744,0.213062523518483,0.299475509327775,-0.245052573919336,0.252072272552952,"ADAM28"
"ENSG00000100626",43.4059682447046,0.309216574406624,0.248329401340217,1.24518712942488,0.213062972495311,0.299475509327775,0.221836540409841,0.224460659529429,"GALNT16"
"ENSG00000138079",564.999124537337,-0.56798210180939,0.456201318038898,-1.2450251223539,0.213122515808347,0.299527224928768,-0.265238337979513,0.329203320459177,"SLC3A1"
"ENSG00000111052",663.773021243089,-0.223886728129777,0.179971482920959,-1.24401224291798,0.213495057060382,0.299960779960479,-0.183959868854025,0.165089090588076,"LIN7A"
"ENSG00000114978",750.377961328617,-0.188989970292397,0.151928973106281,-1.24393633701579,0.213522994482218,0.299960779960479,-0.164561725676346,0.142248873224749,"MOB1A"
"ENSG00000136872",194211.951042622,0.149240722402465,0.119973671780301,1.24394561063163,0.213519581155354,0.299960779960479,0.20640356829552,0.114242688819815,"ALDOB"
"ENSG00000161048",317.357319479277,-0.221429699306857,0.178015783882138,-1.24387677585636,0.213544918013791,0.299960779960479,-0.183098275970459,0.163635215027374,"NAPEPLD"
"ENSG00000168028",4152.95397857562,-0.129155854716018,0.103817150825445,-1.24407049980766,0.213473617206012,0.299960779960479,-0.129588665574898,0.100478225963151,"RPSA"
"ENSG00000062096",31.4731092094737,0.468907979766915,0.377123211265267,1.24338138242328,0.213727327534086,0.300184979124576,0.249569180239472,0.316490283623952,"ARSF"
"ENSG00000092068",164.791170527728,-0.295046829568549,0.237375826241005,-1.24295230159195,0.213885410828223,0.300358458917235,-0.219517864005735,0.208916389306273,"SLC7A8"
"ENSG00000108506",136.87528860916,0.207040046968486,0.166575213713958,1.24292229529427,0.213896468996506,0.300358458917235,0.175293535509643,0.156856218278166,"INTS2"
"ENSG00000165055",171.106403257896,0.147735255878892,0.118882872000422,1.24269588539523,0.213979920736451,0.300443599916403,0.137269052955186,0.114564017080627,"METTL2B"
"ENSG00000151365",6624.64523664321,0.291114355483135,0.234303432510098,1.24246730986576,0.214064194520747,0.300529876845826,0.218247299920347,0.214302655558897,"THRSP"
"ENSG00000103275",474.041203358961,-0.0908165607294128,0.0731447720063098,-1.24160016141111,0.21438412219562,0.300946940273753,-0.0836385178578991,0.0717522617431818,"UBE2I"
"ENSG00000241258",304.337960603451,-0.109245164495026,0.088053551149506,-1.2406673333315,0.214728666640606,0.301398467482966,-0.103441145872327,0.0857679308539797,"CRCP"
"ENSG00000178226",27.8516512533392,0.284233879610387,0.229165378654031,1.24030026385221,0.214864354862798,0.301556773917876,0.213823242959291,0.208763991271711,"PRSS36"
"ENSG00000167460",853.975578527444,-0.182602495214693,0.147251566309969,-1.24007166640461,0.214948887746966,0.301643259014769,-0.157720401578138,0.138148520552921,"TPM4"
"ENSG00000157895",165.184475841172,0.106166059491566,0.0856488034647709,1.23955099425568,0.21514151618793,0.301851750874653,0.100858534099893,0.0837563946106138,"C12orf43"
"ENSG00000197471",45.3257455916328,0.368705681263766,0.297452162436569,1.23954614497849,0.215143310816326,0.301851750874653,0.239279289463776,0.262690862625526,"SPN"
"ENSG00000241186",40.3680574699069,0.472363626606045,0.381218940102612,1.23908750829353,0.215313092587643,0.302057770592318,0.24723575757324,0.318837576622153,"CRIPTO"
"ENSG00000178965",17.8333291205824,-0.319169713310656,0.257716011828221,-1.23845511594909,0.2155473548985,0.302354195034483,-0.227803222521123,0.225090524266677,"ERICH3"
"ENSG00000151623",293.48853793642,0.203259174433424,0.164192207274347,1.23793435637174,0.215740401964118,0.302592748722657,0.173121407831026,0.154873511638302,"NR3C2"
"ENSG00000013573",134.179881908231,0.330256856153527,0.26680248766423,1.23783274678141,0.215778083444139,0.302613362444135,0.22922007867141,0.239827229384013,"DDX11"
"ENSG00000036257",773.044081453481,-0.13229815243234,0.106924834049675,-1.23730051683669,0.215975536071169,0.302794575887423,-0.12103236867643,0.103016779060345,"CUL3"
"ENSG00000133706",784.492653960481,-0.0799499110355487,0.0646165111777792,-1.23729847957255,0.215976292128117,0.302794575887423,-0.0782798499230157,0.0636718501721256,"LARS1"
"ENSG00000145779",89.9961460266198,-0.259893450703304,0.210040326103696,-1.23735025327944,0.215957078779366,0.302794575887423,-0.203629955839744,0.188808764680384,"TNFAIP8"
"ENSG00000090971",31.6220504065108,-0.283758083608572,0.229406074956206,-1.23692488816062,0.216114969297574,0.302956738263614,-0.214428529786223,0.203711351596179,"NAT14"
"ENSG00000139112",2578.07814006916,0.13435968625632,0.10863412353772,1.23680922605933,0.216157916074777,0.302984682533857,0.12626497069653,0.105215447850235,"GABARAPL1"
"ENSG00000168062",77.1932627553832,0.192403943516708,0.155579270686938,1.23669395458132,0.216200723921662,0.303012426139302,0.166182623087307,0.147038141628615,"BATF2"
"ENSG00000134369",74.3759206394619,0.221629750617722,0.179275267161695,1.23625391347389,0.216364196115137,0.303209260888973,0.18348670414237,0.167763977801406,"NAV1"
"ENSG00000152818",677.223554772038,-0.237986896698003,0.192582909939287,-1.23576332278409,0.216546551993797,0.303432514213531,-0.188042635924038,0.174701563005293,"UTRN"
"ENSG00000100554",579.894818668272,-0.121231243513295,0.0981211325090771,-1.23552633783635,0.216634680513721,0.303523699440636,-0.109703273722321,0.0949705630345227,"ATP6V1D"
"ENSG00000119514",9.73101962647823,-0.416015365903298,0.336829902434585,-1.2350903613259,0.216796876218294,0.303718628675256,-0.252263121921129,0.27643832837102,"GALNT12"
"ENSG00000087903",26.0576061677354,-0.276597790630691,0.223966807256851,-1.23499456914382,0.216832525349521,0.303736251596105,-0.209861267947633,0.200127282065463,"RFX2"
"ENSG00000164116",174.247525103045,0.280253385087824,0.227208102444375,1.23346562940657,0.217402092405506,0.304501696660733,0.211701240157377,0.208046942106541,"GUCY1A1"
"ENSG00000099308",448.403853332281,0.292875553851712,0.237467097273043,1.23333108971707,0.217452263152909,0.304502526436407,0.216698064910122,0.216594718510406,"MAST3"
"ENSG00000130349",282.567893393573,-0.146850725060566,0.119073499150269,-1.23327798467771,0.217472068667897,0.304502526436407,-0.132740538486111,0.113988601366772,"MTRES1"
"ENSG00000135018",1658.8061023472,0.145246862235764,0.117766837261062,1.23334264223964,0.217447954813455,0.304502526436407,0.133228339770613,0.113678026116203,"UBQLN1"
"ENSG00000147853",3617.60504853097,-0.174649852791291,0.141676915928965,-1.23273330483039,0.217675281808051,0.304729589085088,-0.148289298992358,0.133306659209042,"AK3"
"ENSG00000159433",57.9635709746778,0.275075535527688,0.223145321895106,1.23271925752937,0.217680524483158,0.304729589085088,0.209463673158376,0.20407603318684,"STARD9"
"ENSG00000176105",1195.64849869486,-0.249367375539032,0.202369076394599,-1.23224051807595,0.217859251898568,0.304947364501015,-0.195888286990913,0.182374261755903,"YES1"
"ENSG00000196235",982.32162131756,0.194311353457516,0.157792315667747,1.23143736521786,0.218159329204162,0.305334934442649,0.168109691040498,0.149249929209617,"SUPT5H"
"ENSG00000005844",346.698187234164,0.178693940423341,0.145132541481733,1.231246546081,0.218230667493046,0.305402313798197,0.159103720538218,0.138047514241822,"ITGAL"
"ENSG00000172824",367.572645825923,0.299745249403269,0.243492567694354,1.23102422485243,0.218313804072528,0.305486188162282,0.219235246937325,0.22143579488478,"CES4A"
"ENSG00000102755",330.242233200776,-0.254338325841012,0.20664438422955,-1.23080202149835,0.218396919311149,0.305570014840657,-0.198734821621983,0.185693476360189,"FLT1"
"ENSG00000049192",17.7743685480105,-0.371283597561004,0.301677781698399,-1.23072900984201,0.218424234307671,0.305575759100499,-0.242939491553144,0.253661844688871,"ADAMTS6"
"ENSG00000158715",616.547146025159,0.251337646018399,0.204311170203768,1.23017085051067,0.218633133040026,0.305803020249121,0.198921314205602,0.189173565395912,"SLC45A3"
"ENSG00000167604",30.6870003152719,-0.270468190865878,0.219852160955905,-1.23022757515731,0.218611896518836,0.305803020249121,-0.207785434454375,0.196585772022775,"NFKBID"
"ENSG00000175087",242.599922832787,-0.23287775488075,0.189341132114178,-1.22993747993604,0.218720517692216,0.305892748665361,-0.189003340183985,0.172555289168731,"PDIK1L"
"ENSG00000168297",154.399058122148,0.170354751815189,0.138523418514826,1.22979026681295,0.218775653944062,0.305904870414988,0.151070135449821,0.132130172116649,"PXK"
"ENSG00000241935",754.212860420012,-0.179048984816952,0.145590519105018,-1.22981211906937,0.218767468910222,0.305904870414988,-0.155199285407812,0.136790616440083,"HOGA1"
"ENSG00000165948",85.5725288295559,-0.171254305178503,0.139268735268329,-1.2296679857726,0.218821459884682,0.305936427826455,-0.15125854832124,0.131814413008658,"IFI27L1"
"ENSG00000105372",5474.83487605866,-0.173947099522594,0.141473202952291,-1.22954097237237,0.218869045839684,0.305970466927722,-0.152467175046767,0.133293519525675,"RPS19"
"ENSG00000146757",72.9988966776236,-0.321609039861627,0.261600350641779,-1.22939070636806,0.21892535305067,0.306016689485627,-0.227611487242185,0.22586778125736,"ZNF92"
"ENSG00000147684",2217.41237492877,-0.156423573518174,0.127277305721706,-1.22899815195803,0.219072498909264,0.306165872674599,-0.13947666120457,0.121034603342423,"NDUFB9"
"ENSG00000166337",459.522330927106,-0.136943024580468,0.111428022833517,-1.22898191225266,0.219078587761461,0.306165872674599,-0.126543814989949,0.107170050447339,"TAF10"
"ENSG00000172613",143.593057783874,0.281311938136697,0.229033039865068,1.22825919920736,0.219349682045609,0.30651219632907,0.211540045630592,0.209329240867328,"RAD9A"
"ENSG00000183778",13.9100683516612,0.58207262372581,0.474026448460725,1.22793279914219,0.219472195711343,0.306650846729868,0.234602181281849,0.358848443795315,"B3GALT5"
"ENSG00000170385",1506.6707247678,-0.290955440685775,0.237148267346251,-1.22689254255003,0.219862981839241,0.307164263465137,-0.2141977705993,0.208034117244706,"SLC30A1"
"ENSG00000106771",1049.91858680692,-0.192503054488936,0.156939553051667,-1.22660636369699,0.219970576229835,0.307253044436481,-0.162487736946532,0.146098687779901,"TMEM245"
"ENSG00000197457",24.4007892872972,0.331503587841384,0.270273043255612,1.2265506905469,0.219991512000088,0.307253044436481,0.228276248186155,0.24073861838716,"STMN3"
"ENSG00000213918",87.9230396238339,0.306030055127546,0.249507332743605,1.22653731961467,0.219996540323767,0.307253044436481,0.219998233363666,0.225624424246771,"DNASE1"
"ENSG00000162298",1514.49374308446,0.216582680658412,0.176610287328152,1.22633105882439,0.220074117989911,0.307328790565885,0.180270742927016,0.165604855481241,"SYVN1"
"ENSG00000118482",875.838030159085,-0.170564184546485,0.139161314097312,-1.22565804766125,0.220327383719269,0.307649839224509,-0.150236190742431,0.131345287661102,"PHF3"
"ENSG00000110011",304.062977635642,-0.192293406401189,0.156937091047784,-1.22528973308572,0.220466075341028,0.307776964244116,-0.163778849905972,0.146336128033885,"DNAJC4"
"ENSG00000184378",39.1431666082465,0.205088047261149,0.167382998800018,1.22526211581488,0.220476477354952,0.307776964244116,0.172419875174301,0.156749455467123,"ACTRT3"
"ENSG00000185129",392.633341818769,-0.221375086732289,0.180680425678405,-1.22523004858488,0.220488555882615,0.307776964244116,-0.180458444749251,0.165472639519728,"PURA"
"ENSG00000198912",310.153846554053,-0.0940817688629404,0.076793664169985,-1.22512410209634,0.220528465341325,0.307800039720544,-0.0898392403689801,0.0752879962102002,"C1orf174"
"ENSG00000198648",25.987224614926,-0.275417964193777,0.225115986255129,-1.22344915958852,0.221160095447914,0.308648909971087,-0.209634225951415,0.200521224667306,"STK39"
"ENSG00000174951",14.4778350979602,-0.298398425514138,0.244013750723655,-1.22287545119567,0.221376741923942,0.308918514485493,-0.220241137350846,0.214581178261197,"FUT1"
"ENSG00000133835",8388.5458537999,0.118580438137077,0.0969818060772973,1.22270808240635,0.221439973164549,0.308974002404032,0.115409073963492,0.0943140939008338,"HSD17B4"
"ENSG00000001036",907.107652469417,-0.100866893952025,0.0825271496189543,-1.22222679951688,0.221621871976658,0.309162276588757,-0.0917277910401616,0.080523721630365,"FUCA2"
"ENSG00000171560",249051.126270714,-0.198483083420203,0.162388422357561,-1.22227361125022,0.221604174983464,0.309162276588757,-0.168603079234104,0.150782951855183,"FGA"
"ENSG00000169635",46.8772490148607,0.189880700333515,0.155405882311816,1.22183727867216,0.221769168081393,0.309334979018924,0.163960635033388,0.146667206401871,"HIC2"
"ENSG00000162777",378.340706207959,0.18334331697432,0.150070066482024,1.22171810323201,0.221814247914136,0.30936508347855,0.159726275767265,0.142430574700356,"DENND2D"
"ENSG00000165732",625.641324619496,0.212483370803836,0.173953290841625,1.22149670049813,0.221898014123329,0.30944913186609,0.177574030117947,0.16325217276968,"DDX21"
"ENSG00000198642",421.114488679195,-0.172510487583975,0.141251324803995,-1.22130173167124,0.221971798005522,0.309519243014267,-0.153812785545297,0.133362904504689,"KLHL9"
"ENSG00000138279",2219.49001935592,-0.113766336431998,0.0931627572483893,-1.22115682051655,0.222026649476454,0.309562942603727,-0.107654544420716,0.0904982941378307,"ANXA7"
"ENSG00000115289",132.770425434708,0.140619382473838,0.115229870961724,1.22033793234522,0.222336795774118,0.309962542689755,0.129087794538642,0.111092206891936,"PCGF1"
"ENSG00000156413",105.353269462867,0.298194130698304,0.244433162761903,1.21994138327608,0.222487096488143,0.310139239000835,0.216872825789073,0.221656475433925,"FUT6"
"ENSG00000003096",90.2445348123955,-0.278542287413286,0.22834617552168,-1.21982462275503,0.222531365121947,0.310168108532241,-0.210258185080217,0.202149623069254,"KLHL13"
"ENSG00000058091",406.443574353552,-0.182258425082272,0.149439835548287,-1.21961071767495,0.222612481542729,0.310215488144747,-0.15849426969323,0.14010688441827,"CDK14"
"ENSG00000168679",219.626776289682,0.328780150928076,0.269565999682069,1.21966476230625,0.222591984907248,0.310215488144747,0.225608477344861,0.241570379278745,"SLC16A4"
"ENSG00000221829",99.8301771096018,-0.221581558988904,0.181805510536018,-1.21878351396288,0.222926370363384,0.310620022457859,-0.182577627731452,0.166651883465534,"FANCG"
"ENSG00000035403",507.266982093594,0.146084653507118,0.119876914800432,1.21862206539363,0.222987670191467,0.310672557221254,0.136030412640248,0.115332840164335,"VCL"
"ENSG00000106443",374.317615754259,-0.0778367865472513,0.0639124043808814,-1.21786666142911,0.22327464707085,0.311037944483816,-0.0760294234819465,0.0630451467533688,"PHF14"
"ENSG00000169398",808.621215382474,-0.103380648485795,0.0848908045867168,-1.21780738195491,0.223297178433923,0.311037944483816,-0.0976176504190331,0.0828386693386298,"PTK2"
"ENSG00000102781",165.689932102893,-0.168569417781467,0.138464815549823,-1.2174169814339,0.223445605266514,0.311211767580549,-0.149164264272199,0.130831673326334,"KATNAL1"
"ENSG00000168702",23.7458865098633,0.681335277144761,0.559922657408665,1.21683819743605,0.223665783686335,0.311485477894467,0.212509785259621,0.380443430355263,"LRP1B"
"ENSG00000111653",434.80547240368,0.0997683468280797,0.0820156858446742,1.21645445990693,0.223811848916915,0.311655928380762,0.0992790750142057,0.0803270751171346,"ING4"
"ENSG00000100100",178.123146426855,0.254300635343749,0.209111679353289,1.21609962738673,0.223946972478454,0.311811108254159,0.198994589626503,0.192770082812971,"PIK3IP1"
"ENSG00000005448",17.6236778962189,-0.2782208500601,0.228819248484169,-1.21589792774513,0.224023807596564,0.311885106356811,-0.209896252382942,0.203846709714166,"WDR54"
"ENSG00000143493",303.670175191225,0.132116646137023,0.108690580172802,1.21552986401377,0.224164065741619,0.312047376776713,0.123174144031928,0.105157906434525,"INTS7"
"ENSG00000155850",59.6078038683848,-0.268883505841241,0.221225002702821,-1.21543000364403,0.224202130383641,0.312056762732203,-0.205893911306027,0.197171280174117,"SLC26A2"
"ENSG00000215018",25.0041211849743,-0.545809816588109,0.44908284263131,-1.21538781884885,0.224218211715528,0.312056762732203,-0.261948986339619,0.327422735719875,"COL28A1"
"ENSG00000156968",326.045475315996,-0.198096070435835,0.163041827619208,-1.21500153260363,0.224365506845789,0.312228756276468,-0.168179569896099,0.15136977430478,"MPV17L"
"ENSG00000171772",42.6057213556791,0.821059149570269,0.676288979911416,1.2140655458822,0.224722695503654,0.312692772035627,0.180673931683891,0.389751262041915,"SYCE1"
"ENSG00000169598",86.6848359351783,-0.274856903808276,0.22645442107448,-1.21374050682754,0.22484683100404,0.312832439712479,-0.208274442157503,0.201000217475071,"DFFB"
"ENSG00000133800",794.537901648045,-0.436345451150415,0.359531506282557,-1.21365010722451,0.224881364176217,0.312847426114125,-0.250638591681183,0.283962648090956,"LYVE1"
"ENSG00000065135",892.100552715344,-0.177309085665835,0.146228280739632,-1.2125498895904,0.225301957401757,0.313399426429111,-0.153879343524355,0.137268644453554,"GNAI3"
"ENSG00000170906",604.553240911006,-0.213963626937791,0.176513524008911,-1.21216562945619,0.225448985356613,0.313570815677706,-0.178431620836702,0.162303138038927,"NDUFA3"
"ENSG00000170017",1440.71667530335,-0.165442708600988,0.136495112769109,-1.21207789234803,0.225482565469113,0.313584393891026,-0.146677848673392,0.129043573387555,"ALCAM"
"ENSG00000173517",251.986555152111,0.155214237935009,0.128071009746377,1.21193889423051,0.225535772304089,0.313625261740139,0.14001206142092,0.122755373383716,"PEAK1"
"ENSG00000154240",30.4458342116299,-0.201859702327338,0.166569019180609,-1.21186822928017,0.225562825447988,0.313629756030015,-0.171437116904852,0.155037205723386,"CEP112"
"ENSG00000133805",52.5109664499747,-0.219369699507176,0.181031960785378,-1.21177331646565,0.225599165212509,0.313647160421108,-0.180844317736167,0.16638720839261,"AMPD3"
"ENSG00000172349",211.928567136553,-0.205793600215842,0.169844614371827,-1.21165808510899,0.225643290061029,0.313675383480467,-0.172783387107996,0.156898381288346,"IL16"
"ENSG00000168090",892.474998741653,-0.0903228211197349,0.07456125471166,-1.21139084191954,0.225745647598316,0.313784543526122,-0.0873428951165734,0.0731551783786575,"COPS6"
"ENSG00000012779",72.2973245802398,0.246713598502023,0.203725220243438,1.21101156846078,0.225890971047535,0.313953396475441,0.198460512134909,0.187983230292166,"ALOX5"
"ENSG00000183421",241.720304914571,-0.165679818119784,0.137039871001305,-1.20898988673308,0.226666730763988,0.314998329875308,-0.146367449967752,0.129458290841997,"RIPK4"
"ENSG00000143499",669.99740097709,0.1155281903069,0.095569602127951,1.20883824704249,0.226724994465712,0.315046045080271,0.109025992619785,0.0930831245213735,"SMYD2"
"ENSG00000108061",426.488086741713,-0.239609811132405,0.198246193532692,-1.20864772666059,0.226798212226432,0.315048033569657,-0.190133451711005,0.179150526724251,"SHOC2"
"ENSG00000151006",39.8501474696415,0.436110383536735,0.360808120435691,1.20870445767715,0.226776408502235,0.315048033569657,0.24033940531636,0.303986688705179,"PRSS53"
"ENSG00000197062",187.784909681328,0.139625119718482,0.115517366069543,1.208693761546,0.22678051928712,0.315048033569657,0.128253077733118,0.111308810538288,"ZSCAN26"
"ENSG00000110799",163.290702475767,0.483024745901644,0.399708167068308,1.20844352379494,0.226876706943436,0.31512382356971,0.238927865814372,0.327392577467207,"VWF"
"ENSG00000166946",480.731843643414,0.0972911530679725,0.0805299470529708,1.20813630988701,0.226994835165369,0.315254641327768,0.10796183613715,0.0786761634931408,"CCNDBP1"
"ENSG00000215114",590.032235833516,0.216307299893137,0.179187248899048,1.20715788217164,0.227371347128975,0.315744241778302,0.179871640801645,0.167619375013641,"UBXN2B"
"ENSG00000108559",726.321626252013,-0.106588816518149,0.0883176519585878,-1.20688009876132,0.227478322960739,0.315859481132788,-0.100932931847526,0.0860234034100968,"NUP88"
"ENSG00000109927",41.7486547445198,0.282430399342364,0.234088551814797,1.20651094277269,0.227620542355412,0.315999353388518,0.21008440070046,0.212298182897395,"TECTA"
"ENSG00000186910",4604.38622999639,0.193198783236786,0.160132398879822,1.206494029867,0.227627059664036,0.315999353388518,0.168791304912636,0.151211676920421,"SERPINA11"
"ENSG00000131944",16.8258663307263,0.218997006236619,0.181565130992072,1.20616224624199,0.227754937817652,0.316143543627539,0.180807793945219,0.16785187707967,"FAAP24"
"ENSG00000130669",156.082250918178,0.25075543493442,0.207984366692772,1.20564559212678,0.227954171844696,0.316386741145612,0.196482699002831,0.191765485776134,"PAK4"
"ENSG00000112079",602.117059691816,0.143304521670838,0.118876325545673,1.20549252353682,0.228013222544438,0.316414964443175,0.128771268559064,0.114481558490003,"STK38"
"ENSG00000159593",363.239706072751,-0.167056198019816,0.138585805553635,-1.20543512629194,0.228035368024921,0.316414964443175,-0.145382577773446,0.130729922122487,"NAE1"
"ENSG00000181704",923.683928360825,-0.15369340877325,0.127503437205674,-1.20540600427367,0.228046604709197,0.316414964443175,-0.13802083611771,0.121263447408078,"YIPF6"
"ENSG00000183160",12.0690514059966,0.483320164298905,0.401122865998603,1.20491800709409,0.228234956331655,0.316642933094053,0.24090170426133,0.323913638292029,"TMEM119"
"ENSG00000140382",582.449512990195,0.105566785587251,0.087670660895844,1.20412900403099,0.228539721159949,0.317032343145284,0.103960703699542,0.0857286803481901,"HMG20A"
"ENSG00000088808",232.872690923594,0.215005587014647,0.178567009807733,1.20406108186584,0.228565970704294,0.317035352959623,0.178207812382932,0.166995206621308,"PPP1R13B"
"ENSG00000094755",45.6340200761456,0.663998969747413,0.551624617273648,1.20371526026008,0.228699651967965,0.317187360982854,0.210392286850196,0.377559804668688,"GABRP"
"ENSG00000213626",237.37565509061,0.226281069110865,0.188027148892367,1.2034489191792,0.228802647073874,0.317296782323007,0.184317145706636,0.175046363323859,"LBH"
"ENSG00000153786",339.780443363257,0.157397358995884,0.130828505454465,1.20308153371565,0.228944770610206,0.317460437056764,0.141662093422271,0.125200708708165,"ZDHHC7"
"ENSG00000116678",2054.42993762694,-0.382095137672961,0.317655439595067,-1.20286036392148,0.229030360725619,0.317545674948768,-0.237798887158581,0.259779407086541,"LEPR"
"ENSG00000147364",723.2032017759,0.108967748658147,0.0906422497329406,1.20217391976919,0.229296151593462,0.317847244880978,0.103600957014193,0.0884717160273034,"FBXO25"
"ENSG00000171109",408.751729873783,0.135276968038434,0.112526609777535,1.20217758542514,0.229294731670422,0.317847244880978,0.124820350849604,0.108678243805717,"MFN1"
"ENSG00000185864",25.8709440779604,-0.461507322604976,0.384083493366848,-1.2015807254809,0.229526012894055,0.318132380857262,-0.25291631889277,0.297887637744116,"NPIPB4"
"ENSG00000158813",54.99024923722,-0.252993578139471,0.210691707664546,-1.20077615272015,0.229838044736765,0.318531336526763,-0.197556507764575,0.189128132225875,"EDA"
"ENSG00000135298",13.9814561324996,0.33020615108822,0.275042324928358,1.20056486278696,0.229920037836595,0.31861143228677,0.225181316713641,0.241904879680306,"ADGRB3"
"ENSG00000167613",101.629073110177,0.271016960800263,0.225790582330157,1.20030232440773,0.230021947372841,0.318719107462726,0.204913565517663,0.206018909289701,"LAIR1"
"ENSG00000167601",290.056215999169,0.32363911038954,0.26969419661522,1.2000225234779,0.230130593070996,0.318836092641559,0.223426787628233,0.241232355279048,"AXL"
"ENSG00000167110",724.636871753066,0.122762261573115,0.102430660155302,1.19849136368922,0.230725783165353,0.319627068724225,0.114604987867331,0.0994159000787915,"GOLGA2"
"ENSG00000125827",946.616569801625,-0.183964669710598,0.153515167542288,-1.19834849321923,0.230781375309602,0.319670445799708,-0.156545551468201,0.143257979334277,"TMX4"
"ENSG00000168826",49.618640623892,-0.159721636880375,0.133360527945371,-1.19766800072808,0.231046291513309,0.319996986693389,-0.142381079046094,0.126427364032503,"ZBTB49"
"ENSG00000198420",300.896829725638,-0.177367048017284,0.148099839155376,-1.19761810025467,0.231065726302145,0.319996986693389,-0.152497762814439,0.138773226276365,"TCAF1"
"ENSG00000187607",23.7678446111271,-0.172748741064615,0.144329025594814,-1.19690921734334,0.231341941120064,0.320345813713374,-0.151377261203305,0.136135192303293,"ZNF286A"
"ENSG00000140450",640.239795820556,-0.29319034618817,0.244996922749263,-1.19671032149342,0.231419482610723,0.320419487648836,-0.211532970807692,0.21304734251904,"ARRDC4"
"ENSG00000149742",1024.19957471405,0.16321553543957,0.136442189679589,1.19622483209082,0.231608832918563,0.320647938402292,0.145287924948649,0.130296058327337,"SLC22A9"
"ENSG00000174917",414.549844504027,0.206552461790743,0.172739864761516,1.19574287079539,0.231796915997783,0.320874586902199,0.173118955749689,0.162022751379669,"MICOS13"
"ENSG00000166261",141.062920683068,0.176469161295783,0.147589821584085,1.19567297664388,0.231824200856002,0.320878619477515,0.154269727557752,0.13995787452457,"ZNF202"
"ENSG00000184588",105.283070478926,-0.386659629971212,0.323472437141436,-1.19534026882837,0.231954112593917,0.321024686892832,-0.24003162625837,0.263845861199484,"PDE4B"
"ENSG00000101596",513.855270876805,-0.191289280715842,0.160157080298441,-1.19438541436562,0.232327239649164,0.321507298425573,-0.163103492438849,0.148882763053192,"SMCHD1"
"ENSG00000187866",300.09876068506,-0.16644886414624,0.139384803926071,-1.19416793981734,0.232412281379552,0.321591181990876,-0.145306427633817,0.13143172367885,"PABIR1"
"ENSG00000102218",191.945626600999,-0.204603651885249,0.171363668922133,-1.19397333852732,0.232488397425887,0.321662698666376,-0.171085467073286,0.158067739130093,"RP2"
"ENSG00000118271",134489.185837851,-0.18385762168981,0.154054053124174,-1.1934617620324,0.232688579031269,0.32190583498221,-0.158292141009321,0.143804948177212,"TTR"
"ENSG00000198646",332.549281015671,0.132016433602199,0.110659923257869,1.19299227503134,0.232872398458841,0.322093783662878,0.121725206659072,0.106957900808622,"NCOA6"
"ENSG00000203797",257.403619427523,-0.123333380350024,0.103381755381682,-1.19298980651548,0.232873365235222,0.322093783662878,-0.11449029630705,0.0998417959988238,"DDO"
"ENSG00000070476",467.805639636621,0.196270104224245,0.164592630203364,1.19245985668825,0.233080982170992,0.32234708101505,0.166820966521443,0.154955456672676,"ZXDC"
"ENSG00000163947",96.8648368491104,-0.214087773540894,0.179606446334965,-1.19198268163282,0.233268035973627,0.322571889678477,-0.176823941676052,0.164800401533458,"ARHGEF3"
"ENSG00000117152",19.8370027396544,-0.462789032663939,0.38835116393228,-1.19167669790901,0.233388038351077,0.322703939606205,-0.250889961632805,0.299607668565776,"RGS4"
"ENSG00000039139",14.200693369914,-0.63391733148386,0.532053001523255,-1.19145523034166,0.233474922019625,0.322756281321964,-0.253327641140221,0.352659076164999,"DNAH5"
"ENSG00000187801",9.69709814557951,0.33859997851755,0.284181332525788,1.19149268359076,0.233460227170733,0.322756281321964,0.226719630524093,0.24673650991364,"ZFP69B"
"ENSG00000159579",501.303198850611,-0.133764921847536,0.11229516600865,-1.19119038336193,0.233578853917624,0.322866056764246,-0.121632551224218,0.107807756616999,"RSPRY1"
"ENSG00000176022",175.84696489417,0.181908186756716,0.152726604688967,1.1910707183413,0.233625823912812,0.322897081423061,0.158501861954825,0.144523819432405,"B3GALT6"
"ENSG00000169016",95.6113752762666,-0.124897155919526,0.104879868499979,-1.19085919639145,0.233708865261291,0.322977948990254,-0.115621897721629,0.101088348532337,"E2F6"
"ENSG00000030419",53.7400549261126,-0.312825318062604,0.262740399509928,-1.19062511378568,0.233800788078129,0.323071072191084,-0.219333338895602,0.225854147270415,"IKZF2"
"ENSG00000120280",18.088132190671,-0.322274915159984,0.270740898111862,-1.19034441197292,0.233911051759949,0.323189516997743,-0.223177384559413,0.232779612932665,"TASL"
"ENSG00000114383",298.337707938981,-0.126815613920699,0.10662999524711,-1.18930525718218,0.234319567341975,0.323719981492597,-0.117403104936785,0.102821667014093,"TUSC2"
"ENSG00000107036",410.915556333231,0.195019770185599,0.164062971378158,1.18868851726503,0.234562260825369,0.324021270173834,0.165949324418674,0.154471574542478,"RIC1"
"ENSG00000197912",1310.0099160299,0.178106652383185,0.149898745031452,1.18817974323811,0.234762602598518,0.324263997672271,0.155225115285954,0.142184428565356,"SPG7"
"ENSG00000109762",196.389762022514,0.109775821210576,0.0924030928365927,1.18801024771655,0.234829372359203,0.324284696642588,0.106325029344717,0.0900695127731469,"SNX25"
"ENSG00000161929",108.02342602921,0.321769670423825,0.270835531519317,1.1880629864877,0.234808595412797,0.324284696642588,0.220331996181368,0.241311242102803,"SCIMP"
"ENSG00000164187",453.965060753628,-0.296366855244869,0.249476681297609,-1.18795413544612,0.234851479757487,0.324284696642588,-0.213318842277014,0.216281428647187,"LMBRD2"
"ENSG00000103044",27.3459172523981,0.275650675762804,0.232082822117065,1.1877254561467,0.234941591234816,0.324375103837834,0.204021599011831,0.209823494221851,"HAS3"
"ENSG00000000457",323.410701891147,-0.0939459320382006,0.0791452554725226,-1.18700649176395,0.23522505987415,0.324698378937204,-0.0824186094893749,0.0772547107295923,"SCYL3"
"ENSG00000103248",147.771390814443,0.160058286111263,0.13484071105316,1.18701751764095,0.235220710835318,0.324698378937204,0.142796941645264,0.128710109218513,"MTHFSD"
"ENSG00000088881",70.5245254413611,-0.294639937792294,0.248245078344905,-1.18689135654456,0.235270477126099,0.324727026086824,-0.213479772360739,0.216100298470359,"EBF4"
"ENSG00000101557",664.729042947091,-0.134577586204909,0.113402793394422,-1.18672196845134,0.235337306727194,0.324785218068158,-0.123539470875759,0.108828528592251,"USP14"
"ENSG00000173451",59.6070319852606,-0.257271951603064,0.21686606478526,-1.1863172408178,0.235497040513691,0.324971599979379,-0.198461234974381,0.19355865945994,"THAP2"
"ENSG00000080618",18512.0247370168,-0.149939015409934,0.126491563773661,-1.18536771099003,0.235872092414193,0.325455037594348,-0.131682921799392,0.120179777162191,"CPB2"
"ENSG00000164220",44.2242393380987,-0.387698309103499,0.327150992224415,-1.1850745323051,0.235987979505293,0.325580817160924,-0.240275615562234,0.266591071891398,"F2RL2"
"ENSG00000172543",62.1117818197468,0.291770308871077,0.246376003644534,1.18424807836414,0.236314875363111,0.325997658113026,0.211264508135437,0.221836915938847,"CTSW"
"ENSG00000099899",417.55165538836,0.209768870661338,0.177252495655364,1.18344664139001,0.236632181711659,0.326401184328517,0.17515265182449,0.165798060894871,"TRMT2A"
"ENSG00000128918",186.73835773081,0.239529473744941,0.202561810610278,1.18250065510022,0.237007105739174,0.326884093249735,0.189605053590158,0.186919193602372,"ALDH1A2"
"ENSG00000061656",26.3422601283473,0.28774697368439,0.243444340258376,1.1819825976607,0.23721260596718,0.327133253395192,0.209334194818768,0.218947999388295,"SPAG4"
"ENSG00000198464",171.89168206074,0.146076889076168,0.123623111554411,1.18163090412001,0.237352185591839,0.327291461615223,0.132679321481426,0.118716461194315,"ZNF480"
"ENSG00000105879",213.912818644594,-0.175420819712204,0.148504345320655,-1.18125041616412,0.237503258439671,0.327465483361264,-0.152007927622363,0.139190916705521,"CBLL1"
"ENSG00000163510",227.87396299442,-0.124198233724176,0.105156463586291,-1.18108035862445,0.237570801792784,0.327524311665319,-0.105170469260617,0.101144563581469,"CWC22"
"ENSG00000112964",8449.3550991633,0.259277564990434,0.219570484475458,1.18083979096659,0.237666373485108,0.327621764559201,0.198846772782689,0.201116694724338,"GHR"
"ENSG00000140575",624.139515997482,0.275831159114255,0.233835410909451,1.1795953317826,0.238161200507002,0.328269510665325,0.204834438318172,0.212560462017895,"IQGAP1"
"ENSG00000185101",17.1442330706564,0.503676612390905,0.427078800337477,1.17935287818759,0.238257690509068,0.328368130769642,0.231401884157864,0.335490273329258,"ANO9"
"ENSG00000150594",12.2572658166414,0.571169066277353,0.484673984100599,1.17846033625523,0.2386131359484,0.32882358675912,0.221731613318859,0.356551520563028,"ADRA2A"
"ENSG00000120697",632.456282018462,-0.125388430098222,0.106413626105093,-1.17831178851465,0.238672329829907,0.328870737262225,-0.105424225618314,0.102209560162313,"ALG5"
"ENSG00000088992",21.9683047386677,0.419225246097644,0.355939913368824,1.17779779775145,0.2388772268268,0.329118623733952,0.232120273313732,0.297830618011363,"TESC"
"ENSG00000188234",39.40490649693,-0.331758621982331,0.281775377240389,-1.17738684349023,0.239041138668882,0.329309995993983,-0.224814948970053,0.238485946543266,"AGAP4"
"ENSG00000170955",42.3440422321143,0.397835170810238,0.337935939430497,1.17725025482843,0.239095635529971,0.329320034246568,0.231499123832992,0.287565322230215,"CAVIN3"
"ENSG00000254415",21.7510474317393,0.47848863194548,0.406448414846988,1.17724319856337,0.239098451113698,0.329320034246568,0.23258604187329,0.32589482892937,"SIGLEC14"
"ENSG00000140350",1271.9749545912,-0.0667508477554015,0.0567234735259554,-1.17677644908078,0.239284744963001,0.329542149809924,-0.0636754461120093,0.056056431503837,"ANP32A"
"ENSG00000109689",285.447818411375,-0.11355254620371,0.0965444396316628,-1.1761686808369,0.239527477080151,0.329841937374466,-0.106282337850062,0.0935773504282712,"STIM2"
"ENSG00000164081",843.773944309885,0.116537397525424,0.0991015093697149,1.17593968312492,0.239618979822316,0.329933433208598,0.110303453900263,0.0963743224825701,"TEX264"
"ENSG00000089157",14085.2508766474,-0.124636153048827,0.106010413216675,-1.17569726658911,0.239715871300859,0.330019899923163,-0.113788111605343,0.102022786682295,"RPLP0"
"ENSG00000197905",18.214704955345,0.270444222027679,0.23003664197483,1.17565714620921,0.239731909681386,0.330019899923163,0.203101626546945,0.207067732784409,"TEAD4"
"ENSG00000196850",480.633312414004,-0.181654421892922,0.154552919514109,-1.17535419236347,0.23985304185934,0.330152132683751,-0.155316197310363,0.144132770931992,"PPTC7"
"ENSG00000114439",372.756880293926,0.213149755767042,0.181435689483044,1.17479508234769,0.240076708048327,0.330390920681957,0.176098625940465,0.169242574453731,"BBX"
"ENSG00000164879",32.0554914820025,-0.465687261470226,0.396395530792706,-1.17480452047214,0.240072931204704,0.330390920681957,-0.0738817610477124,0.272101855544905,"CA3"
"ENSG00000118690",16.0427046623942,-0.200780688828533,0.170916695529707,-1.17472835644447,0.240103410872401,0.330393134149878,-0.168082919668513,0.159361215126264,"ARMC2"
"ENSG00000115009",16.6154633956246,0.710746233032759,0.605133251357583,1.17452847193282,0.240183414537737,0.330468683854514,0.194287259894502,0.38111291108675,"CCL20"
"ENSG00000166200",778.231236102108,-0.23170018901898,0.197282051346647,-1.17446157639479,0.240210193635132,0.330470993667727,-0.184484188187533,0.178193087993435,"COPS2"
"ENSG00000053254",1200.20133074995,-0.13251608392645,0.112892790775284,-1.17382237622441,0.240466179345624,0.330780977603476,-0.115032096468614,0.108063254189457,"FOXN3"
"ENSG00000152939",512.412554812788,0.12296813070185,0.104763082860299,1.1737735025021,0.240485760110927,0.330780977603476,0.114617826182892,0.101549720067204,"MARVELD2"
"ENSG00000007341",149.672727757757,-0.117868852775998,0.100457737444344,-1.17331781278969,0.240668381677229,0.330997588338285,-0.109022878963333,0.0972507569918209,"ST7L"
"ENSG00000164815",263.533132016818,0.155554036558203,0.132587974735257,1.17321376141994,0.240710094853681,0.331020379031081,0.140446369160251,0.12670648503914,"ORC5"
"ENSG00000179630",169.17744461516,0.241548913140125,0.20597597842175,1.17270428809682,0.240914411240235,0.331266750745581,0.18995882557905,0.189588146694375,"LACC1"
"ENSG00000269964",25.003575424858,-0.430887185392199,0.367546942580443,-1.17233238934614,0.241063632573788,0.331437321059576,-0.243315004018921,0.287998036901402,"MEI4"
"ENSG00000137601",180.437702277216,-0.138787154839889,0.118413904263798,-1.17205116833834,0.241176513411662,0.331557896583267,-0.126372541884425,0.113335204123592,"NEK1"
"ENSG00000113638",148.033527603052,-0.251071884261201,0.214310928838114,-1.17153094162013,0.241385428151719,0.331810455945451,-0.192241940135258,0.190947288824903,"TTC33"
"ENSG00000108641",75.5663936844198,0.175841949581538,0.15012123544239,1.17133295008766,0.24146497184809,0.331857205883923,0.152992547403896,0.141992806689823,"B9D1"
"ENSG00000137494",71.5705918646012,-0.118369758955522,0.101056651397954,-1.17132081182257,0.241469849032963,0.331857205883923,-0.111298835346158,0.0979837550017709,"ANKRD42"
"ENSG00000176531",143.077739999368,0.258415694866215,0.220650156503827,1.17115572887315,0.241536186654226,0.331879089280895,0.197074868773515,0.201627232892895,"PHLDB3"
"ENSG00000203879",569.197133184192,0.159433294800614,0.13612968034841,1.17118687410828,0.241523670141297,0.331879089280895,0.141900138721309,0.129920780313242,"GDI1"
"ENSG00000184925",103.814911222307,0.411494868123429,0.351525029032654,1.17059905878055,0.241759975843087,0.332151919226764,0.230713818001578,0.296550247231709,"LCN12"
"ENSG00000197044",145.234886606425,0.188418115947719,0.160976108156983,1.17047255089541,0.241810854130122,0.33218715624762,0.161038371149829,0.151479389458927,"ZNF441"
"ENSG00000109846",53.5649787828384,-0.334087990749223,0.285465882947412,-1.17032545991063,0.241870019894559,0.332233769632944,-0.22384238173029,0.240409212221247,"CRYAB"
"ENSG00000135776",446.343386812933,-0.205780782645545,0.175893417420096,-1.16991747425128,0.24203418104191,0.332424580387836,-0.1673400217017,0.161320786907786,"ABCB10"
"ENSG00000164266",16.8650840954897,-0.729861498857147,0.624043512010726,-1.16956828299595,0.242174747337164,0.332548260684304,-3.7301936519017,0.593946381154061,"SPINK1"
"ENSG00000189320",60.8730809277838,-0.202069824344318,0.172765554268086,-1.16961870785168,0.242154445357577,0.332548260684304,-0.168811329916986,0.159199035767152,"FAM180A"
"ENSG00000075089",266.562434624819,-0.23406824000543,0.200245108393706,-1.16890865341501,0.242440436693419,0.332878380384353,-0.184290737300848,0.18036173008089,"ACTR6"
"ENSG00000100385",181.468888848823,0.26438096203768,0.226190362450474,1.16884273570925,0.242466998664504,0.332880136018442,0.199743903181786,0.206109432223757,"IL2RB"
"ENSG00000221944",43.3026316489246,-0.239802568389647,0.205184347000364,-1.16871765266393,0.242517407322991,0.332914626714055,-0.188538621797794,0.184548514199329,"TIGD1"
"ENSG00000105048",5.73723207635204,1.23329950495902,1.05544114599441,1.16851565777933,0.242598827130418,0.332991676188394,0.162946633239361,0.4176587082774,"TNNT1"
"ENSG00000052126",367.93098881863,-0.136777658129416,0.117085505006933,-1.16818608863084,0.242731710650854,0.33309451500236,-0.125894751994414,0.112102936165469,"PLEKHA5"
"ENSG00000115183",205.2887362945,-0.173280225753093,0.148335996100263,-1.16816032728813,0.242742099877288,0.33309451500236,-0.150567459159416,0.139019118709497,"TANC1"
"ENSG00000155876",764.061857428538,-0.0816991187753862,0.0699393960998344,-1.16814161018442,0.242749648446578,0.33309451500236,-0.0769245883530087,0.0687290331384957,"RRAGA"
"ENSG00000125863",998.762833919456,0.115580324112834,0.0989537322829299,1.16802389810184,0.24279712526943,0.333124942819645,0.108841237635605,0.0961744734769018,"MKKS"
"ENSG00000141497",41.7559361091032,0.253094794509631,0.216718117090275,1.16785249847941,0.242866267564852,0.333185086877029,0.194844268128827,0.19737516413423,"ZMYND15"
"ENSG00000184792",11.3085996004865,0.318345126531835,0.272654000885381,1.16757914975787,0.242976564581013,0.333301672147699,0.218486095308225,0.237703875866279,"OSBP2"
"ENSG00000175787",20.4457772353505,0.213237954785781,0.182734394044641,1.16692840393084,0.24323928412625,0.333627296052318,0.175295895662616,0.168910913383317,"ZNF169"
"ENSG00000112541",21.7938549398352,-0.275878386154222,0.236473919802555,-1.16663345532805,0.243358426702193,0.333755942287612,-0.204610739537179,0.208137608410086,"PDE10A"
"ENSG00000183091",87.4858159093848,0.44484709599917,0.381340311509669,1.16653572300837,0.243397914083302,0.333775329322024,0.23042381526768,0.313578898066009,"NEB"
"ENSG00000215440",40.0084193672056,0.399619425658761,0.342763512820932,1.16587504419565,0.243664970241371,0.334106748406362,0.229412376737995,0.289791155700439,"NPEPL1"
"ENSG00000171160",26.8232234575877,-0.202386815984482,0.173607068549794,-1.16577520532486,0.243705344488367,0.33412731079182,-0.169071837806884,0.160561456746335,"MORN4"
"ENSG00000173578",13.4248822664319,0.3710329137995,0.318328207868592,1.16556718703567,0.243789480946626,0.334207861947446,0.228294846455323,0.270984938612498,"XCR1"
"ENSG00000011021",271.722036076259,0.191837918220706,0.164605899080703,1.16543768657193,0.243841869867991,0.334244878571783,0.162899004497419,0.154764447772496,"CLCN6"
"ENSG00000137070",324.757305927125,0.270684689418657,0.232506494641356,1.16420270253608,0.244341875293685,0.334895391434172,0.201384929885011,0.211102755891821,"IL11RA"
"ENSG00000182141",43.4007012340515,-0.214228562849981,0.184037625380121,-1.16404763649554,0.244404707390378,0.334946640730896,-0.175647278882101,0.168316470083998,"ZNF708"
"ENSG00000197935",36.8718571292698,-0.246516194978905,0.211803139622349,-1.16389301602635,0.244467370237106,0.33499764743357,-0.192026542960109,0.190009622027684,"ZNF311"
"ENSG00000141858",178.091387619895,-0.257184037963159,0.221059033358332,-1.16341790722603,0.244659987565289,0.335209902414885,-0.195221899285436,0.19591665122389,"SAMD1"
"ENSG00000165209",233.298975154195,-0.106324282179757,0.091392143656107,-1.16338536253003,0.244673185645378,0.335209902414885,-0.096032859205571,0.0888408643582278,"STRBP"
"ENSG00000115641",96.2439636500036,-0.356891028635286,0.306886239703808,-1.1629424277209,0.244852861806966,0.335421161018679,-0.229300863587955,0.253135851134469,"FHL2"
"ENSG00000170476",38.5010760510335,-0.44661692752825,0.384097577033898,-1.16276944774592,0.244923056135533,0.335482413345862,-0.245780313881621,0.296167816062995,"MZB1"
"ENSG00000163961",193.691650826539,-0.173656482561216,0.149363763656838,-1.16264131479835,0.244975060888808,0.335518740420477,-0.150666094232593,0.139882002249192,"RNF168"
"ENSG00000156304",345.495705212077,0.139132952242504,0.119703530653106,1.16231285312464,0.245108407564896,0.335666454545394,0.131421342311645,0.115069854892513,"SCAF4"
"ENSG00000101846",376.447937661967,0.244657896128379,0.210575826313173,1.16185176813467,0.245295681677833,0.335887981796188,0.190601084903583,0.193369801583474,"STS"
"ENSG00000091583",178075.27094751,0.125885446853515,0.108357720559134,1.16175798276243,0.24533378579204,0.335905222934484,0.116809514206853,0.104864233593447,"APOH"
"ENSG00000204583",95.2989410612722,0.395150175168888,0.340234793798063,1.16140436654876,0.245477494073177,0.336067036182536,0.227885465994589,0.288815789200821,"LRCOL1"
"ENSG00000143337",813.608426073744,-0.18106104037855,0.156019513143328,-1.16050253414275,0.245844262589142,0.336534161078046,-0.153851139368837,0.14525820171742,"TOR1AIP1"
"ENSG00000159459",326.397408509489,0.197555097985585,0.170247805989713,1.16039732105284,0.245887076983023,0.336557776853984,0.166080037319871,0.159602894742225,"UBR1"
"ENSG00000131725",279.896518990351,-0.188132223927953,0.162139588371224,-1.16031023525987,0.245922518784672,0.336571297538357,-0.159726491242777,0.15043654762906,"WDR44"
"ENSG00000145416",78.0966480595962,-0.387320135372547,0.333941258614092,-1.15984510862774,0.246111874671524,0.33679544142244,-0.234836552353479,0.268694570330723,"MARCHF1"
"ENSG00000137269",21.6403992216399,0.466901191805485,0.402668065999713,1.15951879781253,0.246244778780177,0.336942294473063,0.228872975600867,0.322759870438255,"LRRC1"
"ENSG00000163684",378.535002878901,-0.0903820893853348,0.0780139904529863,-1.15853693498478,0.246644988006272,0.337454838625229,-0.0866062245690875,0.0763880611610089,"RPP14"
"ENSG00000166922",210.323533974616,-0.256578788211736,0.221520400193469,-1.1582625707955,0.246756900810732,0.337572875735048,-0.195710711091073,0.196336517749119,"SCG5"
"ENSG00000128594",39.3784702250466,0.350382237524075,0.302549828320281,1.15809762467675,0.246824199243284,0.337626450576276,0.222441276115842,0.26268244353903,"LRRC4"
"ENSG00000154269",147.541793865452,-0.262989467602825,0.227098602430866,-1.15804088967428,0.246847350239042,0.337626450576276,-0.197800217588884,0.200357001451522,"ENPP3"
"ENSG00000067365",153.145230667933,0.141103927399336,0.121863573173886,1.15788437614574,0.246911224237499,0.337678734632898,0.128262184762585,0.117087556567681,"METTL22"
"ENSG00000106804",16912.6875342647,0.191297506795684,0.16523960814611,1.15769765458735,0.246987441436422,0.337747886783541,0.168618054745752,0.155271116748856,"C5"
"ENSG00000134285",223.670975448628,0.148153672951609,0.127996511033051,1.15748212006617,0.247075440182228,0.3377980524859,0.147196753886099,0.122361408521128,"FKBP11"
"ENSG00000176894",258.015821805927,-0.171590030038145,0.148244019104996,-1.15748366156084,0.247074810740605,0.3377980524859,-0.149680225125809,0.139015227738507,"PXMP2"
"ENSG00000145348",315.159115772551,0.127715006909296,0.110371839230622,1.15713399178242,0.247217620873758,0.337957345698671,0.11857550375522,0.106681064086911,"TBCK"
"ENSG00000131238",726.363960936221,0.1857621302842,0.160643467566162,1.15636280203982,0.247532790084477,0.338353064187316,0.158845034429982,0.151366255462951,"PPT1"
"ENSG00000104490",326.062803750925,-0.128397554048316,0.111057298354445,-1.15613792115246,0.247624747175953,0.338417441433107,-0.117845440895423,0.106716742327824,"NCALD"
"ENSG00000170113",284.924557326453,0.148269124475929,0.12824696351118,1.15612191054335,0.247631295060501,0.338417441433107,0.133386148488286,0.122788764584822,"NIPA1"
"ENSG00000221843",46.9329447329663,-0.367895500886437,0.318310781969933,-1.15577455029842,0.247773385379488,0.338576480737555,-0.231153425357172,0.260392807533728,"SPATA31H1"
"ENSG00000112029",49.75137962517,-0.167587624327523,0.145016248076037,-1.15564722264536,0.247825484003112,0.338612528267431,-0.146383379281683,0.136357114402992,"FBXO5"
"ENSG00000197016",135.279560610917,-0.161593002243312,0.139865633657183,-1.15534458335479,0.247949345613101,0.338746610391417,-0.142742959657403,0.131953231138557,"ZNF470"
"ENSG00000180398",3293.33512913176,0.196093821837961,0.16978577337794,1.15494848559225,0.248111522550824,0.338933005385366,0.165284062648262,0.159247341345782,"MCFD2"
"ENSG00000172794",272.620754426467,0.141192636157989,0.12227497909121,1.15471404867441,0.248207544573209,0.339029000088273,0.12838433929803,0.117460105598048,"RAB37"
"ENSG00000096060",1850.08212262068,-0.380376249168326,0.329633937461362,-1.15393533838703,0.248526679818754,0.339429695694369,-0.229680285961126,0.26495740807253,"FKBP5"
"ENSG00000138792",1512.24888927239,-0.202432200266591,0.175468413899742,-1.15366746508723,0.248636527415151,0.339544499527837,-0.16846142817517,0.161084157984604,"ENPEP"
"ENSG00000171566",743.681337056835,-0.0883707393266698,0.0766348043525403,-1.15314105742531,0.248852491882569,0.339804180473543,-0.0843409658524704,0.0750848031323093,"PLRG1"
"ENSG00000119335",1956.86400063473,-0.0983841837240865,0.0853343218052016,-1.1529262979165,0.248940636968043,0.339889290295681,-0.0934640223570552,0.083241767803588,"SET"
"ENSG00000041353",50.4767532551723,-0.368932381763264,0.320191473835564,-1.15222425301909,0.249228933948132,0.340247630066477,-0.229963488625017,0.260918561562414,"RAB27B"
"ENSG00000120910",152.388635694582,-0.092564872258322,0.0804024862573863,-1.15126877994794,0.249621676856629,0.340748470450428,-0.0885551042377627,0.0785878344549301,"PPP3CC"
"ENSG00000103037",217.7285409921,0.108187407955201,0.0940183506730885,1.1507052312732,0.24985352365859,0.341029596982065,0.104609581538316,0.091486329793294,"SETD6"
"ENSG00000167702",133.469970629806,0.434992304765227,0.378043402225992,1.15064117560023,0.249879886007964,0.341030224855484,0.227935181087583,0.311084366958405,"KIFC2"
"ENSG00000141956",81.3248371743857,0.168825713473725,0.146731813245796,1.15057334697363,0.249907803248536,0.341032974457942,0.147696995137246,0.138888247474146,"PRDM15"
"ENSG00000141431",27.0280495105591,-0.319986023418599,0.278304842426548,-1.14976807671987,0.250239406842986,0.341450101616204,-0.217668897780264,0.235913806782759,"ASXL3"
"ENSG00000196812",61.1810953538647,-0.14639184438516,0.127350487182398,-1.14951931181457,0.250341908260858,0.341554566234451,-0.132033945313524,0.121254257760975,"ZSCAN16"
"ENSG00000107929",445.180891838133,0.0695487657057724,0.0605208194255863,1.14917091945998,0.250485509581312,0.341715078141909,0.0678351950179046,0.0597645307017896,"LARP4B"
"ENSG00000164124",49.4298376599653,0.279299203530622,0.243060313645078,1.14909422826822,0.250517128090183,0.341722804437976,0.201566122748204,0.218327960033814,"TMEM144"
"ENSG00000141447",223.960044534687,-0.195492855724384,0.17015716058719,-1.14889585045827,0.250598928903902,0.341798974199604,-0.163520567310932,0.156876420631759,"OSBPL1A"
"ENSG00000134318",555.094847461774,-0.120552746151363,0.104972217290547,-1.14842526206426,0.250793049952715,0.342028309061264,-0.111524583084006,0.101247770990886,"ROCK2"
"ENSG00000188641",1680.2899771381,-0.229620480187553,0.199960861757523,-1.14832711846379,0.250833548108111,0.342048109206773,-0.18258845676622,0.180096713426778,"DPYD"
"ENSG00000115604",160.0145341779,-0.121429952355029,0.105759347030762,-1.14817229648467,0.250897443413297,0.342053996227929,-0.112367828358619,0.1019780464494,"IL18R1"
"ENSG00000123810",22.3705463927048,0.208861927281294,0.18190475147648,1.14819390689913,0.250888524074845,0.342053996227929,0.17176918181065,0.168375155529495,"B9D2"
"ENSG00000144026",126.976400571566,-0.212554023530534,0.185130977441281,-1.14812780912341,0.250915805527065,0.342053996227929,-0.173566590156706,0.168833475496921,"ZNF514"
"ENSG00000168546",33.3284594326916,0.345966178816618,0.301476317343817,1.14757332139646,0.251144748481293,0.34233065105132,0.22031483759778,0.261132909489458,"GFRA2"
"ENSG00000206549",12.3648548123702,-0.571933599923235,0.498576729810639,-1.1471325589954,0.25132683923734,0.342543391863232,-0.241611052579056,0.339269751325755,NA
"ENSG00000083099",433.994384676325,0.107843844147134,0.0940485341475811,1.14668288160563,0.251512707917665,0.342725761999998,0.101991497558159,0.0916166676592683,"LYRM2"
"ENSG00000133985",67.4906173345736,0.372594613409571,0.324931766321315,1.14668571075049,0.251511538225382,0.342725761999998,0.223202101254089,0.277798928014089,"TTC9"
"ENSG00000102931",513.61719559615,0.116299020074839,0.101460863845283,1.14624512020894,0.251693743355763,0.342936957986337,0.108150747043453,0.0984692888816671,"ARL2BP"
"ENSG00000010278",367.510728787263,-0.190815300674208,0.166520141681178,-1.14589922124584,0.251836853511983,0.343060942921756,-0.160886744795433,0.153955507136572,"CD9"
"ENSG00000112299",5392.9370995799,-0.231807082229006,0.202289696451151,-1.14591640748733,0.251829741640421,0.343060942921756,-0.175275732052195,0.180950693657764,"VNN1"
"ENSG00000021574",216.115357742736,-0.252031304982359,0.220030196068796,-1.14543962367582,0.252027092420611,0.343284574675125,-0.192526912338852,0.195027862173268,"SPAST"
"ENSG00000160318",14.7659743423513,-0.381020964881364,0.332707169096055,-1.14521417111803,0.252120449485342,0.343376211640014,-0.230973267932055,0.268991085882854,"CLDND2"
"ENSG00000182952",197.25071376225,-0.127306270558605,0.111235729916305,-1.14447282949814,0.25242759968539,0.343758975740364,-0.11712137630048,0.106910478112509,"HMGN4"
"ENSG00000064393",1232.14644178563,0.176027034672335,0.153836487242869,1.144247621791,0.252520958622605,0.343779437620228,0.152300491827709,0.145420280425611,"HIPK2"
"ENSG00000122140",727.947244580411,0.113738735050954,0.0993906206768027,1.14436084890554,0.252474017776253,0.343779437620228,0.107042415882011,0.0965796043550797,"MRPS2"
"ENSG00000235750",264.246329228334,-0.170136819837049,0.148684089480185,-1.14428396765158,0.252505889966023,0.343779437620228,-0.14592225125777,0.139087710307062,"KIAA0040"
"ENSG00000188026",40.1112714096234,0.21836623086019,0.190853484546523,1.14415637408475,0.252558791836701,0.343795394264061,0.17655965968643,0.176198581326813,"RILPL1"
"ENSG00000111110",248.410239967551,0.125485208779268,0.109696051408166,1.14393551243109,0.252650382065347,0.343884516724115,0.116071872284537,0.105962437015453,"PPM1H"
"ENSG00000134987",560.771183699149,-0.179501835567691,0.156939764255436,-1.14376261758322,0.252722096847991,0.343911020888956,-0.154784636539802,0.146112268152917,"WDR36"
"ENSG00000169629",52.6823215350211,-0.292961309848924,0.256127463159143,-1.14381060990283,0.252702188767014,0.343911020888956,-0.208450798786662,0.220794073620896,"RGPD8"
"ENSG00000103490",61.2186010034801,-0.259569813446047,0.227017671447738,-1.14339034397947,0.252876559779697,0.344050096730339,-0.195299313526591,0.200263658041005,"PYCARD"
"ENSG00000197747",849.211719310569,-0.183506954846627,0.160489089422844,-1.14342324145872,0.252862907382336,0.344050096730339,-0.153162236722656,0.148724160767875,"S100A10"
"ENSG00000116106",34.7707846070507,0.347604116406157,0.304103130130098,1.14304682183787,0.253019151558346,0.344137412129874,0.219706296793388,0.262639265874344,"EPHA4"
"ENSG00000166439",250.686533765919,-0.108401211636432,0.0948341861576407,-1.14306049356757,0.253013475522979,0.344137412129874,-0.100976633391188,0.092052924229445,"RNF169"
"ENSG00000213347",41.6253334617686,0.425548367959372,0.372270884123638,1.1431148287655,0.252990918280784,0.344137412129874,0.224203498453143,0.305947166628295,"MXD3"
"ENSG00000144134",52.8937861416937,-0.249001763658233,0.217871164987555,-1.14288535461981,0.253086193944342,0.344193040953539,-0.190657247075173,0.193821673212218,"RABL2B"
"ENSG00000139278",130.894839016818,-0.254185528655571,0.222538939212508,-1.14220697535024,0.253367997244344,0.344510445384202,-0.193164458488745,0.196897804085878,"GLIPR1"
"ENSG00000154229",615.281102188469,0.12410668685193,0.108656061529473,1.14219754613751,0.2533719157417,0.344510445384202,0.115363394000798,0.105109129877769,"PRKCA"
"ENSG00000187097",7393.76479435958,0.171271558575675,0.14999960409411,1.14181340417551,0.253531589476137,0.34469195653065,0.155780780132569,0.142051258176404,"ENTPD5"
"ENSG00000134644",894.176142286963,-0.131131225709225,0.114890322531144,-1.14136006253859,0.253720117096204,0.344912654794901,-0.117341880286994,0.109996192056299,"PUM1"
"ENSG00000011260",277.777412110469,-0.0962892619222348,0.0843735468592296,-1.14122572188278,0.253776003028841,0.344953010105071,-0.0914278470377538,0.0823842786223457,"UTP18"
"ENSG00000164344",6581.03204753683,-0.107956796361685,0.0946570270856201,-1.14050482764513,0.254076042580375,0.34532519630569,-0.100541458596734,0.09181883130615,"KLKB1"
"ENSG00000151136",44.959433250283,0.302454379531839,0.265241177377129,1.14029949091124,0.254161549845222,0.345378547447371,0.209157903008532,0.235031001753493,"ABTB3"
"ENSG00000165197",18.1468598305431,-0.404278879508433,0.354542092260244,-1.14028457645497,0.254167761371531,0.345378547447371,-0.233384442762281,0.28029528050068,"VEGFD"
"ENSG00000128059",146.014076322513,0.170072914727282,0.149167119009307,1.14015016081842,0.25422374714361,0.345418973673145,0.148611256265616,0.141140693233334,"PPAT"
"ENSG00000126456",447.394878716573,0.236392260710025,0.207389745992136,1.13984546139995,0.254350689985502,0.345555792420712,0.185026109963281,0.190507537552204,"IRF3"
"ENSG00000092964",727.762320563837,0.222837800731683,0.195519136003219,1.13972373900023,0.254401413886524,0.345589044080683,0.178518821505955,0.180747950408231,"DPYSL2"
"ENSG00000145016",138.842833278972,-0.137114935953699,0.120333038884209,-1.13946208975606,0.254510471628738,0.345701523724746,-0.124581035979825,0.114944640689216,"RUBCN"
"ENSG00000162419",79.8687588495146,-0.15141927210795,0.132975535606202,-1.13870022344838,0.254828209521065,0.346076161204844,-0.135781681311435,0.126133373503239,"GMEB1"
"ENSG00000198780",60.1301816173566,0.384751381184808,0.337894026388713,1.13867470608134,0.254838856363433,0.346076161204844,0.222568249246332,0.285677862964956,"FAM169A"
"ENSG00000142453",276.962978994336,0.18194299532747,0.15994474669732,1.13753654986731,0.255314054254013,0.346685730023549,0.155637599940327,0.150643001571303,"CARM1"
"ENSG00000110244",518.94712554983,0.527470074107351,0.464402603739177,1.13580343835366,0.256038837747774,0.347634045352912,1.11437175641725,0.587257146159061,"APOA4"
"ENSG00000111846",310.067185328347,-0.171952626762212,0.15160706054049,-1.13419933180677,0.256710944253183,0.348459266365442,-0.148760526194199,0.141676897475649,"GCNT2"
"ENSG00000170846",184.524632660438,-0.157661152653986,0.139010972738409,-1.13416336529544,0.256726027931398,0.348459266365442,-0.138232494346491,0.131107892961828,"MRFAP1L2"
"ENSG00000180353",468.17939258931,-0.184843988970643,0.162963945093752,-1.13426309644323,0.256684204076661,0.348459266365442,-0.156682979172313,0.150969631014715,"HCLS1"
"ENSG00000134324",679.420635051531,-0.187545566371164,0.165468459966544,-1.1334218400841,0.257037146777937,0.34884559060698,-0.157212140068406,0.152881970831989,"LPIN1"
"ENSG00000153832",33.801736804912,0.179687897039627,0.158642587567192,1.13265863722452,0.257357634007432,0.349244548478855,0.153967234623484,0.149030383778441,"FBXO36"
"ENSG00000065621",80.1103182185481,0.285008003622875,0.25171077194208,1.13228369776903,0.25751518162358,0.349422331367211,0.202948782204529,0.224941827748599,"GSTO2"
"ENSG00000187474",202.905139081596,0.327692973422715,0.289481267273193,1.13200061789649,0.25763417464031,0.349547768272292,0.214260068770754,0.25334403646185,"FPR3"
"ENSG00000183010",50.143768775444,0.276850593972628,0.244607973726711,1.13181344726701,0.257712873017931,0.349618514802069,0.200646453011718,0.219225156524459,"PYCR1"
"ENSG00000152332",1519.35660859013,-0.289798362727579,0.256080012782936,-1.1316711506619,0.257772714672283,0.349663667976023,-0.201162831108541,0.219151729860315,"UHMK1"
"ENSG00000064989",211.834982430503,-0.323241365905912,0.28568859605545,-1.13144651333291,0.257867203649397,0.34975580542371,-0.214280490676834,0.238794142265853,"CALCRL"
"ENSG00000142046",21.8496833674025,-0.39427953315415,0.348555354806578,-1.13118197071724,0.257978508745824,0.349870729928669,-0.230351073583771,0.276404684270583,"TMEM91"
"ENSG00000118579",487.017247683186,-0.0803104544195705,0.0710267183063372,-1.13070765952036,0.258178156423669,0.350105428723249,-0.0773594665516203,0.0698012606088564,"MED28"
"ENSG00000178104",1662.69200250084,0.11469509426637,0.101464472452514,1.1303965959124,0.258309147867944,0.350246986697153,0.107755746020566,0.0984929836755129,"PDE4DIP"
"ENSG00000204138",405.740978249322,-0.220008941225675,0.194662944666167,-1.13020452661381,0.258390052833853,0.350320609165946,-0.175934559049877,0.175995281919582,"PHACTR4"
"ENSG00000118564",1834.64359236896,-0.195781503567165,0.173320276562008,-1.12959376393056,0.258647439911114,0.350613302451924,-0.161293045898732,0.159200094424451,"FBXL5"
"ENSG00000160654",18.3243305381088,-0.351613189417024,0.311281704065169,-1.12956587176551,0.258659198444139,0.350613302451924,-0.223903126511322,0.256028348213483,"CD3G"
"ENSG00000188895",888.679843323973,0.128038884655827,0.113370354165275,1.12938594572235,0.258735058982166,0.350648742342561,0.117762028208331,0.109382681772927,"MSL1"
"ENSG00000234284",34.8933751033117,-0.189056145149393,0.167398536677257,-1.12937752564642,0.258738609437793,0.350648742342561,-0.159493545565771,0.154885105748825,"ZNF879"
"ENSG00000143850",776.740376500722,0.207494641592378,0.183831713095395,1.12872060048042,0.259015716203673,0.350988155572,0.172494637283981,0.171027221718668,"PLEKHA6"
"ENSG00000140107",4017.68489433347,0.243731618214257,0.216091911162595,1.12790718034265,0.25935912112788,0.351417329296045,0.189702353485026,0.197445216364672,"SLC25A47"
"ENSG00000137441",10.7015643952923,-0.380857292376192,0.337722842556742,-1.12772144606181,0.259437577534423,0.3514874609815,-0.227107131387884,0.271838402224776,"FGFBP2"
"ENSG00000074370",87.5157669384336,0.277793601672167,0.246453166786252,1.12716588427162,0.259672351658583,0.351769336550767,0.200076752226212,0.220953471035545,"ATP2A3"
"ENSG00000121104",213.586241520542,0.149432129713571,0.132603065697227,1.12691308400644,0.259779230873029,0.351877917044681,0.133889073894375,0.126592419001539,"FAM117A"
"ENSG00000196923",58.5722134200462,0.336889424517367,0.298999113291144,1.12672382472696,0.259859266082583,0.351950118017003,0.214722963791025,0.25921181645676,"PDLIM7"
"ENSG00000112658",247.269343393137,-0.13945212491597,0.123799857172206,-1.12643203394001,0.259982693935111,0.35208106854039,-0.124527148380227,0.117942013377573,"SRF"
"ENSG00000067177",92.4113099522841,-0.173529016833862,0.154070013199618,-1.126299746655,0.26003866498257,0.35208443677093,-0.149162330247049,0.143704175002405,"PHKA1"
"ENSG00000213563",470.07224445713,-0.199575674486754,0.177191848642333,-1.12632537002085,0.260027823027663,0.35208443677093,-0.162831610925157,0.162182784947868,"C8orf82"
"ENSG00000131459",14.570954038318,-0.408648519750037,0.362877012975034,-1.12613504062918,0.260108364128342,0.352142593533548,-0.230937889403039,0.284270928125327,"GFPT2"
"ENSG00000111785",176.003899727533,0.135353435353843,0.120205710996618,1.12601501402584,0.260159164292025,0.35217515495258,0.123309386817443,0.11552479394016,"RIC8B"
"ENSG00000064012",300.316870968185,0.114375564311841,0.101684200310485,1.12481156327732,0.260668893419055,0.352773760825909,0.106900183992846,0.0986255617168243,"CASP8"
"ENSG00000126005",368.289577070816,0.176463044441376,0.156890783142485,1.12475086749434,0.260694619787583,0.352773760825909,0.152177252407698,0.147917725618587,"MMP24OS"
"ENSG00000138448",551.775032488691,0.257681594370325,0.229089358754894,1.12480822230605,0.260670309469419,0.352773760825909,0.191875225780558,0.207661125922963,"ITGAV"
"ENSG00000197888",1283.19831080121,-0.878111854948466,0.780739564227063,-1.12471801761168,0.26070854419232,0.352773760825909,-0.208407143763185,0.37709472989845,"UGT2B17"
"ENSG00000162572",84.3350116354189,0.538908558941297,0.479271230452035,1.12443335777325,0.260829227319582,0.352900791993589,0.2095454963838,0.351558811553631,"SCNN1D"
"ENSG00000132780",873.378650265215,-0.144402535921036,0.128456821055397,-1.12413287776102,0.260956659412812,0.353036927438253,-0.128461065237699,0.121946620714591,"NASP"
"ENSG00000153048",1643.00327173891,-0.120294357505773,0.10704462613361,-1.12377764163168,0.261107368839642,0.353204522566806,-0.111232037549373,0.10309800226786,"CARHSP1"
"ENSG00000095637",1253.54281939985,-0.129619902504878,0.115387443668895,-1.12334495317205,0.261291018813725,0.353416637939337,-0.118739063772915,0.110532417156363,"SORBS1"
"ENSG00000105655",83.3270656759342,0.282063543758648,0.251298079186626,1.12242618276908,0.26168127714774,0.353908135072126,0.20096215083859,0.224454583443835,"ISYNA1"
"ENSG00000203995",33.7237912505339,-0.303030963644653,0.270201284484749,-1.12150082566227,0.262074740263079,0.35440386506817,-0.2088388092412,0.230234011448075,"ZYG11A"
"ENSG00000186364",15.4101163333131,0.279803178013106,0.249554332286621,1.12121146304823,0.262197861491695,0.354533947252712,0.200957925264966,0.2205024872722,"NUDT17"
"ENSG00000149743",264.172170636773,-0.204307278692899,0.182288549523518,-1.1207905226463,0.262377039235771,0.354739792419199,-0.167062643169488,0.166369179697045,"TRPT1"
"ENSG00000135929",11697.6788918411,-0.115230311329369,0.102826663594985,-1.12062676450574,0.262446767468912,0.35479763225133,-0.100087040614289,0.0990546300935183,"CYP27A1"
"ENSG00000141456",275.148123562311,0.233684894477287,0.208575828663451,1.12038339233618,0.262550419005784,0.354829471024017,0.181584689852242,0.191091050194163,"PELP1"
"ENSG00000164190",635.719037166159,0.124522098364686,0.111142574246658,1.12038162881071,0.262551170189578,0.354829471024017,0.1131673662463,0.107359450406128,"NIPBL"
"ENSG00000166886",201.013232777532,-0.155579202928817,0.138861380698773,-1.12039216480433,0.262546682344687,0.354829471024017,-0.136667124483188,0.130850626677435,"NAB2"
"ENSG00000169862",14.5447886052242,0.401305720757984,0.358440659755077,1.11958760770108,0.262889538821714,0.355250299510078,0.220563144224219,0.294707841099331,"CTNND2"
"ENSG00000166387",790.554896130677,0.115283904178777,0.102984350234083,1.11943129142182,0.262956187774192,0.355303896575842,0.107682013904629,0.0998352655302063,"PPFIBP2"
"ENSG00000065029",365.219489453503,0.131962801627047,0.117935788981554,1.11893770980484,0.263166713931019,0.355515386375518,0.120938536939134,0.113487791067671,"ZNF76"
"ENSG00000163848",459.276339926193,-0.20977186670463,0.187466298432632,-1.11898441724454,0.263146786939371,0.355515386375518,-0.170189995925209,0.17035591162851,"ZNF148"
"ENSG00000186889",28.8284082334612,-0.173768053368223,0.15538614160919,-1.1182982701589,0.263439625491248,0.355847554038963,-0.149376887819097,0.145419849567374,"TMEM17"
"ENSG00000048392",481.031772955592,0.243505624161188,0.21782254036887,1.11790829245139,0.263606163031728,0.356035980967965,0.185764653003552,0.198563173874731,"RRM2B"
"ENSG00000143486",665.575111997073,0.0634035545513708,0.056720886043267,1.11781671575099,0.263645280817214,0.356052289182423,0.0622735251504277,0.0561239020306028,"EIF2D"
"ENSG00000167487",66.3626705637735,0.158129838669615,0.14150468247611,1.11748838202801,0.263785564345642,0.356205204120485,0.139096452777509,0.134211852571497,"KLHL26"
"ENSG00000047056",300.964801407099,0.102081036988219,0.0913906624214645,1.11697447292212,0.264005239971816,0.356430698114404,0.0964620117889698,0.0890209587251942,"WDR37"
"ENSG00000108848",1719.59891849158,-0.177996937821575,0.159356802707635,-1.11697106616865,0.264006696643754,0.356430698114404,-0.148153645764293,0.147690031561448,"LUC7L3"
"ENSG00000213199",11.6445482558557,0.565897750716151,0.506700287236508,1.11682934659955,0.26406729851987,0.356475961479812,0.202897587636552,0.355479151626686,"ASIC3"
"ENSG00000152455",61.484911177651,0.188781107889235,0.169086424901227,1.11647702055037,0.264218001142035,0.356642834020507,0.158764195940458,0.1581367230164,"SUV39H2"
"ENSG00000178802",517.190484058794,0.104898561334656,0.093985074981698,1.11611935570709,0.264371048007112,0.356812836295401,0.10190533769285,0.0915146354502551,"MPI"
"ENSG00000078403",462.924232398355,-0.115240642845955,0.103292776294768,-1.11566991400339,0.26456345336499,0.357035919127045,-0.107272987283095,0.0997150172521194,"MLLT10"
"ENSG00000136319",89.6821330137615,0.123750858652159,0.111070070363076,1.11416926493006,0.265206578189504,0.357867152653788,0.113100603228469,0.107166517342178,"TTC5"
"ENSG00000111186",102.400015153712,0.219635027560419,0.197231852920523,1.11358801485743,0.265455970430076,0.358166971375526,0.175089911715051,0.181843715873176,"WNT5B"
"ENSG00000173588",71.1233553852001,-0.151143013813272,0.135737703889686,-1.11349322614228,0.265496655966321,0.358185159591411,-0.132047912809069,0.128289211501044,"CEP83"
"ENSG00000135114",156.477850394641,-0.269784928378797,0.242421152864468,-1.11287701255025,0.265761253978713,0.358468668157334,-0.196873049005883,0.210481748794777,"OASL"
"ENSG00000135632",188.960876932653,0.143700824167851,0.129124581363782,1.11288511180535,0.265757775035364,0.358468668157334,0.129570908050796,0.123502871105828,"SMYD5"
"ENSG00000154370",106.855313054375,0.197431361811286,0.177513784087774,1.1122029921556,0.266050881704173,0.358822567969385,0.163581511770608,0.165182153340361,"TRIM11"
"ENSG00000012223",29.630412486603,0.25781444334106,0.231929113341606,1.11160879988933,0.266306387281278,0.359093598417175,0.19238916121457,0.208441315329048,"LTF"
"ENSG00000198832",69.6462735644155,-0.312194966176778,0.280849243466383,-1.11161049367095,0.266305658706991,0.359093598417175,-0.210348496444971,0.235941735192803,"SELENOM"
"ENSG00000113492",2037.71266661614,-0.137653768120933,0.123853613825766,-1.11142310562355,0.266386271344995,0.359164531339294,-0.124205326056858,0.117730852282188,"AGXT2"
"ENSG00000107159",10.6952105758289,0.511002180788829,0.460009953233945,1.11085027007872,0.266632804120772,0.359460116634659,0.212057698892883,0.341080822950714,"CA9"
"ENSG00000123411",57.5189548645589,-0.238652454959092,0.214921240261996,-1.11041819165089,0.266818862700605,0.359674121666445,-0.183704264855396,0.191128845151651,"IKZF4"
"ENSG00000123453",2860.44820100043,0.176804972361438,0.159309368834197,1.10982156074857,0.267075926486734,0.359983788710518,0.159855991478137,0.149921124021434,"SARDH"
"ENSG00000176623",905.121432837642,-0.107389942369701,0.096778150810256,-1.10965069564359,0.267149576615847,0.360009347566452,-0.100134340510423,0.0937955674036559,"RMDN1"
"ENSG00000196639",17.9962110545062,0.340737158973309,0.307051792799422,1.10970581173546,0.267125817709697,0.360009347566452,0.212659418121601,0.261689756800389,"HRH1"
"ENSG00000134538",7387.24775853844,0.266237028255208,0.239970903778981,1.10945545506808,0.26723375070574,0.360012233888445,0.194637765756736,0.215991772003524,"SLCO1B1"
"ENSG00000162735",1620.48245019718,-0.0944939324589166,0.0851679144211004,-1.10950154293676,0.267213879193894,0.360012233888445,-0.0887256357826147,0.0830532362590319,"PEX19"
"ENSG00000186340",190.967607661779,0.359102927126359,0.323668202337626,1.10947854788581,0.267223793745962,0.360012233888445,0.215678038510749,0.275657347999738,"THBS2"
"ENSG00000108306",199.325935563108,-0.129226314153551,0.116590327905402,-1.10837936967123,0.26769801075554,0.360600778556112,-0.108537872459967,0.111297969308141,"FBXL20"
"ENSG00000164825",1355.89016342675,0.230416058636044,0.207999397315033,1.10777272247121,0.267959983322475,0.360916740708307,0.179595754757947,0.190605232161378,"DEFB1"
"ENSG00000151422",121.606949701165,-0.187656852656231,0.169431445570015,-1.10756803157112,0.2680484161146,0.360961997193907,-0.156776530205854,0.156058853561778,"FER"
"ENSG00000170099",11024.1238822649,0.119325212755603,0.107734242205528,1.10758854671259,0.268039552035657,0.360961997193907,0.110706801193839,0.104235280061871,"SERPINA6"
"ENSG00000179776",459.172295742124,-0.213338242776354,0.192672625233035,-1.10725767357103,0.268182538607083,0.361105676344943,-0.170961638665667,0.174217089263608,"CDH5"
"ENSG00000109445",822.851270043383,-0.0967332468817205,0.0874251351751437,-1.10646951460732,0.268523351949793,0.361527605253193,-0.0904906868768189,0.0851605647142466,"ZNF330"
"ENSG00000171631",16.8151840773294,0.291405586060206,0.263449547932361,1.10611533915033,0.268676600269932,0.361696944698765,0.202178109644026,0.231267544253715,"P2RY6"
"ENSG00000042781",1259.21696337083,-0.2833091022695,0.256527472345684,-1.10440063077426,0.269419387301054,0.362659815275092,-0.193857646457146,0.218577563746841,"USH2A"
"ENSG00000220205",493.847847887584,0.16343415578972,0.148029559555014,1.10406432526729,0.269565235151693,0.362819043754568,0.14360743975704,0.140174025695319,"VAMP2"
"ENSG00000138376",21.4425485288838,-0.269071149234685,0.244060518480248,-1.10247716799988,0.270254279277952,0.363709275372944,-0.193989282042142,0.21218676659493,"BARD1"
"ENSG00000131931",105.002346630808,-0.165418638554043,0.150051528060459,-1.10241222260258,0.270282500192949,0.363710077426448,-0.142918933261686,0.140322468990074,"THAP1"
"ENSG00000188191",140.43006852329,0.236099195950449,0.214206929340961,1.10220148655715,0.270374085863807,0.363796138424413,0.181917265983088,0.195354233381175,"PRKAR1B"
"ENSG00000164023",261.216233209577,0.263746799598969,0.239374126784002,1.10181832574145,0.270540661673194,0.363983072919402,0.192657969514419,0.215199426288001,"SGMS2"
"ENSG00000103154",239.758567802285,0.391133808054978,0.355015220749062,1.10173813739509,0.270575531755068,0.363992791569146,0.218497734056987,0.295114682221084,"NECAB2"
"ENSG00000049769",46.3249351288374,0.193190878916955,0.175379980603958,1.10155605133301,0.270654723727166,0.364050358201334,0.159017526769082,0.163234355765923,"PPP1R3F"
"ENSG00000121073",988.996308202476,0.121512068270097,0.11031382553651,1.10151259535352,0.270673625735444,0.364050358201334,0.115043154458393,0.10650762545824,"SLC35B1"
"ENSG00000167772",520.027480122869,-0.38476178766904,0.349340845456616,-1.10139364655778,0.270725369414004,0.364082759316116,-0.221112451535771,0.273385335340103,"ANGPTL4"
"ENSG00000105245",64.0684742662231,0.364534236610717,0.331486167142088,1.09969667740151,0.271464302917779,0.365039220939177,0.213613467457355,0.279529421066744,"NUMBL"
"ENSG00000189144",20.3242086055781,0.263879686740651,0.240049177309117,1.09927344762714,0.271648810430309,0.365250024318367,0.192524004062387,0.214184608336442,"ZNF573"
"ENSG00000198440",52.728736036788,-0.146940158569708,0.133758882722321,-1.09854505046032,0.271966557072123,0.36563991528761,-0.131295445333574,0.126850134497329,"ZNF583"
"ENSG00000106003",47.5925862745293,0.218076370863843,0.198562579601641,1.09827527070484,0.272084306881408,0.36572353082191,0.172376736439918,0.181914877947816,"LFNG"
"ENSG00000143376",351.30597796395,-0.0701939825687291,0.0639095843444772,-1.09833264116347,0.272059263680487,0.36572353082191,-0.0671439924584149,0.0629650261158242,"SNX27"
"ENSG00000005108",50.5457436594722,0.298397609281832,0.271829162753368,1.09773950027787,0.272318256152571,0.366000628879619,0.203004241865719,0.238740883581838,"THSD7A"
"ENSG00000010626",42.9166911170893,-0.210476861405205,0.191792927219748,-1.09741722208582,0.272459048295876,0.366152478295753,-0.169255625214528,0.174139916110475,"LRRC23"
"ENSG00000063169",55.2242984362625,0.373835840355421,0.340720233721759,1.097192955851,0.272557051807707,0.366246799765285,0.213635668331791,0.28489982987008,"BICRA"
"ENSG00000076513",522.402172731857,0.0782945855271462,0.0713928012683877,1.09667339194063,0.272784191969885,0.366483134013041,0.0778960505710687,0.0702420211288161,"ANKRD13A"
"ENSG00000144724",338.27859048051,-0.183786356552286,0.167586856174802,-1.09666331087795,0.272788600435045,0.366483134013041,-0.154377937558418,0.154584755294974,"PTPRG"
"ENSG00000100124",221.608388462985,-0.142863157592703,0.130295078755797,-1.09645858429129,0.272878138250685,0.366531566596257,-0.127305450077403,0.12356807450981,"ANKRD54"
"ENSG00000162604",220.128494061936,-0.130397196792395,0.118926327353272,-1.09645357503599,0.272880329316156,0.366531566596257,-0.118981128436105,0.113685321326442,"TM2D1"
"ENSG00000071889",575.99974958906,0.191211338688801,0.174469456926377,1.09595881168753,0.273096799799933,0.366784909330401,0.159265520513681,0.16278390937144,"FAM3A"
"ENSG00000039123",630.978922108428,-0.139122003453311,0.126955199920725,-1.09583540918515,0.273150809561449,0.366804730269527,-0.136818015563557,0.120989912746433,"MTREX"
"ENSG00000131941",322.341895857447,-0.127613530215777,0.116457189375744,-1.09579778543374,0.273167277859085,0.366804730269527,-0.106537777987466,0.111078673878022,"RHPN2"
"ENSG00000130244",132.842266969688,0.14872830701783,0.135762187184337,1.09550612068357,0.273294965512461,0.366938763607696,0.134619411640801,0.129318431895277,"FAM98C"
"ENSG00000160584",635.185476184046,0.113805313929619,0.103892812834301,1.0954108453212,0.273336684870956,0.366957356277252,0.106852265821104,0.100643447226749,"SIK3"
"ENSG00000157625",838.094191254731,-0.167879510243672,0.153485903947183,-1.09377803385412,0.274052340302457,0.367880619129501,-0.143020542452768,0.143060323329712,"TAB3"
"ENSG00000133328",64.203172176923,-0.43693841557505,0.39955235715196,-1.09356986075512,0.274143673765373,0.367965705861444,-0.227286834056353,0.297696298057328,"PLAAT2"
"ENSG00000163521",67.9131898950781,-0.171902542109422,0.157293130176142,-1.0928801653125,0.274446417988014,0.368334509605524,-0.147425665924348,0.146450928996187,"GLB1L"
"ENSG00000066084",719.828045868521,-0.113224317991061,0.103626166534142,-1.09262285557728,0.274559423463223,0.368335986276421,-0.104978764485675,0.100013676639461,"DIP2B"
"ENSG00000112651",571.134545091604,-0.142371135671901,0.13028381588624,-1.09277683266674,0.274491795876025,0.368335986276421,-0.140122755618033,0.123930925921323,"MRPL2"
"ENSG00000134853",351.601339913046,0.2361219032557,0.216098837590894,1.09265697996355,0.274544434863091,0.368335986276421,0.181305070975636,0.196827331306737,"PDGFRA"
"ENSG00000226314",10.5374933276814,-0.281153846771509,0.257306503509374,-1.09268068601797,0.274534022680387,0.368335986276421,-0.19903037640478,0.222330915728078,"ZKSCAN8P1"
"ENSG00000213020",34.3235618875726,0.194786535283775,0.17836670198036,1.09205660653648,0.274808221031938,0.368632199501426,0.160378742514149,0.165331023286835,"ZNF611"
"ENSG00000103160",161.658324513113,-0.117226319862326,0.10740359651812,-1.09145618640944,0.275072200745472,0.368948715873562,-0.107760764436908,0.103345426772405,"HSDL1"
"ENSG00000169299",345.955272273679,0.207631720588363,0.190281883142273,1.09117966019454,0.275193836002399,0.36907426350286,0.168293443232779,0.17589016854221,"PGM2"
"ENSG00000168913",267.348910244866,0.244515331561938,0.224103514504794,1.09108209258676,0.27523676171053,0.369094235555189,0.184444155754197,0.203203892910577,"ENHO"
"ENSG00000125877",339.660403999955,-0.163619681036756,0.149990321793992,-1.09086825789656,0.275330856104732,0.369182814082382,-0.141701640203828,0.140241145830666,"ITPA"
"ENSG00000102804",1808.74299479594,0.178255585884864,0.16342797572964,1.09072871452409,0.275392271678379,0.369227560989566,0.151307949831878,0.153417947883914,"TSC22D1"
"ENSG00000143147",17.8740344809768,0.241899603702996,0.221829926585232,1.0904732622271,0.275504725096822,0.369303116536831,0.183629433863438,0.19940314015022,"GPR161"
"ENSG00000155636",114.289508824318,-0.11168149633212,0.102410172469183,-1.09053127867475,0.275479182753511,0.369303116536831,-0.103854121366308,0.0990192224506533,"RBM45"
"ENSG00000180346",406.472249269812,-0.129006469273769,0.118319627838481,-1.09032179724125,0.27557141674583,0.369354909180047,-0.117740962050609,0.113132416068377,"TIGD2"
"ENSG00000139292",73.3023322473297,-0.281455717518087,0.258232446968293,-1.08993165197651,0.275743252594718,0.369547604200128,-0.198611439793518,0.220904727140654,"LGR5"
"ENSG00000184374",530.544694303175,0.191858713198429,0.176152086645567,1.08916514616409,0.276081065793479,0.369962678090275,0.160284915742343,0.164117244658936,"COLEC10"
"ENSG00000100578",129.72898327216,0.121699917274442,0.111771935658596,1.08882356342268,0.276231698464927,0.370051540698945,0.109793564865444,0.107749940057022,"KIAA0586"
"ENSG00000135446",635.689627006067,-0.080275842245498,0.0737212352014548,-1.0889107056621,0.276193264769934,0.370051540698945,-0.0783531256959706,0.0723818830902555,"CDK4"
"ENSG00000157551",56.7026528479532,0.389274268121904,0.357512343773708,1.08884147610943,0.276223797856773,0.370051540698945,0.213274757204235,0.294810664045097,"KCNJ15"
"ENSG00000180488",269.104294611671,-0.242271683420129,0.222604475636037,-1.08835045983643,0.276440422332591,0.370293478525882,-0.182803520901508,0.196145873439962,"MIGA1"
"ENSG00000076344",12.7613433892805,0.503679231951677,0.462878029985643,1.08814676723218,0.276530320552525,0.370376215706464,0.207708756237729,0.340315090670768,"RGS11"
"ENSG00000158526",498.197372468336,0.0967240149799164,0.0889149882902587,1.08782576301045,0.276672033833234,0.370528328496425,0.0920021704564079,0.0868159663770075,"TSR2"
"ENSG00000102271",14.6734577753669,-0.365091793479093,0.335719460768907,-1.08749070620724,0.276820003679245,0.370651090047893,-0.217530286280641,0.268596794822271,"KLHL4"
"ENSG00000127511",285.101223546837,0.22218752939948,0.204302949292876,1.08753951016618,0.276798447219507,0.370651090047893,0.174198381299826,0.187201387533615,"SIN3B"
"ENSG00000157796",420.681814722096,0.152477828978245,0.14037570542933,1.08621237921406,0.277385041680175,0.371369885983443,0.134112791715594,0.133455776370082,"WDR19"
"ENSG00000109572",870.209691977772,0.187709682272437,0.172825931437543,1.08611989364728,0.277425952018708,0.371386892148277,0.15902584991652,0.161300622533792,"CLCN3"
"ENSG00000085872",463.192942756508,0.213972632631505,0.197072749879967,1.08575453867585,0.277587604399976,0.371565514388988,0.170770644950708,0.181438185797086,"CHERP"
"ENSG00000128309",2809.47307118062,0.237326509649657,0.218726228681142,1.08503909696002,0.2779043394631,0.371951665484515,0.18079376929135,0.198877315986056,"MPST"
"ENSG00000124875",28.3251643701841,0.528912876645431,0.487584145184654,1.08476225461582,0.278026967060512,0.372077967912045,0.200681161248192,0.349246734239922,"CXCL6"
"ENSG00000163635",342.181211871281,-0.123489250466874,0.113913232936192,-1.08406413621888,0.278336362863555,0.372441412066984,-0.1123236899362,0.109182448685993,"ATXN7"
"ENSG00000167799",226.28967678156,0.32431814518153,0.299180455140136,1.08402183234068,0.278355118846963,0.372441412066984,0.20637169869364,0.258313765191887,"NUDT8"
"ENSG00000196372",1184.82733983335,-0.138723450362896,0.128026627971059,-1.08355154362306,0.27856368549716,0.372682601692471,-0.124708424865814,0.121581982228602,"ASB13"
"ENSG00000100557",627.330965391676,-0.177917828050771,0.164224945854975,-1.0833788199747,0.27864031277772,0.372747242230386,-0.148925007486931,0.151685311465024,"CCDC198"
"ENSG00000198482",56.3566770808447,0.173113946420276,0.159818935431566,1.08318795862836,0.278725003361655,0.372822655111201,0.14787933253655,0.149827286604041,"ZNF808"
"ENSG00000144214",20.4536496363024,-0.41161481989535,0.380071557916498,-1.08299295572594,0.278811549756011,0.372900534750878,-0.222675890175562,0.289529966784114,"LYG1"
"ENSG00000177479",991.699196549359,0.0969313864530115,0.0895317573320497,1.0826480942792,0.278964651276847,0.373067404643064,0.0928439153748561,0.0873424001733612,"ARIH2"
"ENSG00000160219",52.1127860314698,-0.207071732562397,0.191296374477586,-1.08246553614982,0.279045721250821,0.373137920575696,-0.166866738523978,0.173308785990182,"GAB3"
"ENSG00000189007",149.607649867577,-0.227323811458175,0.210070766813884,-1.08212967899326,0.27919490973974,0.373299500521318,-0.176163540833712,0.187156170432425,"ADAT2"
"ENSG00000181817",269.769670497267,-0.131300104409149,0.121423072741581,-1.08134394431434,0.279544146666007,0.373728496649538,-0.118970777398283,0.115909349046028,"LSM10"
"ENSG00000102024",4683.11988009872,0.169540111569796,0.156875212986524,1.08073231163906,0.27981620563252,0.374054235288635,0.149485157743195,0.147697295578979,"PLS3"
"ENSG00000158555",149.125548911886,-0.25635784254042,0.237256938692069,-1.08050725072004,0.27991635975344,0.374150131219674,-0.187900299686519,0.206337541066476,"GDPD5"
"ENSG00000166035",4519.12161667476,0.202089350632688,0.187049244679092,1.08040719960885,0.279960891213497,0.374171667213167,0.164542551092671,0.17319214151075,"LIPC"
"ENSG00000140365",544.600246694291,0.150990870123707,0.139865278972713,1.07954505387405,0.28034482064271,0.374608739326288,0.136828040574528,0.132909576767012,"COMMD4"
"ENSG00000160588",176.247002061581,-0.15167667642323,0.140492889615115,-1.07960393468135,0.280318588557491,0.374608739326288,-0.132881617006922,0.132232103822019,"MPZL3"
"ENSG00000185947",81.8219237030289,-0.23383207941059,0.216639397929532,-1.07936082561793,0.280426907246544,0.374642380599493,-0.179463692138637,0.192054895607015,"ZNF267"
"ENSG00000196632",221.985766291028,0.263716831746914,0.244320374540936,1.07938943791496,0.280414157391513,0.374642380599493,0.190235033984869,0.218487868410678,"WNK3"
"ENSG00000100968",32.0324231580852,0.376901191967913,0.349233189580624,1.07922500842636,0.28048743378064,0.37465617497362,0.210894231350999,0.288480565425251,"NFATC4"
"ENSG00000138430",601.51166339134,-0.104483259019406,0.0968145809480262,-1.07920994953742,0.280494145276847,0.37465617497362,-0.096111852966546,0.0937724373145272,"OLA1"
"ENSG00000007062",47.5755354366444,0.328299454430607,0.304456408599575,1.07831349630873,0.280893876087059,0.375152036169834,0.205820215987866,0.260602803668488,"PROM1"
"ENSG00000106772",48.5307964824497,-0.26445794105051,0.245387007454588,-1.07771778055304,0.281159721085079,0.375469001704651,-0.191458989221659,0.212485033905281,"PRUNE2"
"ENSG00000122068",673.003877604949,0.179221646264208,0.166326702166385,1.07752780479543,0.281244535853069,0.37554417434498,0.153830621030022,0.155741065905208,"FYTTD1"
"ENSG00000154928",41.8264426137305,-0.310458785164761,0.28814738652885,-1.07743050840989,0.281287980594637,0.375564096187911,-0.203388607538253,0.239520678462782,"EPHB1"
"ENSG00000100528",2142.85113273718,-0.201267027181386,0.186863554248691,-1.07708016146116,0.281444455095894,0.375734911355967,-0.156343770358049,0.169134788104757,"CNIH1"
"ENSG00000103196",112.395946188857,-0.273130383174981,0.253675851163629,-1.07669051635035,0.281618550593306,0.375860860435794,-0.194386010660806,0.217578398616875,"CRISPLD2"
"ENSG00000150637",64.1720006545138,-0.252528390783037,0.23454416871327,-1.07667733616414,0.28162444084757,0.375860860435794,-0.18695210128538,0.204785143141849,"CD226"
"ENSG00000214050",21.6744957839821,0.239802284444718,0.22270302855044,1.07678052698958,0.281578326874864,0.375860860435794,0.181581015474593,0.200334602410641,"FBXO16"
"ENSG00000010256",3619.51778277071,0.106859665323644,0.0992670838022298,1.07648639640247,0.28170978162475,0.375936649591674,0.101835404041682,0.0963859250162967,"UQCRC1"
"ENSG00000120690",463.914685288242,0.20527063895537,0.190704191742943,1.07638241760339,0.281756262463346,0.375960570750219,0.165810936744917,0.176116700889305,"ELF1"
"ENSG00000155666",1958.08115858561,-0.203828676408494,0.189421687398692,-1.0760577587902,0.281901425664439,0.376078039345222,-0.16392065654163,0.171489878915998,"KDM8"
"ENSG00000257365",78.5489965203362,-0.14613732978037,0.135800429548864,-1.076118317636,0.281874344418282,0.376078039345222,-0.130068865982812,0.128411743054421,"FNTB"
"ENSG00000117054",4490.59470986274,-0.192964396347264,0.179398804394637,-1.07561695853215,0.282098599840537,0.376264832894388,-0.155085832193114,0.163424257822312,"ACADM"
"ENSG00000163874",65.4362898803793,0.198388999389611,0.184438996090554,1.07563478220304,0.282090625327861,0.376264832894388,0.162209286350824,0.170448861132101,"ZC3H12A"
"ENSG00000131127",79.4786354514907,0.161687460913666,0.150422255467344,1.07489055001418,0.282423733346725,0.376660339672101,0.140945406624554,0.141793195457431,"ZNF141"
"ENSG00000138606",272.68679115486,-0.220898276093765,0.205529583293873,-1.0747760616919,0.28247500039227,0.37669055557223,-0.171802661083264,0.183637902015994,"SHF"
"ENSG00000185070",101.072301878786,-0.329286924886465,0.306404922040353,-1.07467896629643,0.282518483954477,0.376710386848759,-0.209107250613742,0.250098332555013,"FLRT2"
"ENSG00000165694",21.4324174460881,0.464006967453596,0.431828096445654,1.07451777981286,0.282590680326353,0.376768495916634,0.207171784450945,0.328633347428078,"FRMD7"
"ENSG00000116731",233.831951593199,-0.0844345035908705,0.0785974572541257,-1.0742650785492,0.282703891876224,0.376869593517965,-0.0807350167434726,0.0769080664336442,"PRDM2"
"ENSG00000138777",1024.00269251356,-0.142939680882373,0.133063601142884,-1.07422074597909,0.282723756279579,0.376869593517965,-0.127001244843674,0.125873100806653,"PPA2"
"ENSG00000213465",62.6782800838565,0.202132057013197,0.188280384476086,1.07356938735628,0.283015724135392,0.377220593639053,0.163779035572935,0.173697837364559,"ARL2"
"ENSG00000196436",109.116520545113,-0.768216346830732,0.715671016210117,-1.07342106838261,0.283082235832429,0.377271051419148,-0.206519725676849,0.368875627129707,"NPIPB15"
"ENSG00000111799",87.7683064337587,-0.216174334200211,0.201540500542512,-1.07260989041065,0.283446185295246,0.377717861902551,-0.170077790285681,0.180779614585275,"COL12A1"
"ENSG00000240038",328.3746990749,-0.222859029803348,0.20785183954153,-1.07220138294143,0.28362958939656,0.377924013156068,-0.17336806807596,0.185349437883398,"AMY2B"
"ENSG00000145736",27.5527502285122,-0.323049733278554,0.30146461041839,-1.07160085168938,0.283899350652476,0.378245178171473,-0.207256843147556,0.248064379836832,"GTF2H2"
"ENSG00000123136",279.941881020616,0.194269913195783,0.181371923588029,1.07111348522195,0.284118405446067,0.378498727724671,0.159599709297239,0.168290299632985,"DDX39A"
"ENSG00000065150",1816.07313695331,0.126329336442023,0.117953020958937,1.07101399705568,0.284163136079734,0.378520017161653,0.116208440381378,0.113445572229189,"IPO5"
"ENSG00000204859",375.356102116766,0.220683978250301,0.206119630231678,1.07065968438937,0.284322476455127,0.378693952959859,0.172607705936989,0.188553397514206,"ZBTB48"
"ENSG00000088827",350.083233705593,-0.243816860356196,0.227894463392249,-1.06986741462227,0.284678992258208,0.379130448317982,-0.177571701382758,0.199105523340866,"SIGLEC1"
"ENSG00000135537",91.583008629195,0.119260103764171,0.111482078255442,1.06976929054827,0.284723168438342,0.379150929064348,0.108831437296252,0.10752874907254,"AFG1L"
"ENSG00000066044",595.510378081606,0.0902116405078964,0.0844448878800601,1.06829013303952,0.285389657915882,0.380000023879501,0.0862626764840319,0.0826060764702687,"ELAVL1"
"ENSG00000170836",105.919746521976,-0.141553521276882,0.132616661000179,-1.06738866903527,0.285796362983031,0.380503075643097,-0.124096160546097,0.125504753766644,"PPM1D"
"ENSG00000107719",54.1974250311425,-0.20127971706914,0.188639325412028,-1.06700825307503,0.285968109157463,0.38065474928391,-0.16231227362183,0.171070987160108,"PALD1"
"ENSG00000118058",791.364092753339,0.122556936843426,0.114857903957148,1.06703093667067,0.285957866252741,0.38065474928391,0.112855580457285,0.110645477024963,"KMT2A"
"ENSG00000158850",241.904320169302,0.105451769708279,0.0989010454541502,1.06623513658575,0.286317362464035,0.381081115467194,0.0993201214498318,0.0960584000078742,"B4GALT3"
"ENSG00000166689",259.944514199211,0.16475753048015,0.154565152808554,1.06594227409215,0.286449737526757,0.381218765215534,0.14016823243312,0.14566490111465,"PLEKHA7"
"ENSG00000068489",9.53125641858321,0.378417145634124,0.355084429209616,1.06571033395197,0.28655460476101,0.381319782320948,0.210424445257379,0.287472055667015,"PRR11"
"ENSG00000169857",179.14337584763,-0.103110437731093,0.0967660382640902,-1.06556431968092,0.286620635577869,0.381369104398001,-0.0963940488367856,0.0938079908226055,"AVEN"
"ENSG00000091127",123.329618064701,-0.142863746663027,0.134109812074355,-1.06527437816271,0.286751783871393,0.38150505117732,-0.126977067341677,0.126797447557301,"PUS7"
"ENSG00000140511",9.8041258517409,0.455161772530838,0.427547937973529,1.06458652259719,0.287063081388019,0.381880623376241,0.208005428352411,0.323733629705231,"HAPLN3"
"ENSG00000010539",105.129450198159,-0.115872928130862,0.108882927518813,-1.06419739780455,0.287239285600678,0.382076422935797,-0.106858690532166,0.104560156025267,"ZNF200"
"ENSG00000134873",66.5625915278583,0.388942030780087,0.365604728857715,1.0638320570833,0.287404786293161,0.382257946897238,0.208609065357662,0.297703370446413,"CLDN10"
"ENSG00000115325",52.6286553027854,0.190542221589422,0.179234434610162,1.0630893667495,0.287741426083439,0.38266703190046,0.155759193044966,0.166102093614429,"DOK1"
"ENSG00000175691",42.7827760553193,0.164683765934554,0.154920125365479,1.06302370686856,0.287771200578179,0.382667975640067,0.141819450340305,0.145514658267236,"ZNF77"
"ENSG00000140474",394.803038114597,0.21342823781865,0.200798812645935,1.06289591559978,0.287829155476189,0.382706388709302,0.168617736976469,0.184174897826287,"ULK3"
"ENSG00000125450",529.736004510805,0.113663764328796,0.10697985988796,1.06247815661598,0.288018669201765,0.382919700970458,0.105820788262171,0.103479700046937,"NUP85"
"ENSG00000163479",1711.94882065898,-0.116763678125557,0.109968135754987,-1.0617955585399,0.288328506562091,0.383263649229255,-0.106611876556281,0.105615086848442,"SSR2"
"ENSG00000235109",85.3267642995257,0.169076364605652,0.159238611531327,1.06177994758758,0.288335595140192,0.383263649229255,0.143058036898291,0.149313686433633,"ZSCAN31"
"ENSG00000156218",449.350345709046,0.166298966279627,0.156658507157644,1.06153805048252,0.288445450125712,0.383370966722706,0.143338761596871,0.14744539464633,"ADAMTSL3"
"ENSG00000065548",790.143432648132,-0.137824375178569,0.129851229152756,-1.06140216059437,0.28850717544246,0.383414300179209,-0.123757025230032,0.123143412284988,"ZC3H15"
"ENSG00000107738",194.013179561171,0.202802443591985,0.191188902977869,1.06074380067687,0.288806348586659,0.383773151543394,0.16350647528308,0.176252989955782,"VSIR"
"ENSG00000115902",239.711150747629,0.151316358709496,0.14267217609095,1.06058772533921,0.288877303279292,0.383828698655279,0.132157372607959,0.135364648491701,"SLC1A4"
"ENSG00000092969",16.434402298332,0.396845700809063,0.374285053295211,1.06027664560802,0.289018760831487,0.383977901625365,0.207620710298581,0.299954010050218,"TGFB2"
"ENSG00000019505",11.6912372878096,0.470579600337764,0.44387010516191,1.06017412496413,0.289065390355158,0.38400110275613,0.20298316782652,0.330780579899411,"SYT13"
"ENSG00000165813",192.716725176473,-0.191142877647409,0.180309763178413,-1.06008057621526,0.289107943609138,0.384018884741516,-0.156024581339237,0.16441050573419,"CCDC186"
"ENSG00000164323",359.724662143636,0.231019119352566,0.217974869207736,1.05984290846115,0.28921607238731,0.38412375759622,0.176409508170867,0.197823538637302,"CFAP97"
"ENSG00000136143",363.426661293539,-0.147794349107348,0.139597875090054,-1.05871489098245,0.289729644106701,0.384767046026712,-0.129610845225473,0.131399429592042,"SUCLA2"
"ENSG00000243566",18.3710277026733,0.804064740544814,0.759855732584956,1.05818079151612,0.289973026738309,0.38505142410858,0.142205098355365,0.378099350272991,"UPK3B"
"ENSG00000054938",34.2631336400936,-0.348230346133205,0.329122852925147,-1.0580558081526,0.290030000002919,0.385088239213234,-0.212404816645211,0.263173639255431,"CHRDL2"
"ENSG00000183484",12.6691161449408,0.296667686931431,0.28040803716683,1.05798567661927,0.290061972537122,0.385091855442548,0.198002202712032,0.240585789627624,"GPR132"
"ENSG00000086696",1773.63956294151,-0.13218739826573,0.125061773976559,-1.0569768368271,0.29052215891519,0.385663918559931,-0.118364116958894,0.118919393898084,"HSD17B2"
"ENSG00000130164",751.884966111612,-0.29562009597818,0.279724030253989,-1.05682767300957,0.2905902422596,0.38568495769703,-0.197505309273202,0.233362829492921,"LDLR"
"ENSG00000157456",10.1090972995576,0.372536601079352,0.352509228413473,1.05681375422713,0.290596595803929,0.38568495769703,0.207407935553878,0.286184422454748,"CCNB2"
"ENSG00000099330",502.380520603143,-0.1926158034937,0.18230252021175,-1.05657235714554,0.290706801850003,0.385772289194797,-0.157374586367195,0.166003762228038,"OCEL1"
"ENSG00000162511",1029.09625019162,0.233945862909641,0.221439596861789,1.05647709906037,0.290750298168006,0.385772289194797,0.176955699251794,0.200531225767806,"LAPTM5"
"ENSG00000179335",479.173609690153,0.17049598123371,0.161376292015035,1.05651195169254,0.290734383408186,0.385772289194797,0.145310366954783,0.151447013193604,"CLK3"
"ENSG00000079337",49.8147456622772,-0.275254225238265,0.260754016266641,-1.05560876560688,0.29114699451437,0.386259706748912,-0.19170875746345,0.221995488535367,"RAPGEF3"
"ENSG00000167377",11.4250366026594,-0.254008460645694,0.240894649459004,-1.05443795126268,0.291682454581947,0.386931102974903,-0.184919993635959,0.210798727602482,"ZNF23"
"ENSG00000130988",5892.09473792254,-0.120822146692384,0.114658504124019,-1.05375652347338,0.291994403186002,0.38730589485663,-0.105119249968663,0.109583751451787,"RGN"
"ENSG00000254726",39.0183355427019,0.214972751811058,0.204060986953834,1.05347305734482,0.292124236213944,0.387439074644182,0.168716371002453,0.186014172525544,"MEX3A"
"ENSG00000005238",201.044312611696,0.128775865118877,0.122255800734615,1.05333132943455,0.292189164907896,0.38748615483253,0.116952666265554,0.117106896996918,"ATOSB"
"ENSG00000138823",6907.42982524518,-0.168803059586084,0.160492757107867,-1.0517799222094,0.292900532761281,0.388390413368418,-0.129488245160305,0.147748185455713,"MTTP"
"ENSG00000107562",3322.44513266789,-0.144493260146782,0.137411890113011,-1.05153389585099,0.293013450118453,0.388501015534699,-0.12728156651891,0.129511057396752,"CXCL12"
"ENSG00000009844",613.881122245819,-0.169475216545452,0.161234863688781,-1.05110776086602,0.293209100063598,0.388721277961668,-0.142652316796824,0.149201695912738,"VTA1"
"ENSG00000130150",191.807881125197,-0.204626118480866,0.194807597753904,-1.05040111802706,0.293533731846224,0.389112476186808,-0.163497736324256,0.17560520491304,"MOSPD2"
"ENSG00000131016",433.529211112923,-0.289109415864775,0.275506458286249,-1.04937436916412,0.294005849943396,0.38969908591108,-0.195095347849,0.230677110435264,"AKAP12"
"ENSG00000188811",700.284637706384,-0.119974381465689,0.114345797217073,-1.04922423373315,0.294074927639071,0.389751409029194,-0.109357452790891,0.109524846231629,"NHLRC3"
"ENSG00000168874",336.941677016596,-0.257604672960573,0.245571978392489,-1.04899864653471,0.294178741346081,0.389849754258934,-0.184548038253561,0.211407255694693,"ATOH8"
"ENSG00000146205",16.5310047708074,-0.267777509405872,0.255407965033302,-1.04843053493245,0.294440291323786,0.390157092951789,-0.189318025335158,0.219503935202613,"ANO7"
"ENSG00000173930",248.032179290991,-0.318849482089251,0.304169701743654,-1.04826180997464,0.294517999751739,0.390220789446654,-0.201628541639581,0.247559231126248,"SLCO4C1"
"ENSG00000154856",37.7077656040528,0.447983315989714,0.427412930540278,1.04812766292174,0.294579792693851,0.390224122206181,0.199877699301884,0.325015442935041,"APCDD1"
"ENSG00000198732",1604.54125245008,-0.158013217212517,0.15075165451207,-1.04816904148715,0.294560731316375,0.390224122206181,-0.132760380937036,0.140444379180868,"SMOC1"
"ENSG00000072736",468.685947258746,0.0990906447410802,0.0945594011678643,1.04791954599175,0.294675676009955,0.390311866232099,0.0932655865987799,0.092060006021024,"NFATC3"
"ENSG00000071073",234.569674609217,-0.193214784467677,0.184596963402554,-1.04668452235766,0.295245104531384,0.391026762524917,-0.156044825860905,0.167571688516998,"MGAT4A"
"ENSG00000136425",11.9653114206548,-0.337344943012235,0.322349219437438,-1.04652011753268,0.295320961704466,0.391087887930095,-0.204805588470576,0.26104941637905,"CIB2"
"ENSG00000155265",12.7125703032778,0.411162620207124,0.392918135808401,1.0464332967507,0.29536102649531,0.391101606641583,0.204514638382129,0.307721649422914,"GOLGA7B"
"ENSG00000162496",3345.34749623802,-0.106342354605805,0.101652561397798,-1.04613551437877,0.295498470424086,0.391244253982655,-0.101700125157694,0.0982055463213197,"DHRS3"
"ENSG00000111266",1147.92275191467,0.140808540868378,0.134651253777435,1.04572766252233,0.295686787330417,0.391454222422551,0.125675675267009,0.128285495592352,"DUSP16"
"ENSG00000139618",29.7761647877009,0.267990113190976,0.256439980378174,1.04504029674222,0.296004345622407,0.391835231697628,0.188072867932262,0.225530446430512,"BRCA2"
"ENSG00000091129",14.4653392503626,0.486650546356838,0.465812400274371,1.04473506087471,0.296145435671262,0.391982588322895,0.196731148217661,0.337362302178735,"NRCAM"
"ENSG00000102038",1539.65206788996,-0.135703750219885,0.129904290660775,-1.04464409550762,0.296187491556832,0.391985909653978,-0.120447357217555,0.123088733775651,"SMARCA1"
"ENSG00000138658",45.9649014612913,-0.200429534340632,0.191871886579695,-1.04460084233019,0.29620749013728,0.391985909653978,-0.1611037140964,0.173645036687077,"ZGRF1"
"ENSG00000214456",897.045779276593,-0.322482028115695,0.308863559954732,-1.04409218155408,0.296442742817753,0.392257804214928,-0.201770980566771,0.250045829341381,"PLIN5"
"ENSG00000204427",11.1628610778146,0.238106738826806,0.228143334153563,1.04367168872239,0.296637312688836,0.392475817391339,0.178729381731118,0.202003564100691,"ABHD16A"
"ENSG00000085511",341.006776261576,0.0888417618756831,0.0851440162337735,1.04342930725463,0.296749505915719,0.392584806560124,0.0853065629307337,0.083218070813931,"MAP3K4"
"ENSG00000198517",104.395923404464,0.210858641170211,0.202118157826367,1.04324442414201,0.296835103455473,0.392658592594671,0.166196824300326,0.184759111495623,"MAFK"
"ENSG00000113441",337.295351000712,-0.153444051223597,0.147158524082961,-1.04271262694299,0.297081408000417,0.392944928444192,-0.132787099383402,0.137680408977273,"LNPEP"
"ENSG00000130653",357.378266726588,0.28916173747223,0.277343502955784,1.04261226381903,0.297127907009783,0.392966953660553,0.192967100032765,0.241714915926498,"PNPLA7"
"ENSG00000101624",72.9942857386559,-0.143999811016798,0.138203019913125,-1.04194402631228,0.297437630657985,0.393297564049717,-0.126831354163926,0.130278958528049,"CEP76"
"ENSG00000135069",3629.81171329474,-0.190565094349423,0.182887274433732,-1.04198115992194,0.297420413815742,0.393297564049717,-0.151479027787808,0.165978202988648,"PSAT1"
"ENSG00000121797",18.6168470199143,-0.262459063856936,0.251998431358252,-1.04151070481789,0.297638587592653,0.393523764234272,-0.186590439298844,0.217377091500002,"CCRL2"
"ENSG00000100351",25.4411931950502,0.274612540917395,0.263834765344311,1.04085047533072,0.297944949657431,0.393849719597363,0.189140494554007,0.230810355051711,"GRAP2"
"ENSG00000153944",234.875398824914,0.105330391932484,0.101193365146978,1.04088239164195,0.29793013489146,0.393849719597363,0.0984348316449039,0.0981260669740385,"MSI2"
"ENSG00000141425",491.948074899221,-0.13233045196532,0.127160189720666,-1.04065944110347,0.298033633331824,0.393927398498825,-0.11982334359718,0.120809630288451,"RPRD1A"
"ENSG00000234906",64.3452674098873,0.316781727668571,0.304572236559926,1.04008734100832,0.298299324395659,0.394238998694363,0.197727097018243,0.259403974058655,"APOC2"
"ENSG00000241839",204.728057573183,0.195470526318864,0.187959895620948,1.03995868732052,0.298359094697694,0.394278414211566,0.159281954080023,0.173408693467146,"PLEKHO2"
"ENSG00000004700",311.590142308617,0.154043690421662,0.148229654937419,1.0392231600802,0.298700961632104,0.394658950943957,0.127082044384682,0.140071707949937,"RECQL"
"ENSG00000198783",147.933090961219,0.0850070390481482,0.0817996612563935,1.03921015982819,0.298707006391959,0.394658950943957,0.0811379649086549,0.0800210325280904,"ZNF830"
"ENSG00000146007",784.141608680143,0.0726377340998673,0.0699053464716721,1.039086962101,0.298764294002782,0.394676565358966,0.0704674234548938,0.0688118908611494,"ZMAT2"
"ENSG00000156873",309.842421395081,0.202264356695304,0.194662295595755,1.03905256062189,0.298780292186906,0.394676565358966,0.161872497828675,0.17895387977791,"PHKG2"
"ENSG00000135932",729.653711282012,-0.131007443064749,0.126252103360211,-1.03766542954909,0.299425844899806,0.395462800864278,-0.114571522065671,0.119909630997736,"CAB39"
"ENSG00000235863",18.7307867675972,0.231309134046942,0.222917503465859,1.03764455662123,0.299435565989365,0.395462800864278,0.175068931399015,0.199194346493867,"B3GALT4"
"ENSG00000177685",26.6256496297298,0.361930577313546,0.348831986544963,1.03754985572946,0.299479673412052,0.39548138216079,0.201981096693981,0.285449678797005,"CRACR2B"
"ENSG00000124151",461.984407997688,0.133892195599587,0.129104359687757,1.0370850056761,0.299696242543367,0.395727683213917,0.116136293039922,0.123512962923475,"NCOA3"
"ENSG00000105640",2292.9752433353,0.170701524082249,0.164844478637205,1.03553073474748,0.300421120650292,0.396605012499274,0.143244776809439,0.154269808501836,"RPL18A"
"ENSG00000166199",178.158718312757,-0.0865894680656226,0.0836234200706473,-1.03546910653103,0.300449886773847,0.396605012499274,-0.0857450094670803,0.0817030381940504,"ALKBH3"
"ENSG00000204946",57.7070938611452,-0.219815417929414,0.212286335809216,-1.03546663562446,0.300451040154015,0.396605012499274,-0.169756851276929,0.188575040474689,"ZNF783"
"ENSG00000172315",136.124717891886,0.108592543780658,0.10488274229536,1.03537094286542,0.300495710292936,0.396624212703438,0.100378092964057,0.101430879159941,"TP53RK"
"ENSG00000242265",487.169265265934,0.485833280270015,0.46957477241873,1.03462389550346,0.300844590077551,0.39704489504421,0.193873590174991,0.340550994009176,"PEG10"
"ENSG00000137693",619.265965344235,-0.148151489808591,0.143211769426767,-1.03449241917474,0.300906018963677,0.39704636657404,-0.129562446350298,0.134394108463428,"YAP1"
"ENSG00000158488",15.0462321615894,-0.371730279897036,0.359322750003226,-1.03453032098218,0.300888309475334,0.39704636657404,-0.209511077992234,0.278093524995884,"CD1E"
"ENSG00000121310",8864.3030382311,0.269112807523603,0.260416962296379,1.03339200776533,0.301420485132599,0.397685349960497,0.185729168538185,0.229385833657215,"ECHDC2"
"ENSG00000174886",150.437824385435,-0.273734125224405,0.264906431898817,-1.03332381649744,0.301452385287956,0.397687585641405,-0.189381400578682,0.224006723716706,"NDUFA11"
"ENSG00000175782",200.021824016744,0.0856038787045829,0.0829258485220045,1.03229427531113,0.301934282057216,0.398283414243593,0.081322938781633,0.0810402434668181,"SLC35E3"
"ENSG00000113924",9648.14368884163,0.141391941320717,0.137046076003707,1.03171097957516,0.302207532366872,0.398603924177744,0.12564900159943,0.130368737835458,"HGD"
"ENSG00000107957",1015.94930165639,-0.275734836734166,0.267359863837705,-1.03132472008418,0.302388569743478,0.398762811422539,-0.188104075807547,0.225055962521998,"SH3PXD2A"
"ENSG00000127914",1636.62193164507,0.183588897785634,0.178005552174182,1.03136613180464,0.302369156880291,0.398762811422539,0.152440472222089,0.165267769284293,"AKAP9"
"ENSG00000137312",1093.6246550286,-0.106105205598324,0.102900267398982,-1.03114606288548,0.302472329638208,0.398833319180435,-0.0979076616060464,0.0992887313357053,"FLOT1"
"ENSG00000137055",431.002544384156,0.110011622724973,0.106709077944277,1.03094905179877,0.30256471228166,0.398915181444055,0.101781810324831,0.103157876574628,"PLAA"
"ENSG00000142856",72.5613772630872,-0.227985730785041,0.22129175210496,-1.0302495624731,0.302892869138693,0.399276170878704,-0.172898704656638,0.194961637332024,"ITGB3BP"
"ENSG00000198695",1597.52930394012,-0.278751262161188,0.270570259423324,-1.03023614921795,0.302899164114879,0.399276170878704,-0.189424484599434,0.22714470111611,"MT-ND6"
"ENSG00000175854",269.919481011384,0.125130379624179,0.12147669075423,1.03007728352875,0.302973728004788,0.399334478217143,0.113884676334164,0.11655887862985,"SWI5"
"ENSG00000054654",856.822663159134,0.151098226560573,0.146699740310428,1.02998291776684,0.303018024517712,0.399352883963984,0.132091800140267,0.138751393219432,"SYNE2"
"ENSG00000153560",902.175415230417,0.124466365596214,0.120886699829846,1.02961174199814,0.303192301014134,0.399542571829856,0.103661667168174,0.115911543833092,"UBP1"
"ENSG00000137077",217.744608963107,-0.432136390294789,0.419829522179859,-1.02931396546634,0.303332162853809,0.399676956502744,-0.210484805192508,0.301214884552134,"CCL21"
"ENSG00000137699",18.8697363970366,0.487318139011675,0.473462096123837,1.02926536886749,0.303354992126076,0.399676956502744,0.192674750076805,0.339140723252306,"TRIM29"
"ENSG00000105497",110.212076356036,0.0989067831077429,0.0961109034596664,1.0290901401135,0.303437318993227,0.399745421439346,0.0930100186723801,0.093337225723772,"ZNF175"
"ENSG00000198324",150.126494176128,0.194246610869483,0.188972221453774,1.02791092455353,0.303991730218295,0.400435729870343,0.156803393584725,0.174183463105117,"PHETA1"
"ENSG00000153046",98.3392776413517,-0.0823935820717446,0.0802595092913613,-1.02658965646844,0.304613726613136,0.401214918426225,-0.0787194334890978,0.0786226564015692,"CDYL"
"ENSG00000075651",1041.79430110452,0.139842875013933,0.136269665759935,1.02622160430255,0.304787140140171,0.401397956920044,0.124810851383172,0.129701313009218,"PLD1"
"ENSG00000139352",57.4099104935769,0.882814628229684,0.860358729988745,1.02610062228488,0.304844157013787,0.401397956920044,0.0186866613706493,0.342972636925087,"ASCL1"
"ENSG00000163686",1138.03410653592,0.100266678960664,0.0977157591873184,1.02610551045769,0.304841853159562,0.401397956920044,0.0998362903787688,0.0950707332620763,"ABHD6"
"ENSG00000212907",49028.661937832,-0.253457940618139,0.247241372764807,-1.02514372001665,0.305295379029884,0.401951896030745,-0.171370518571111,0.210643022109918,"MT-ND4L"
"ENSG00000129646",49.4075380545844,0.366557752460076,0.357643303971888,1.02492552884169,0.305398327882123,0.402047233766226,0.198909255509238,0.290484613254199,"QRICH2"
"ENSG00000175387",522.108400055113,-0.100968489558315,0.0985293367821785,-1.02475559925394,0.305478521482675,0.402112598864317,-0.0940901505675682,0.0953313982796933,"SMAD2"
"ENSG00000125895",20.1168028373656,-0.385045405074015,0.375812033664624,-1.02456912121561,0.305566540741993,0.402149774991685,-0.208496454675293,0.284540293352441,"TMEM74B"
"ENSG00000137860",23.7112956155988,0.268179459028465,0.261749237760258,1.02456634190506,0.305567852727998,0.402149774991685,0.185256913098325,0.229001293020274,"SLC28A2"
"ENSG00000116882",6105.2235234092,-0.115664789704304,0.112944163728386,-1.02408823870227,0.305793599086972,0.402366432698288,-0.104755721365643,0.108261942179933,"HAO2"
"ENSG00000125848",213.919119251291,0.257624866171201,0.251564628887358,1.02409018036696,0.305792682066072,0.402366432698288,0.182379094466299,0.222577781646286,"FLRT3"
"ENSG00000091732",263.674943382427,0.104220886611246,0.101789736353373,1.02388404121053,0.305890048867353,0.40245312115395,0.0974004007603387,0.0986413090939211,"ZC3HC1"
"ENSG00000099250",1054.26748676797,-0.180775892238457,0.176619569623359,-1.02353262791865,0.306056081154614,0.402631331383059,-0.148286292392294,0.161289647891436,"NRP1"
"ENSG00000124217",111.879670700864,0.08288757688675,0.0810005040826872,1.02329705012868,0.306167418067821,0.402737558825151,0.0791251752164293,0.0792487607897369,"MOCS3"
"ENSG00000101353",60.2763615317732,-0.167814981490442,0.164101553334544,-1.02262884220436,0.306483367268291,0.403072621461824,-0.142114193396874,0.151845794390813,"MROH8"
"ENSG00000184845",55.6271635605333,-0.344593452195605,0.33696486668797,-1.02263911244699,0.306478509548397,0.403072621461824,-0.203349952298828,0.265043230603862,"DRD1"
"ENSG00000156858",218.106937139976,0.239923931406588,0.234863431982825,1.02154656168072,0.306995560881371,0.403705908366373,0.176286309778959,0.210131364841667,"PRR14"
"ENSG00000133858",387.314703930029,0.149360999542509,0.14628906135987,1.02099909695286,0.307254866558809,0.40400654879789,0.130635460372599,0.138329792016004,"ZFC3H1"
"ENSG00000162882",3349.99545388937,-0.157746318166322,0.154540151196871,-1.02074649820528,0.307374558377864,0.404123570561509,-0.129897098080331,0.143353695653747,"HAAO"
"ENSG00000150337",15.8617140903879,0.412300568632223,0.403974107406026,1.02061137353496,0.307438598752523,0.404127055828246,0.198351448589391,0.311532284003604,"FCGR1A"
"ENSG00000198026",187.574235185732,0.206759828039304,0.202572261253173,1.02067196545186,0.307409881001378,0.404127055828246,0.162727713798978,0.184998633463516,"ZNF335"
"ENSG00000221916",13.7496740076681,0.258865649427287,0.253896624040489,1.01957105733712,0.307931937270569,0.404735138874345,0.182970559122001,0.221133166656505,"C19orf73"
"ENSG00000119638",1225.06121762758,0.0591942575086514,0.0580632157107019,1.01947948945137,0.307975385642183,0.404751839425532,0.055675914366527,0.0574347314294939,"NEK9"
"ENSG00000119943",293.684225297596,0.358175363957764,0.351418512767111,1.01922736266069,0.308095039139378,0.404868678042624,0.197825000340021,0.287522111941799,"PYROXD2"
"ENSG00000104936",73.3166419677585,0.355014187495659,0.348351701536436,1.01912574541717,0.308143273009006,0.404891649943769,0.197421244381911,0.285207717648597,"DMPK"
"ENSG00000093183",312.90673583809,0.082643903806748,0.0811015933577264,1.01901701785585,0.308194887410018,0.404919058740675,0.0786955744910181,0.0793831077323636,"SEC22C"
"ENSG00000101084",17.2498506129199,-0.241494695867382,0.237083171496557,-1.01860749686693,0.308389343736766,0.405134114911022,-0.17795134011694,0.206791338207676,"RAB5IF"
"ENSG00000144559",86.2134111895653,-0.159717842744487,0.156845531655387,-1.01831299278204,0.308529235763293,0.405277453662527,-0.136354436829883,0.14577741567056,"TAMM41"
"ENSG00000084093",279.730077982801,-0.176774051648703,0.173663969705947,-1.01790861943339,0.30872138501494,0.405489400948394,-0.145653932708012,0.159016010561817,"REST"
"ENSG00000175348",440.664200115052,0.113198605005885,0.111236194114433,1.0176418377766,0.308848197055998,0.405615497500177,0.103286481853454,0.107307572213166,"TMEM9B"
"ENSG00000132744",385.782764286486,0.18522424191088,0.182190514231734,1.01665140302138,0.309319291700931,0.406117975262752,0.151725945477585,0.168709511185516,"ACY3"
"ENSG00000134371",275.879711643054,-0.188079910286806,0.185000957427199,-1.01664290229859,0.309323337075412,0.406117975262752,-0.152402176762357,0.167840077076049,"CDC73"
"ENSG00000157399",1906.7814720484,0.191865626528,0.188703510927544,1.01675705759216,0.309269015093497,0.406117975262752,0.157598532261986,0.173976191798462,"ARSL"
"ENSG00000137814",175.592638628878,0.118664618341586,0.116752109858242,1.01638093294987,0.309448021746076,0.40624116604934,0.111918722682411,0.112172507308247,"HAUS2"
"ENSG00000151116",206.869164195532,-0.16961497929251,0.167021897731818,-1.01552539874056,0.309855445704746,0.406683845710538,-0.142114596845274,0.153832593531048,"UEVLD"
"ENSG00000151247",307.141471231013,-0.14161429319846,0.139441916197174,-1.01557908167451,0.309829870313274,0.406683845710538,-0.123405909209541,0.131146551752049,"EIF4E"
"ENSG00000189369",237.862245889446,-0.0987999956114591,0.0972940506669698,-1.01547828396665,0.309877893070645,0.406683845710538,-0.0924771312765581,0.094311443766269,"GSPT2"
"ENSG00000113088",66.0129577562303,-0.274225933930565,0.270195546947924,-1.01491655590985,0.310145605557697,0.406982465699892,-0.187474593950467,0.227175396964647,"GZMK"
"ENSG00000169851",18.5849747702504,-0.333772925299245,0.328896870219884,-1.01482548336839,0.310189023961498,0.406982465699892,-0.201774757765107,0.261836576372438,"PCDH7"
"ENSG00000196735",699.997884699784,0.287830972243041,0.283631437219314,1.01480631013578,0.310198165220904,0.406982465699892,0.188718711847124,0.245173827029373,"HLA-DQA1"
"ENSG00000147852",61.9754418821592,0.282686179335187,0.27863376630216,1.01454386913262,0.310323307607975,0.407106084891053,0.188654864736031,0.241204322003626,"VLDLR"
"ENSG00000259120",41.3478464458777,-0.160435639766241,0.158166712350538,-1.01434516392219,0.310418080382612,0.407189842215549,-0.137275013712823,0.147155644332731,"ERLN"
"ENSG00000060642",712.161533006266,-0.082335187486857,0.0812061354484411,-1.01390353120711,0.310628786241399,0.407412709085488,-0.0752277364180444,0.0793043506770326,"PIGV"
"ENSG00000147874",169.534108690345,-0.1628081156788,0.160582545730618,-1.01385935151331,0.31064986985487,0.407412709085488,-0.139295648884596,0.148740323612194,"HAUS6"
"ENSG00000187147",450.837927199673,0.0840438236539666,0.0830817815756226,1.01157945893912,0.311739171372487,0.408800590666351,0.0804253403011621,0.0813114172429838,"RNF220"
"ENSG00000205045",10.8822796147051,-0.292136317247036,0.28896193024063,-1.01098548519441,0.312023376894672,0.409132534627552,-0.191393186329294,0.240195267901806,"SLFN12L"
"ENSG00000112715",2957.83690843419,-0.183747165291642,0.181825090829559,-1.01057100784778,0.312221797815394,0.409322818898152,-0.149111103971234,0.165240744057575,"VEGFA"
"ENSG00000162630",10.1350007637907,-0.344138886115665,0.340545292797451,-1.0105524680394,0.312230675238808,0.409322818898152,-0.199895348250387,0.269245311146629,"B3GALT2"
"ENSG00000117280",487.05442345583,0.107794022249253,0.106726662938282,1.01000086840144,0.312494873989653,0.409628386195517,0.10014674980873,0.103186838541817,"RAB29"
"ENSG00000047644",139.482835151225,-0.108798115921777,0.107736857829182,-1.00985046449264,0.312566938242527,0.409682061612854,-0.100935168597752,0.103625956560285,"WWC3"
"ENSG00000163508",43.3976615916475,-0.213606365743509,0.2117481064335,-1.00877580131085,0.313082168921303,0.410316527574943,-0.164877935558602,0.18811328214257,"EOMES"
"ENSG00000116574",856.270201225126,-0.098967578659692,0.0981224477437272,-1.00861302317052,0.313160259124529,0.410378020467159,-0.0916513957019152,0.0950055487580627,"RHOU"
"ENSG00000117594",11191.2520628776,-0.119128288568924,0.118144981675356,-1.00832288328818,0.313299480876612,0.410519602430481,-0.101560780639183,0.112469992849886,"HSD11B1"
"ENSG00000204388",176.12257628076,-0.219660135808956,0.217883731381445,-1.00815299249856,0.313381020786665,0.41058558261292,-1.14411038094175,0.216058105285803,"HSPA1B"
"ENSG00000047249",296.600387555886,-0.0871509004272781,0.0864646614416572,-1.00793664109914,0.31348487991088,0.410680788945935,-0.0755960364276642,0.0841336731913547,"ATP6V1H"
"ENSG00000126432",2767.93962422757,-0.134751082818591,0.133715128533849,-1.00774747252687,0.313575708525591,0.410758907416967,-0.119433802547108,0.126318046054556,"PRDX5"
"ENSG00000152433",32.4875542760947,-0.207146231569585,0.205573054993113,-1.00765263996551,0.313621248557903,0.410777691853696,-0.162237536350764,0.18361361718117,"ZNF547"
"ENSG00000128829",724.867272788528,-0.139722295134613,0.138684749283144,-1.00748132622248,0.313703527043953,0.410844587392887,-0.122914985105776,0.130528104044746,"EIF2AK4"
"ENSG00000171049",13.0520862433172,0.514076360474129,0.51048133253919,1.00704242781427,0.313914385771795,0.411079849121887,0.181438035254322,0.346305365603236,"FPR2"
"ENSG00000090686",692.514181652675,-0.0850365647785396,0.0844546400960083,-1.00689038141504,0.313987454735956,0.411134642372312,-0.0785316626051607,0.0823254823437877,"USP48"
"ENSG00000145494",661.120387006932,0.147906026086089,0.146922053795806,1.00669724023632,0.314080288756758,0.411215302483242,0.129585879451991,0.138913947138449,"NDUFS6"
"ENSG00000254004",202.495166184069,-0.117184094722285,0.116491977238823,-1.00594133175405,0.31444379254141,0.41165029060358,-0.0975081919391643,0.111064542831087,"ZNF260"
"ENSG00000099385",215.592871594441,-0.18370834724682,0.182657047452468,-1.00575559393418,0.314533153080814,0.411726336593955,-0.149256652410084,0.166046373932429,"BCL7C"
"ENSG00000106789",133.226842341158,0.201268357062451,0.20013177537812,1.00567916655006,0.31456992799694,0.41173353931879,0.158984940085891,0.183030779188688,"CORO2A"
"ENSG00000123360",40.8462450450575,-0.247774230797873,0.246509844586326,-1.00512915098247,0.314834664887987,0.412039085279844,-0.17800847377554,0.21208816635225,"PDE1B"
"ENSG00000078098",12.1065519540208,0.562090261891097,0.559500280187706,1.00462909813472,0.315075480467016,0.41231326665627,0.170426371980797,0.355730660582442,"FAP"
"ENSG00000011295",678.382114801485,0.0864823209377353,0.0860970277073459,1.00447510489792,0.31514966494002,0.412360050718278,0.0823057835682845,0.0841198656753624,"TTC19"
"ENSG00000152580",25.2293760118005,-0.312529532269626,0.311172862849936,-1.00435985775644,0.315205191434661,0.412360050718278,-0.195035038287281,0.251596752940294,"IGSF10"
"ENSG00000164597",277.555178379458,0.148075891576613,0.147428884051451,1.00438860762817,0.315191339039499,0.412360050718278,0.128555596365193,0.139272727684858,"COG5"
"ENSG00000177688",13.4235442211668,0.432448818942048,0.430641167785377,1.0041975809372,0.31528338789732,0.41242136960319,0.193396632032312,0.321116900379522,"SUMO4"
"ENSG00000078487",120.181088955345,-0.180954966463067,0.180224005911304,-1.00405584454783,0.315351696952632,0.412428771439192,-0.148437143489376,0.164220008996107,"ZCWPW1"
"ENSG00000197147",76.7177833539408,-0.217939325289342,0.217049108924688,-1.00410145136769,0.315329715941608,0.412428771439192,-0.166494070406124,0.191644324044408,"LRRC8B"
"ENSG00000175183",339.840255730917,-0.18600412572351,0.185271265269277,-1.003955607758,0.315400011378271,0.41245098826046,-0.150279929120915,0.167933391279311,"CSRP2"
"ENSG00000008869",552.141076089465,-0.147249419438896,0.146756548700427,-1.00335842415778,0.315687956395289,0.412786536289639,-0.12790291958389,0.137280971885499,"HEATR5B"
"ENSG00000120915",5711.66144504032,0.106729516330232,0.106414178826572,1.00296330345389,0.315878567277818,0.412953750052601,0.100776521086271,0.102887672936103,"EPHX2"
"ENSG00000141753",15276.4970460925,-0.126881908563257,0.126506887259928,-1.00296443388539,0.315878021836578,0.412953750052601,-0.113872902485373,0.120128821599882,"IGFBP4"
"ENSG00000173214",65.3800179312368,0.135734677302565,0.135352575668032,1.00282300970371,0.315946264811262,0.413001243298757,0.120355924503077,0.128512492256487,"SLC60A2"
"ENSG00000075188",140.682956201953,-0.102789509174271,0.102552949858615,-1.00230670415607,0.316195485608154,0.413244963620901,-0.0928662963710526,0.0990376580914173,"NUP37"
"ENSG00000130177",932.011972946555,-0.0918840844074592,0.0916715084615658,-1.00231888783615,0.316189603057014,0.413244963620901,-0.0867860365261023,0.0890588427824695,"CDC16"
"ENSG00000137731",11.7796426349949,0.399087597153463,0.398300506685129,1.00197612218695,0.3163551253376,0.413412563791051,0.194853828082543,0.306931984306884,"FXYD2"
"ENSG00000153563",73.7879258152231,-0.287437351300615,0.286963462072653,-1.00165139221746,0.316511990597423,0.413576505379682,-0.189354415415125,0.236988274672619,"CD8A"
"ENSG00000187605",248.944741146319,-0.144772385309752,0.144546215718119,-1.00156468704843,0.316553883348917,0.413590198290348,-0.123784242997213,0.135365619355545,"TET3"
"ENSG00000168394",475.115319439284,0.13691316524802,0.136783869901967,1.00094525287335,0.316853277019214,0.413940290259473,0.121591724052759,0.130026932705925,"TAP1"
"ENSG00000185414",377.225795705526,-0.0894815875245668,0.0894415085618447,-1.00044810249029,0.317093701081158,0.414213281916314,-0.0835829306064284,0.0870269485614033,"MRPL30"
"ENSG00000175356",11.2653394456205,-0.361666938346579,0.361602809508504,-1.00017734607251,0.317224690357977,0.414343281076698,-0.201093681462454,0.277802559183798,"SCUBE2"
"ENSG00000250067",13.7689484444577,0.45025574697593,0.45033663463249,0.999820384018668,0.317397439287626,0.41452779343923,0.189994805900152,0.328280844400362,"YJEFN3"
"ENSG00000077157",388.00644172372,0.104793414724659,0.104845464969875,0.999503552726567,0.317550818911867,0.414686974984492,0.0962576879663084,0.101396081223555,"PPP1R12B"
"ENSG00000175063",10.2101010143674,-0.326621183209205,0.326956838425589,-0.998973395944247,0.31780757913399,0.414981115429744,-0.196482922417665,0.261179322051865,"UBE2C"
"ENSG00000174165",79.581602387164,0.131695957403035,0.131881168276044,0.998595623048913,0.317990621312181,0.415178948849284,0.117755490040576,0.125561789620438,"ZDHHC24"
"ENSG00000166452",133.282996417796,-0.0877975294723193,0.0880276881724481,-0.997385382884554,0.318577483622308,0.415903931519217,-0.0830121207462301,0.085848488654326,"AKIP1"
"ENSG00000159346",1752.35957127137,-0.0791180550945811,0.0793807400426863,-0.996690822635769,0.318914605684728,0.416302766056428,-0.075602369781213,0.0776535965353754,"ADIPOR1"
"ENSG00000164258",890.552187131192,-0.103370562149656,0.103826766270351,-0.995606102962819,0.319441568313909,0.416949309846429,-0.095934415851449,0.100139347001689,"NDUFS4"
"ENSG00000149798",49.9594151231309,0.194720991905602,0.195597781051109,0.99551738705421,0.319484692166978,0.416964260217133,0.155212141857101,0.178867307370885,"CDC42EP2"
"ENSG00000142892",437.259312933284,-0.161511097134213,0.162254605404563,-0.995417644580896,0.319533180463367,0.416986208145574,-0.136645801153328,0.149933708662605,"PIGK"
"ENSG00000184154",138.162616630123,-0.0912341588715747,0.0916764269291295,-0.995175771216556,0.31965078353804,0.417098336576991,-0.0852901786914581,0.0891543368933177,"LRRC51"
"ENSG00000005175",235.434417587312,-0.160892229411288,0.161706534885117,-0.994964300766154,0.319753627379287,0.417191186014835,-0.136413624186655,0.149538529989793,"RPAP3"
"ENSG00000149084",1931.0502857958,-0.199072651532533,0.20022615443246,-0.994238999878929,0.320106525360933,0.417569445088484,-0.156116772313315,0.179033733706982,"HSD17B12"
"ENSG00000213398",2710.74983014325,-0.154480139691387,0.155375400355351,-0.994238079760905,0.320106973209636,0.417569445088484,-0.126882004690825,0.143930522254924,"LCAT"
"ENSG00000124226",883.634948802816,-0.0494392467484296,0.0497664567639426,-0.993425089170703,0.320502839923398,0.418044421481223,-0.0485028525249344,0.049340982638772,"RNF114"
"ENSG00000108786",10.6386416939069,0.296205071957377,0.298234981962467,0.993193588519586,0.320615622245985,0.418150102277429,0.188563591801403,0.250161330512564,"HSD17B1"
"ENSG00000147113",23.6029938611162,-0.354145869378097,0.356857516164348,-0.992401317995494,0.321001796290242,0.418612287040147,-0.199165722688472,0.274318089305331,"DIPK2B"
"ENSG00000108950",1343.62598170247,-0.155761330244793,0.156981202968706,-0.992229179667091,0.321085741326909,0.418680288235128,-0.132634251409937,0.145613097856823,"FAM20A"
"ENSG00000164163",653.438521917483,-0.180213973615176,0.181739885970193,-0.991603866444226,0.32139080244189,0.419036572088525,-0.146980727494952,0.165181734730443,"ABCE1"
"ENSG00000143315",178.799097056118,-0.115490899670891,0.116480227889249,-0.991506470786618,0.321438334265038,0.419057046136596,-0.103869757404765,0.111375209378198,"PIGM"
"ENSG00000003402",1206.40104453833,0.0849655240075419,0.0857087124979351,0.99132890380997,0.321525003762337,0.419128534607419,0.0913083231308228,0.0835505826697173,"CFLAR"
"ENSG00000169855",118.585857273597,-0.24806062440886,0.250338947775103,-0.990899045528106,0.32173487847979,0.419360598957025,-0.176642459817,0.213982489348508,"ROBO1"
"ENSG00000171051",67.2810343857994,0.367919426485756,0.371392336053098,0.990648946598495,0.321857028339561,0.419478285004817,0.193067307352905,0.296062539032584,"FPR1"
"ENSG00000184898",183.112748660674,-0.197251937512105,0.199132319132583,-0.990557124887268,0.321901882225849,0.41949521739934,-0.155342876154108,0.178338827256676,"RBM43"
"ENSG00000170364",149.040410500824,-0.101900548625616,0.102898509152155,-0.990301506457559,0.322026770478197,0.419616435086693,-0.0946896526380177,0.0993270585612664,"SETMAR"
"ENSG00000161381",17.4158401846973,-0.352120584546317,0.355604216329885,-0.990203626325016,0.322074600435616,0.419637228039122,-0.198377850101921,0.274031513323476,"PLXDC1"
"ENSG00000110665",22.9264293409392,-0.245324564950668,0.247887541608596,-0.98966072824275,0.322339976358537,0.419941433676677,-0.175617050433451,0.213193820671053,"C11orf21"
"ENSG00000112210",63.1209212048394,-0.177614326946691,0.179546528292294,-0.989238436610384,0.322546496832794,0.420135853973015,-0.145919209591746,0.163765255555121,"RAB23"
"ENSG00000124098",2254.97362466092,-0.105868605958176,0.107021757089456,-0.989225077567019,0.322553031441534,0.420135853973015,-0.10299549697848,0.103120957610329,"MIMS2"
"ENSG00000184445",123.011614197917,0.191467268802584,0.193593081066144,0.989019172318281,0.322653761420757,0.420225484505459,0.15316797876332,0.177370469154646,"KNTC1"
"ENSG00000104881",53.5462642873369,0.312985345159077,0.316531326809397,0.988797375330705,0.322762288677255,0.42032525150591,0.188684377541099,0.264731160774399,"PPP1R13L"
"ENSG00000101439",3118.68191094754,-0.13809947028052,0.139816386885794,-0.987720204737682,0.3232896964382,0.42090943612136,-0.121063400410826,0.13143771736508,"CST3"
"ENSG00000168778",28.1240517842618,0.197151305455401,0.199584640156082,0.98780800617333,0.323246685797846,0.42090943612136,0.155990983460262,0.181314521051198,"TCTN2"
"ENSG00000180979",144.119217566034,0.103043203587559,0.104327968820905,0.987685323045529,0.323306784710262,0.42090943612136,0.0959833023603663,0.100900524875306,"LRRC57"
"ENSG00000157106",1924.93314143509,-0.180030343658995,0.182344733484089,-0.987307613546756,0.323491859384498,0.421108742402244,-0.144517927040925,0.165418845188219,"SMG1"
"ENSG00000091482",10.7473422186253,0.656259158045594,0.664752716628435,0.987222980259608,0.323533338494142,0.421121100802163,0.151447638561301,0.367920645962118,"SMPX"
"ENSG00000107262",698.055663019375,0.107618058480923,0.10903958180664,0.98696323571529,0.323660661966094,0.421245183416923,0.0999462524022889,0.10528980259735,"BAG1"
"ENSG00000188419",215.131093332917,-0.202487435678602,0.205256939512337,-0.986507136663372,0.323884314909003,0.421494602163876,-0.157058488118346,0.182714674428938,"CHM"
"ENSG00000139193",18.6954852264045,0.305877678776303,0.310158878411363,0.98619675291261,0.324036572384472,0.42165106859201,0.187762437952006,0.259326774818722,"CD27"
"ENSG00000099260",1144.34028899138,0.113516771250483,0.115132856558547,0.985963300517583,0.324151122213733,0.421716766310871,0.104140877008722,0.110810010125649,"PALMD"
"ENSG00000138802",1279.83779686786,-0.189975280599251,0.192669390253829,-0.986016929565051,0.32412480531565,0.421716766310871,-0.148888741041062,0.173108904916777,"SEC24B"
"ENSG00000160055",66.9012100445361,-0.164372161117603,0.166803435174669,-0.985424316624416,0.324415690183424,0.422019264593909,-0.13740435618438,0.153706283170288,"TMEM234"
"ENSG00000119397",158.352289516422,-0.122076689748811,0.123938506560852,-0.98497789860711,0.324634927286693,0.422262739839616,-0.109732840315215,0.117915558632946,"CNTRL"
"ENSG00000012817",64.8949068182066,1.04841834517927,1.06605604894425,0.983455181570945,0.325383463128344,0.423194574290998,0.0905444309270965,0.375110959662953,"KDM5D"
"ENSG00000204536",160.70227591114,0.174480147116273,0.177429321705381,0.983378313343242,0.325421279685438,0.423201952621343,0.144083797465904,0.164387739448354,"CCHCR1"
"ENSG00000197713",409.371808464213,-0.153322665080982,0.156270215261377,-0.981138119151721,0.326524634746201,0.424594897883306,-0.131170544854201,0.145076409558523,"RPE"
"ENSG00000162745",10.2164263149035,-0.315416891334229,0.32155220538789,-0.980919695306522,0.326632344183712,0.424693012396084,-0.191504132053773,0.257874096157971,"OLFML2B"
"ENSG00000164100",36.1133813829597,-0.39983863163069,0.407893067257892,-0.980253560862537,0.326960971751604,0.425078320734829,-0.198528427426016,0.294679133288993,"NDST3"
"ENSG00000162620",17.5544137916695,-0.297525022657775,0.303662927976911,-0.979787110135477,0.327191216095577,0.425335658680329,-0.188726794057178,0.24722080909218,"LRRIQ3"
"ENSG00000198453",76.1729085673793,-0.163637007916375,0.16704590255528,-0.97959306641612,0.327287028849223,0.425418207308606,-0.137492063578798,0.153872353515921,"ZNF568"
"ENSG00000101493",218.009602551147,0.0866807041479439,0.0885860686237145,0.978491375615008,0.327831354766762,0.426083673924895,0.0882703663232188,0.0863555966789541,"ZNF516"
"ENSG00000141756",122.500922287067,0.194541132006789,0.198925320742239,0.977960630054074,0.328093796300164,0.426382679112423,0.153985464959919,0.181600711468862,"FKBP10"
"ENSG00000146476",574.680336029959,-0.179524772230836,0.18364123557122,-0.977584210171642,0.328280009904138,0.426582571101252,-0.145288193581094,0.166529596731206,"DCPH1"
"ENSG00000189129",16.5105861487967,-0.330105328683685,0.337725897510357,-0.977435639721888,0.328353526051603,0.426635993683549,-0.192896944649413,0.264581796613799,"PLAC9"
"ENSG00000129353",444.005951520486,0.159526557160737,0.163235120949219,0.977280846383325,0.328430132787385,0.42669342098665,0.136249950478526,0.152577884462619,"SLC44A2"
"ENSG00000130948",73.6330208484476,-0.416963255098151,0.427227892116472,-0.975973860303291,0.329077418124987,0.427492184216435,-0.197163994933311,0.300971350352078,"HSD17B3"
"ENSG00000156508",73900.0718745469,0.103280246634368,0.105893970261962,0.975317540544298,0.329402772342151,0.427872622401022,0.096081159979413,0.102418953682409,"EEF1A1"
"ENSG00000140470",196.346487932731,0.203120917710167,0.208343945477194,0.974930743703334,0.329594614837225,0.428079579653439,0.157694196120266,0.189060710960963,"ADAMTS17"
"ENSG00000167797",538.95992478132,0.219705201818832,0.225388780389276,0.974783223190491,0.329667800739787,0.428132399343069,0.165754216964239,0.202266778389718,"CDK2AP2"
"ENSG00000164808",230.456036923807,0.07106263873466,0.0729184532468455,0.974549453128098,0.329783797168627,0.428240800229031,0.0685258684342334,0.0716719716896334,"SPIDR"
"ENSG00000156232",141.340856492219,-0.1256705417681,0.12896124305775,-0.974483021320006,0.329816765375809,0.428241374056993,-0.112583499406007,0.122253549636912,"WHAMM"
"ENSG00000117751",396.767927573431,0.0785044104724565,0.0805978207685909,0.97402646527944,0.330043398824385,0.428422377202203,0.0862341391232832,0.0787472554624069,"PPP1R8"
"ENSG00000163145",23.063969901039,-0.235036344563982,0.241325279716962,-0.973940006781073,0.330086327991732,0.428422377202203,-0.169120843668796,0.208804330782239,"C1QTNF7"
"ENSG00000171155",442.118654385045,-0.12752927611801,0.130922432387793,-0.974082697610351,0.330015479771409,0.428422377202203,-0.114360193495206,0.123893132633031,"C1GALT1C1"
"ENSG00000204628",8435.64663562526,-0.0848237914735625,0.0870886739235321,-0.973993375396228,0.330059828489962,0.428422377202203,-0.0786869709999762,0.0848222313019307,"RACK1"
"ENSG00000087191",1565.49349857345,0.0937272549947844,0.0963495724274323,0.972783299742997,0.330661014493216,0.429125965186564,0.0888810490796082,0.0936472462421762,"PSMC5"
"ENSG00000136026",662.778901404284,0.109965481088577,0.113063344877905,0.972600635575807,0.330751826647121,0.429201512875615,0.106507241499586,0.109060559987728,"CKAP4"
"ENSG00000181588",56.5772372377672,-0.141483331964783,0.145481941673544,-0.972514735074587,0.330794537971184,0.429214633579245,-0.123322020599946,0.136377096990458,"MEX3D"
"ENSG00000138336",10.5719911600398,-0.238225142166391,0.245023694831693,-0.972253488912687,0.330924456340962,0.429340893987496,-0.171056753974543,0.212863692065771,"TET1"
"ENSG00000157240",119.176002528187,0.158855434031697,0.163460906747039,0.971825234504124,0.331137499723338,0.429574965154939,0.134655743527015,0.152565129626651,"FZD1"
"ENSG00000006451",359.618358859458,-0.101821070294427,0.104812595673538,-0.97145834086173,0.331320088548634,0.429727148638688,-0.0943739639518385,0.101027333764731,"RALA"
"ENSG00000103404",225.229430452258,-0.112907353479789,0.116220522664782,-0.971492391283176,0.331303140226095,0.429727148638688,-0.102931587177084,0.111184680735819,"USP31"
"ENSG00000148187",383.373723063237,-0.0991864823487856,0.102156307840431,-0.970928613666375,0.331583828190068,0.430026859924196,-0.0924748716667496,0.0986064131727869,"MRRF"
"ENSG00000159259",17.6024343163789,0.252340209661564,0.259979421271425,0.970616091179444,0.331739489972424,0.430186361171765,0.174923499535371,0.225393072372542,"CHAF1B"
"ENSG00000006607",457.611206749134,0.0957534770176578,0.0986672563045909,0.970468629654217,0.331812954282159,0.430239251140329,0.0897760403038713,0.0957452338339363,"FARP2"
"ENSG00000170260",184.359294987043,0.151966083000982,0.156643407223199,0.970140305901592,0.331976560665152,0.430409000267591,0.130734837096714,0.146896991320902,"ZNF212"
"ENSG00000242110",114.407827196171,-0.179267359808912,0.184849196304909,-0.969803295834781,0.332144549715635,0.430584397553766,-0.145597221001349,0.167594406993976,"AMACR"
"ENSG00000109472",308.386289008877,0.3463570545353,0.357192710321346,0.969664398312335,0.332213801796476,0.430631772615182,0.188916354830901,0.28796081202784,"CPE"
"ENSG00000165501",104.744180322167,0.164101532663908,0.16927753176853,0.969422999907038,0.3323341813693,0.430745405779504,0.137888276733227,0.157452186070838,"LRR1"
"ENSG00000072135",636.061003055068,0.176879131530301,0.182533016695895,0.969025411030085,0.332532510785344,0.43092400561704,0.145766380335832,0.168505036595627,"PTPN18"
"ENSG00000108064",457.863021052772,-0.197734154391381,0.204070557663368,-0.968949938959646,0.332570167178699,0.43092400561704,-0.151893683353899,0.181571444293777,"TFAM"
"ENSG00000130997",14.5188752966133,0.238967485430205,0.246608690169981,0.969014860204199,0.332537774898951,0.43092400561704,0.170682642572371,0.215889828744833,"POLN"
"ENSG00000167981",53.0060007678365,-0.148918899843371,0.153707798589262,-0.968844139400577,0.332622959949404,0.430949999084222,-0.12873481051943,0.143131657146266,"ZNF597"
"ENSG00000149548",36.3524319150677,-0.202888800272547,0.209641753285278,-0.967788129478477,0.333150193403051,0.431590617568097,-0.157660014252488,0.186459880654892,"CCDC15"
"ENSG00000132740",186.856090740389,0.255658009137993,0.264249598233681,0.967486841406318,0.333300716170719,0.431743135488359,0.175433332665033,0.230240341418285,"IGHMBP2"
"ENSG00000138138",661.659294602267,-0.138248292360173,0.142965300182952,-0.96700592509691,0.333541071682365,0.432011977350716,-0.120661936795243,0.134054113542289,"ATAD1"
"ENSG00000164125",191.06086019134,-0.311784360990173,0.322538081066876,-0.966659068469893,0.333714495363522,0.432194082820788,-0.188597065646185,0.255481627560594,"GASK1B"
"ENSG00000160712",2899.81765761132,0.160517309701591,0.166073890766893,0.966541513300839,0.333773284573448,0.43222770381568,0.136346241559622,0.154942969373596,"IL6R"
"ENSG00000103510",358.105418066186,-0.124564258953057,0.128911157906411,-0.9662798859001,0.333904148124324,0.432354643411177,-0.111329473941416,0.122199388266936,"KAT8"
"ENSG00000153207",507.928580391055,-0.0983701147986782,0.101813536651043,-0.966179135254219,0.333954551468487,0.432377384662611,-0.0957671695614515,0.0984076236612502,"AHCTF1"
"ENSG00000146733",153.665718098756,0.116513578691636,0.120620760946891,0.965949624069578,0.334069389213311,0.432441016456834,0.105964173480717,0.115773696704406,"PSPH"
"ENSG00000183615",72.4713971500149,0.216464265361541,0.224090318469903,0.965968841668695,0.334059772558154,0.432441016456834,0.162420969487502,0.200719939736336,"FAM167B"
"ENSG00000185436",204.497186573829,0.134565042507169,0.139359836410537,0.965594148020935,0.334247304737124,0.432628786292663,0.119008731566627,0.131990680131339,"IFNLR1"
"ENSG00000178764",397.574422179107,0.0816465906050598,0.0845954072668278,0.965142118738586,0.334473633306893,0.432879175869316,0.078968711653307,0.0826902626237991,"ZHX2"
"ENSG00000166140",418.330339411709,0.162506159845111,0.168416828319699,0.964904525672646,0.33459263444349,0.432948071261228,0.136778695281949,0.156852695175552,"ZFYVE19"
"ENSG00000206561",48.1523274624992,-0.277155705568015,0.287234092218482,-0.964912289580163,0.3345887453726,0.432948071261228,-0.181382397047307,0.236414778819944,"COLQ"
"ENSG00000176148",47.2605269982336,-0.152043395291114,0.157723854385234,-0.96398478139999,0.33505355586072,0.43350187858316,-0.130453438268633,0.14637598180467,"TCP11L1"
"ENSG00000105854",2570.07349905469,0.124652124971557,0.129333158508184,0.963806392802733,0.335143001011523,0.433574997672959,0.112253074618512,0.123423957766383,"PON2"
"ENSG00000139926",111.624713323886,-0.207392221503306,0.215316669836556,-0.963196308305969,0.335449017408939,0.433928253409912,-0.15826466195014,0.189920581228558,"FRMD6"
"ENSG00000164946",30.2930184109144,0.195558867649761,0.203059928457979,0.963059866783267,0.33551748064549,0.433974177245163,0.153470603635569,0.183944292032403,"FREM1"
"ENSG00000186976",15.5796415776233,0.184785352576088,0.19196634382213,0.962592446659834,0.335752089579604,0.434234971650792,0.148330544773149,0.174532767961066,"EFCAB6"
"ENSG00000100024",8522.84974814598,0.12299164998731,0.12782895324934,0.962157999896987,0.335970243097109,0.43447443479192,0.111723494859102,0.122074498269228,"UPB1"
"ENSG00000178982",1647.01899607092,0.100438100353663,0.104470209151245,0.961404223937709,0.336348961292063,0.434921471653044,0.0946446261679003,0.101114562250504,"EIF3K"
"ENSG00000165119",5887.55541448166,-0.0784483650366008,0.0816278118855257,-0.96104946616254,0.336527296568887,0.435026530071731,-0.0736008687619984,0.0797148874676203,"HNRNPK"
"ENSG00000172889",256.85186392345,0.281155351264813,0.292551576746169,0.961045414254444,0.336529333797704,0.435026530071731,0.180743285442214,0.249259557969377,"EGFL7"
"ENSG00000196935",44.6703829671507,0.229448449303785,0.238738700365967,0.961086111937691,0.336508872071739,0.435026530071731,0.1667443817287,0.21109855770582,"SRGAP1"
"ENSG00000196793",18.2196131120443,-0.250780265673592,0.260969799228705,-0.960955123599633,0.336574732424305,0.435042502169487,-0.174310722623821,0.2211547121871,"ZNF239"
"ENSG00000135269",151.420601994015,-0.182891330182231,0.190412091649977,-0.960502710712449,0.336802267373781,0.435270555374959,-0.146841613901126,0.171764218264383,"TES"
"ENSG00000174628",65.2150479887409,-0.140945709331551,0.146746166918662,-0.960472851121723,0.336817288330555,0.435270555374959,-0.122751784894454,0.137248120346795,"IQCK"
"ENSG00000007866",152.533392462933,0.182280083720819,0.190070865903087,0.959011171200534,0.337553117481948,0.436178657843491,0.146452442744093,0.174338251433327,"TEAD3"
"ENSG00000175264",11.7453968532983,0.272732678464607,0.284426254938004,0.958887141146847,0.337615603374365,0.436216588226387,0.17863843667992,0.240568529162131,"CHST1"
"ENSG00000197816",10.0389251769741,-0.320300001751,0.334074122696077,-0.958769267029975,0.337674994815876,0.43625051336923,-0.188761011663461,0.263313681612927,"CCDC180"
"ENSG00000105967",59.9492421981281,-0.314040290825944,0.327759595938114,-0.958142171023542,0.337991073003627,0.436616019148916,-0.187977107757807,0.258272936477474,"TFEC"
"ENSG00000109654",393.144126733587,-0.233894773761686,0.244214582429017,-0.957742864636962,0.338192436300044,0.43683327934135,-0.167931811773309,0.209356171496141,"TRIM2"
"ENSG00000011600",408.786602479708,-0.226716462582626,0.236822059870228,-0.957328310997973,0.3384015700122,0.437060532742851,-0.164885941682368,0.204390128617252,"TYROBP"
"ENSG00000130725",303.188440378136,-0.122459545398003,0.127939998536982,-0.957163879930841,0.338484545068923,0.437124818085084,-0.109839271458078,0.121380107880415,"UBE2M"
"ENSG00000255398",11.3717600565129,0.428005525811333,0.447319791775123,0.956822241450252,0.338656984127683,0.437304614851419,0.181665341281996,0.32330521460846,"HCAR3"
"ENSG00000196504",854.048619512123,-0.124457343479148,0.130137799339781,-0.956350453984534,0.338895207441221,0.437569314619115,-0.110538932126302,0.123185958110751,"PRPF40A"
"ENSG00000121579",1295.98417370927,0.161678019432632,0.169125365279739,0.9559655298613,0.339089649812285,0.437777439638022,0.135776368449574,0.157434900384805,"NAA50"
"ENSG00000108599",207.589126483182,-0.0826777098981323,0.0865032426153765,-0.955775846065634,0.339185493893167,0.437858242239184,-0.0803850665459397,0.0842697390953985,"AKAP10"
"ENSG00000142748",2846.28460358599,-0.21278575842606,0.222772660227166,-0.955169984544233,0.3394917420819,0.438210615318657,-0.15018501259998,0.193699899802954,"FCN3"
"ENSG00000136574",427.445499573226,0.169016933050913,0.177087914139349,0.954423873996927,0.339869126307009,0.438654731590832,0.139698628723313,0.163923015612916,"GATA4"
"ENSG00000088970",185.471660340338,-0.0973394087350196,0.102039038439297,-0.953942826430361,0.340112583680529,0.438925924008806,-0.0905690468796176,0.0985519602908881,"KIZ"
"ENSG00000156172",45.9945314314809,0.167468541979103,0.175650338607546,0.953419978046705,0.340377323111386,0.43922452573601,0.138406479290884,0.16220933057932,"CFAP418"
"ENSG00000119231",337.339587619968,0.0523889987906915,0.054967550859926,0.953089558677891,0.340544695965397,0.439397438953392,0.0511742262910197,0.0543917740072978,"SENP5"
"ENSG00000105383",64.3772855685157,0.197714663565581,0.207502542370204,0.952830077680879,0.340676172173759,0.439524006157738,0.154902457359742,0.187846640213462,"CD33"
"ENSG00000182534",311.353109026408,-0.180404296091497,0.189364635646398,-0.952682085943263,0.340751172541508,0.439577693286449,-0.145079996416322,0.170837345764504,"MXRA7"
"ENSG00000185753",222.511974181379,-0.0748538535058231,0.0785908272400396,-0.952450255768365,0.340868682442182,0.439686202903279,-0.0716507606235013,0.0769000538325046,"CXorf38"
"ENSG00000179774",15.7458842369818,-0.39677989699145,0.416981049764463,-0.951553786954049,0.341323328047606,0.440229519697764,-0.193138032407043,0.297630929560746,"ATOH7"
"ENSG00000167257",149.192528050484,0.114706255272875,0.120738939216595,0.950035307723732,0.342094312423892,0.441180695207461,0.104317014964779,0.115656206578514,"RNF214"
"ENSG00000118520",14290.0618068644,0.100364077911563,0.105663247612773,0.949848506259907,0.342189234869481,0.441216674791067,0.0933440960092921,0.102186054931461,"ARG1"
"ENSG00000186448",247.48602753027,-0.09367556468087,0.0986194262928247,-0.949869292513676,0.342178671581678,0.441216674791067,-0.0875454910168541,0.095390404644122,"ZNF197"
"ENSG00000091947",271.301713222718,0.0926700252637417,0.0975833085157674,0.94965037231514,0.342289934279326,0.441303297563808,0.0869787870936202,0.0947855536467302,"TMEM101"
"ENSG00000010361",70.0393658386664,-0.150045735069586,0.158017314152561,-0.949552496030413,0.342339685822707,0.441324224374988,-0.127842196528998,0.146686639826088,"FUZ"
"ENSG00000138002",152.096334499097,0.147290713951117,0.155161714818306,0.949272274565886,0.342482150906494,0.441464656239955,0.127579002007783,0.14553240120071,"IFT172"
"ENSG00000111319",91.5967303762008,0.235829125113905,0.248453078404365,0.949189789188632,0.342524093837285,0.441475498723612,0.167290858530886,0.218446395105284,"SCNN1A"
"ENSG00000049323",606.140393255083,0.152369187694716,0.160576908877001,0.948886043207045,0.342678573727742,0.441631372523438,0.129935532104182,0.150204154097375,"LTBP1"
"ENSG00000135090",381.126405995077,-0.0837911959915221,0.0883837235513012,-0.948038763527388,0.343109720693364,0.442143739125852,-0.07838656174687,0.0860429380415781,"TAOK3"
"ENSG00000198876",517.368483287543,0.0947961815944398,0.100026933200031,0.947706568238668,0.343278856226805,0.442318400967129,0.0874218521213349,0.0970128264212418,"DCAF12"
"ENSG00000235106",78.2114848652681,0.121452919780063,0.128180388940102,0.947515612835418,0.343376104299835,0.442400409943402,0.109149032391736,0.122216353497547,"BRD3OS"
"ENSG00000160183",32.1108002823254,0.411064679817035,0.434006358633318,0.947139763369996,0.343567564983006,0.442603773049536,0.179212681958964,0.319676019512971,"TMPRSS3"
"ENSG00000174990",524.956128687853,0.18610254718613,0.196534459593196,0.946920695593746,0.343679191282631,0.442704259116243,0.147637644517248,0.179551427117667,"CA5A"
"ENSG00000133422",366.703095443169,-0.123966116752334,0.131053712070229,-0.945918393260799,0.344190211233161,0.443319147045177,-0.111315533504708,0.124055183250302,"MORC2"
"ENSG00000164659",27.1533761276578,0.238686316117336,0.252398062488639,0.945674121916368,0.344314825492584,0.443436270413319,0.167761363833975,0.220591401670624,"ELAPOR2"
"ENSG00000101224",343.564451013579,0.174893810227199,0.18508736955854,0.944925689118312,0.34469681536905,0.443884807428494,0.142308592271835,0.170337638767378,"CDC25B"
"ENSG00000080031",214.89893836625,0.212977669546567,0.225572827632513,0.944163673354904,0.345086015450537,0.444342540774745,0.159350726730847,0.20173616071013,"PTPRH"
"ENSG00000188001",174.877024477982,-0.182677179848963,0.193511293516475,-0.944013016136502,0.345162996896044,0.444398202340438,-0.145764129907687,0.173848119088655,"TPRG1"
"ENSG00000165792",681.00927593557,0.138593997710582,0.146897875095053,0.943471766496978,0.345439650005443,0.444710905639157,0.121109026583759,0.138673850650466,"METTL17"
"ENSG00000100379",28.9819102870958,0.19871460565993,0.210704637352498,0.943095549090789,0.345632032163707,0.444871574490895,0.153320812179058,0.189719797916355,"KCTD17"
"ENSG00000163933",179.573858483902,0.0783659784545029,0.0830888669502619,0.943158588278907,0.345599791745794,0.444871574490895,0.0737946397339804,0.0813007455773616,"RFT1"
"ENSG00000053372",261.067658507876,-0.0837164133399891,0.0888468666583005,-0.942255101262683,0.34606204933374,0.445381519210951,-0.0789263131754671,0.0864591499490529,"MRTO4"
"ENSG00000168291",1582.55998213517,0.101645718252131,0.10792074188518,0.94185525855887,0.346266749416079,0.445601409716753,0.0922999270701912,0.104253684415835,"PDHB"
"ENSG00000070759",177.258754030826,-0.10318756583497,0.109612426728256,-0.941385652292745,0.346507263516453,0.445788415882876,-0.0917267700181979,0.105256591833808,"TESK2"
"ENSG00000179909",26.9701958087473,-0.226084074698571,0.240133524476538,-0.941493176312665,0.346452184499525,0.445788415882876,-0.16406166166426,0.207058732573242,"ZNF154"
"ENSG00000187498",542.192574933929,0.241556637707384,0.256600292916708,0.941373195492775,0.346513644853817,0.445788415882876,0.16812616102202,0.224355460614401,"COL4A1"
"ENSG00000122591",241.148129000032,-0.13692041566967,0.145585619944885,-0.940480355968574,0.346971221272202,0.446261958919487,-0.119171285783988,0.136220280510577,"HYCC1"
"ENSG00000167693",139.296891616546,0.236936647064639,0.251932232921733,0.940477700359396,0.346972582833862,0.446261958919487,0.166679896997802,0.220913627489458,"NXN"
"ENSG00000174282",369.518412760851,0.0990582773107775,0.105329986101108,0.940456568708643,0.346983417397751,0.446261958919487,0.0932610355747277,0.101810878975503,"ZBTB4"
"ENSG00000227507",46.7045273768968,0.250708514555959,0.266636810222491,0.940262202907237,0.347083082213931,0.446346538428269,0.170584637756168,0.230476096151449,"LTB"
"ENSG00000133119",89.7648538591943,-0.158329299908761,0.168588203121608,-0.93914815495455,0.347654683213464,0.4470379489392,-0.13145550456457,0.154899279991776,"RFC3"
"ENSG00000175595",150.477489778169,0.153590315391312,0.163587408475523,0.938888370581975,0.347788060646136,0.447165781881546,0.130078136455257,0.152658553855738,"ERCC4"
"ENSG00000173933",36.7764152244564,0.150323356126274,0.160172446386127,0.938509459759955,0.3479826578302,0.447372294989983,0.127595617756695,0.149097368631275,"RBM4"
"ENSG00000183742",9.65318588028953,0.376181316883291,0.401043203795391,0.938006961153283,0.3482408327344,0.447660496366053,0.18145293440352,0.303323166514944,"MACC1"
"ENSG00000101255",455.040564315656,0.220946140835072,0.235683697312245,0.937468918532587,0.348517404462459,0.4479722881141,0.16177784392532,0.20927738760636,"TRIB3"
"ENSG00000153561",1813.53339175444,-0.154106593313075,0.16443477350582,-0.937189804975286,0.348660933044763,0.44811302659775,-0.127967342157644,0.151310669117024,"RMND5A"
"ENSG00000183943",74.4229363019377,0.172331554607185,0.183913959034553,0.93702270078808,0.348746881011568,0.448179739911986,0.141112123416015,0.168992583563891,"PRKX"
"ENSG00000165943",378.347561525534,-0.0818367820316561,0.087420438066113,-0.936128711340544,0.349206921998768,0.448727145718893,-0.0772406632243612,0.0851253415753106,"MOAP1"
"ENSG00000172575",26.1736206414799,-0.256622775923951,0.274181459111248,-0.9359596259929,0.349293975501838,0.448795206544082,-0.172605608656895,0.22871052793211,"RASGRP1"
"ENSG00000126458",197.437460189442,-0.158537372192762,0.169571219620559,-0.934930895393176,0.349823913819328,0.44943224525227,-0.132246034138608,0.155613857131426,"RRAS"
"ENSG00000117425",21.0229367121107,0.320298026550071,0.342813642843868,0.934321119465917,0.350138273344593,0.449792224300411,0.18005035863355,0.276254658092023,"PTCH2"
"ENSG00000168490",18.734680164192,-0.316039130827074,0.338469576429065,-0.933729802723668,0.350443287650842,0.450104664522499,-0.184834436197118,0.264128709725457,"PHYHIP"
"ENSG00000225828",74.83334708195,0.280108600559969,0.299993021153704,0.933717056092624,0.350449864500997,0.450104664522499,0.175333064323415,0.252489546951076,"FAM229A"
"ENSG00000137502",162.799494014586,-0.187556977567807,0.200929280802833,-0.933447712640011,0.350588855330131,0.450239257635242,-0.147189139175984,0.179300997989183,"RAB30"
"ENSG00000160593",192.914233822173,0.171556563346917,0.183907492960877,0.932841618277146,0.350901749447544,0.45059713578722,0.13983735956025,0.169185357899628,"JAML"
"ENSG00000107819",121.697107115912,0.154962034684953,0.16622541838938,0.932240304680461,0.351212350380028,0.45095199971752,0.130447873949698,0.15471084071375,"SFXN3"
"ENSG00000167766",168.305387224844,-0.23210618808181,0.2491120340031,-0.931734145283891,0.351473935617119,0.451243865074109,-0.164840391876097,0.212239913013302,"ZNF83"
"ENSG00000057935",202.547956862903,-0.0634124899761976,0.068065893311269,-0.931633846135081,0.351525785274246,0.4512537855169,-0.061334217781179,0.0670488033738575,"MTA3"
"ENSG00000248905",13.9807613373691,0.299539154607222,0.321536564290005,0.931586599703346,0.351550211001583,0.4512537855169,0.178620432087986,0.262904833134456,"FMN1"
"ENSG00000101082",18.374235531726,-0.214336777550608,0.230094654356351,-0.9315156762341,0.351586879435869,0.451256858515563,-0.158633922871854,0.200914006228799,"SLA2"
"ENSG00000115816",603.36672571259,-0.104067726870757,0.11175024065012,-0.931252821160208,0.351722800345272,0.451387307666035,-0.0944387418065496,0.107129755017584,"CEBPZ"
"ENSG00000121671",1747.07516446273,0.107016020294122,0.114994923446638,0.930615170536475,0.352052664235139,0.451766605976593,0.103940976337777,0.110502690399992,"CRY2"
"ENSG00000132938",28.5199316932782,0.36015350268873,0.387112887815839,0.930357820740046,0.35218584965915,0.451805407445423,0.178883900996751,0.298943050516963,"MTUS2"
"ENSG00000159228",3173.37603257153,-0.128138781362622,0.137720360278298,-0.930427288337663,0.352149895171127,0.451805407445423,-0.112669921948736,0.129587563235907,"CBR1"
"ENSG00000221821",35.3862935322251,0.186750723583639,0.200729990294023,0.930357856890705,0.352185830947975,0.451805407445423,0.14698782226085,0.182174110433987,"PEX39"
"ENSG00000083845",3554.37025957182,0.125490363245966,0.13493793568114,0.92998579393197,0.352378439888421,0.452008431368955,0.115529137690936,0.128173611813571,"RPS5"
"ENSG00000169733",703.513124949551,0.193741949536179,0.208406399605505,0.929635317835325,0.352559934745567,0.452153136651094,0.149489872957023,0.188626062881514,"RFNG"
"ENSG00000251322",396.943312956313,0.229369699067267,0.246717450381914,0.929685754745788,0.352533812231551,0.452153136651094,0.161648734478479,0.216952119270008,"SHANK3"
"ENSG00000121931",173.435932131239,-0.137547762485835,0.147987613569832,-0.929454561553083,0.352653562921834,0.45222916230923,-0.118673410456513,0.138179458065867,"LRIF1"
"ENSG00000130303",2452.10229969354,0.202344750513559,0.217880468243513,0.928696143095345,0.353046580141678,0.452689060590703,0.156329438819614,0.195971900032483,"BST2"
"ENSG00000136381",726.549075453763,-0.169721618024315,0.182797866266514,-0.928466078356002,0.353165855881278,0.452752013132062,-0.136132162412826,0.16551298855203,"IREB2"
"ENSG00000159335",6179.31785614606,-0.172383088724983,0.185661339098688,-0.928481338989769,0.353157943304508,0.452752013132062,-0.137314928504008,0.167637585859688,"PTMS"
"ENSG00000179954",20.279708632304,0.380880488924505,0.410253637800185,0.92840246576927,0.353198839957421,0.452752013132062,0.17729049925545,0.308487420228588,"SSC5D"
"ENSG00000145882",32.4481415920872,-0.210241309779543,0.226488825089406,-0.928263501285553,0.35327090189337,0.452800301239107,-0.156737122286925,0.197676831002541,"PCYOX1L"
"ENSG00000127415",66.0042709092323,0.289808469732196,0.312433859776284,0.927583424983808,0.3536236988396,0.453208373301098,0.17560681579153,0.259906247853532,"IDUA"
"ENSG00000166575",699.120391691077,-0.212784246857583,0.229437220469432,-0.927418168779342,0.353709460907275,0.453274164133267,-0.155536343556118,0.198912835480831,"TMEM135"
"ENSG00000013561",869.816296785228,0.131546349520632,0.141878839818872,0.927173845575343,0.35383628000706,0.453304316685117,0.11747301783122,0.134274962816651,"RNF14"
"ENSG00000076356",181.240232005441,0.11820691390358,0.127483179891173,0.927235373360536,0.3538043405125,0.453304316685117,0.106639568530395,0.121649162970362,"PLXNA2"
"ENSG00000109685",348.466742665505,0.10023064508159,0.108099875842624,0.927204072162947,0.353820588950786,0.453304316685117,0.0935938441970441,0.104309725151028,"NSD2"
"ENSG00000160439",72.7565657048477,0.187879186109772,0.202734487436546,0.92672533659857,0.354069159138635,0.453558527847759,0.147438778656525,0.183879435266687,"RDH13"
"ENSG00000169248",17.0981526099173,-0.373521836020601,0.403209901186795,-0.926370694075689,0.354253368572636,0.453750350289652,-0.186885207440993,0.291170547409861,"CXCL11"
"ENSG00000076716",37.2833400964229,-0.26682106682122,0.288128108262854,-0.9260501116323,0.354419938510509,0.453919543816086,-0.174113178180138,0.236342693088576,"GPC4"
"ENSG00000110237",138.432828856465,0.210796581247193,0.227694198943347,0.925788106264586,0.35455610938672,0.454049774942667,0.156325381851386,0.203006176436808,"ARHGEF17"
"ENSG00000061337",12.2587416617661,0.278414660259157,0.300795623683677,0.925594118855745,0.354656950877242,0.454134741806047,0.174595438953367,0.250358703548817,"LZTS1"
"ENSG00000133110",170.64109696286,-0.294679690559408,0.318551919145734,-0.9250601639747,0.354934612955726,0.454446087151132,-0.178831722915836,0.252203565930527,"POSTN"
"ENSG00000100505",44.1638602940305,0.649550471612729,0.703047911613298,0.923906409340144,0.355535045779674,0.455114443273979,0.134151537795825,0.366603207416753,"TRIM9"
"ENSG00000119661",82.6198275192796,-0.0975133778305596,0.105536988128775,-0.92397347659358,0.355500125349953,0.455114443273979,-0.0895328712576893,0.101764171341143,"DNAL1"
"ENSG00000267508",28.928488137782,-0.17947599702278,0.194267973892228,-0.923857872334355,0.355560319270557,0.455114443273979,-0.14301783211685,0.174829030997864,"ZNF285"
"ENSG00000103496",373.235777014337,0.118379847763258,0.128165661207102,0.923647150479479,0.355670056461777,0.455210650663532,0.106567025027123,0.122276135228342,"STX4"
"ENSG00000070501",317.108492674525,-0.124123603719179,0.134402332262415,-0.923522692127341,0.355734880418191,0.455249361934866,-0.106579115984803,0.1267854249423,"POLB"
"ENSG00000164171",10.2548430759713,0.423115778535553,0.458406424040895,0.923014504914107,0.35599964633503,0.455543915214988,0.173474166274921,0.324256487017121,"ITGA2"
"ENSG00000213516",229.94033765992,-0.134623295033144,0.145867293925695,-0.922916244005464,0.35605085467353,0.455565165464694,-0.116986617412828,0.136455267518888,"RBMXL1"
"ENSG00000169413",71.5400956320721,-0.200366619838638,0.217123558639139,-0.922823028023637,0.356099438158153,0.455583053424374,-0.151872852774027,0.190895206738277,"RNASE6"
"ENSG00000162650",60.7019908024751,0.29501551329279,0.319972736019171,0.922002033557994,0.356527514938626,0.45608032669801,0.175399638955149,0.263951775415288,"ATXN7L2"
"ENSG00000198205",29.1757088910249,0.174733901443967,0.189527523385322,0.921944730363629,0.356557405643523,0.45608032669801,0.140879466331587,0.172619229097405,"ZXDA"
"ENSG00000147144",67.3667786965196,0.197217705975859,0.213954897651138,0.921772336791424,0.356647339740163,0.456151046728093,0.150959183881286,0.192405090774837,"CCDC120"
"ENSG00000108511",11.593101632254,-0.219141196761001,0.237799793613609,-0.92153653050294,0.356770378060701,0.456264089125516,-0.159502716653524,0.206823890504489,"HOXB6"
"ENSG00000129636",1200.10801947466,0.124074316860934,0.13476630058888,0.920662779335594,0.357226514505111,0.456803058466811,0.116259151800655,0.127987433969885,"ITFG1"
"ENSG00000223547",135.931045546588,-0.198358846133977,0.215621484324824,-0.919940082757053,0.357604071201316,0.457241449105228,-0.150228041519568,0.189691092513764,"ZNF844"
"ENSG00000131149",564.592028787608,-0.133677826362021,0.145329825946988,-0.919823756004377,0.357664866978913,0.457257000504755,-0.116240128639134,0.13594664209352,"GSE1"
"ENSG00000137078",12.0367797787186,0.302189036835053,0.328543513449984,0.919783908261687,0.357685694075534,0.457257000504755,0.176214645491365,0.266699126415013,"SIT1"
"ENSG00000052841",1369.87644637373,-0.0708560306752061,0.0770611691449912,-0.919477753340206,0.357845736585536,0.457417181348074,-0.0664307789279969,0.0754301283678358,"TTC17"
"ENSG00000107164",712.430698870912,-0.0725291048014509,0.0789663840770353,-0.918480764304662,0.35836722495614,0.458039305288083,-0.0717772138554912,0.0772396140832655,"FUBP3"
"ENSG00000060971",15725.9305155165,-0.106258657427516,0.11574171229774,-0.918067093686769,0.35858374111688,0.45827155266403,-0.0859060872086375,0.110160511934417,"ACAA1"
"ENSG00000099622",2226.69888592421,-0.141149831348193,0.153779200288991,-0.917873360525578,0.358685169780779,0.458312203545587,-0.117083165208059,0.142663213534113,"CIRBP"
"ENSG00000101577",3849.95786430679,-0.179405718885358,0.195445060557316,-0.917934269475928,0.358653279060331,0.458312203545587,-0.1415342986635,0.175014586291985,"LPIN2"
"ENSG00000102984",37.3713065428695,0.165894923796001,0.180832729304252,0.917394347993731,0.358936033404627,0.458454774525157,0.135975228151613,0.166033174411112,"ZNF821"
"ENSG00000110013",1025.500493066,0.0901493418313213,0.0982653231120596,0.917407473728214,0.35892915785766,0.458454774525157,0.085861279310861,0.0954162015382623,"SIAE"
"ENSG00000124177",491.017389651004,-0.125275552065196,0.13653930507181,-0.917505417207964,0.358877855533435,0.458454774525157,-0.110642373135168,0.128595523141873,"CHD6"
"ENSG00000135744",24974.0860592036,0.109861426633864,0.11973457690876,0.917541360818277,0.358859029599331,0.458454774525157,0.112116353544574,0.114568720624063,"AGT"
"ENSG00000113790",10717.6796027366,-0.114206646360985,0.124504729577515,-0.917287614282011,0.358991945932456,0.458481711140433,-0.100459193615873,0.118198949615819,"EHHADH"
"ENSG00000077097",979.655276344678,0.0920571396289127,0.100370117327381,0.91717676615488,0.359050019594635,0.458511402326184,0.0870292572221632,0.097305080366775,"TOP2B"
"ENSG00000167005",704.593772788416,-0.148377669019705,0.161818315455833,-0.916939893989962,0.359174137413133,0.458625418793649,-0.123241844826122,0.149147114325103,"NUDT21"
"ENSG00000083838",50.1064035594216,0.198160215034981,0.216262951683513,0.916292936410927,0.359513271832122,0.459013938803502,0.150902292719951,0.193797875764961,"ZNF446"
"ENSG00000145685",109.720622436016,-0.203089326492408,0.221753291906527,-0.91583455084858,0.359753678736807,0.459276343862,-0.152438534515858,0.193938558489984,"LHFPL2"
"ENSG00000130826",417.358783465507,-0.0583020718415676,0.0636883973703006,-0.915426894832735,0.359967564607087,0.459504843476528,-0.0565645401491532,0.0627966751315477,"DKC1"
"ENSG00000130518",66.8916927065962,0.259332989082001,0.283543442919605,0.914614658028017,0.36039396084986,0.460004545666433,0.169901200793294,0.241455959595503,"IQCN"
"ENSG00000185482",47.524058800859,0.238803303091254,0.261138648868404,0.914469398252856,0.360470250614188,0.460057320626831,0.162429482098827,0.226051770670972,"STAC3"
"ENSG00000006534",111.018074137186,0.152990122373087,0.167388048226217,0.913984743799197,0.360724862214348,0.46029334590474,0.128562199773237,0.155565337181162,"ALDH3B1"
"ENSG00000134532",317.629097300127,-0.198873675156086,0.217589820152525,-0.913984280223588,0.360725105806252,0.46029334590474,-0.150557038428815,0.190940398983966,"SOX5"
"ENSG00000111615",623.153878718618,-0.133967127082441,0.146824460817976,-0.912430574143398,0.361542100911385,0.46129114261065,-0.11487058374258,0.137130855629571,"KRR1"
"ENSG00000185379",86.0125796139401,-0.0947762711566815,0.103883229584325,-0.91233466206159,0.361592572954623,0.461310834837265,-0.0882513253397567,0.100231821151888,"RAD51D"
"ENSG00000103449",686.333602694373,-0.11519327777725,0.1262823434026,-0.912188312898204,0.361669595134678,0.461364391972015,-0.103429687598819,0.119846361166429,"SALL1"
"ENSG00000154330",160.196757410137,-0.15454540471789,0.169436019656892,-0.912116591447581,0.361707345210116,0.461367846060491,-0.12854027827986,0.155427461195267,"PGM5"
"ENSG00000110811",33.0491433739784,0.241714194077853,0.265046760620064,0.911968112767629,0.361785503755731,0.461404378779673,0.164503874093991,0.228758907387506,"P3H3"
"ENSG00000112039",16.4971848509132,-0.175780610447039,0.192756896663927,-0.911929033353933,0.361806076752343,0.461404378779673,-0.140464946376133,0.173987416016374,"FANCE"
"ENSG00000130958",618.596995928908,-0.0650317112032196,0.0713335825496922,-0.911656317806798,0.361949665745636,0.461542789269447,-0.0625505847260402,0.0700628582877019,"SLC35D2"
"ENSG00000037280",171.442328265463,-0.209984356866036,0.230386747532212,-0.91144286342545,0.362062077719215,0.461641421194188,-0.155149931466543,0.199717705994416,"FLT4"
"ENSG00000166147",235.726953272829,0.202897884495177,0.222639130563691,0.91133074397779,0.362121132204327,0.46165384150117,0.152695491389816,0.19909076724829,"FBN1"
"ENSG00000168495",97.4601940984664,0.0893025159056468,0.097995583794575,0.911291228111348,0.36214194706244,0.46165384150117,0.082947569250537,0.0950892207438757,"POLR3D"
"ENSG00000092931",240.361748637852,0.070399140414508,0.0772755252287749,0.911014712693194,0.362287621661444,0.461794832684148,0.0675945480488044,0.0757149004279256,"MFSD11"
"ENSG00000127870",250.818176835113,0.150346154583366,0.165093147002466,0.91067471492999,0.362466790508159,0.461978486334019,0.12690451354906,0.15373501008056,"RNF6"
"ENSG00000071537",3653.13690330695,0.174152578844566,0.191321602301139,0.910260925843864,0.362684920070815,0.462211756621078,0.140084343567848,0.175121144396841,"SEL1L"
"ENSG00000019102",30.0554269142846,0.364071450964184,0.40011701143303,0.909912452010605,0.362868682338593,0.462401187734216,0.17383639106147,0.303425389305248,"VSIG2"
"ENSG00000135220",1138.51424248343,0.227535323449168,0.250087141791742,0.909824158967139,0.362915251558329,0.462415774897605,0.1578423438969,0.218950857953689,"UGT2A3"
"ENSG00000124228",327.622516233947,0.0812508303299632,0.0893132740401836,0.909728494483441,0.362965712987885,0.462435318095461,0.0769825556247803,0.0870725817692002,"DDX27"
"ENSG00000104324",1038.37342758433,-0.100649767535171,0.11070095133154,-0.909204178686179,0.363242358875973,0.462742999222164,-0.0917621477103987,0.106183521803648,"CPQ"
"ENSG00000034533",173.825944927224,0.0936918559515992,0.103086887991241,0.908862977409498,0.363422458502927,0.462927640155721,0.0896409890382298,0.0997592795511623,"ASTE1"
"ENSG00000138735",34.6525943569937,-0.245917975589313,0.270633964075866,-0.908673737345013,0.363522371030101,0.463010112893713,-0.166319972747272,0.225907371454638,"PDE5A"
"ENSG00000182378",182.338105661541,0.236131138619536,0.260007541350021,0.908170345342628,0.363788229085036,0.46330391024701,0.163015203465978,0.22585580947087,"PLCXD1"
"ENSG00000138185",100.84461758217,-0.177966832735402,0.196057376565018,-0.907728318380221,0.364021778465079,0.463556507909007,-0.141005636811684,0.175638349492159,"ENTPD1"
"ENSG00000106246",36.2235574882205,0.206297181899065,0.227293088190176,0.907626287898626,0.364075700608181,0.463576732062491,0.153249768602952,0.201933110171272,"PTCD1"
"ENSG00000171604",1113.26851439949,-0.131317172450149,0.144691750973391,-0.90756502403719,0.364108080378112,0.463576732062491,-0.111821354564826,0.135223420715873,"CXXC5"
"ENSG00000110841",707.103821075201,-0.121665304352961,0.134066998394065,-0.907496295213147,0.36414440774527,0.463578154358366,-0.107738769183354,0.126476132939119,"PPFIBP1"
"ENSG00000112983",494.643713922611,-0.131483386931457,0.144952997345836,-0.907076013183482,0.364366601672888,0.463816173027675,-0.104139085567024,0.13501097134976,"BRD8"
"ENSG00000110934",112.365132913211,-0.169661480490538,0.18710001300142,-0.906795663820989,0.364514863362849,0.463915194880161,-0.136978265830211,0.168976559183655,"BIN2"
"ENSG00000163807",307.655971549163,-0.130519039306389,0.143931699842262,-0.906812324522173,0.364506051361084,0.463915194880161,-0.113848714224082,0.134793963026806,"KIAA1143"
"ENSG00000183747",11533.6811168776,-0.121308799630628,0.133789258151229,-0.906715541344183,0.364557242755,0.463924285531831,-0.10642719541369,0.126190170987151,"ACSM2A"
"ENSG00000107099",268.938903951935,0.204596251816781,0.225761001550996,0.906251524449258,0.364802736976944,0.464180494311994,0.152621925307657,0.201398214212439,"DOCK8"
"ENSG00000113312",558.203405062403,-0.0672016710200732,0.07415751777662,-0.906201731596525,0.364829086673288,0.464180494311994,-0.0642067148576647,0.0727730838457802,"TTC1"
"ENSG00000137806",463.859671297454,-0.080039217075673,0.0883682210772381,-0.905746614563111,0.365069983478305,0.464442110588014,-0.075128820775139,0.0860089857593768,"NDUFAF1"
"ENSG00000104341",629.913828095712,0.190704809417916,0.210775646349687,0.904776299921897,0.365583909782732,0.465050990937145,0.147756184365877,0.190157327495082,"LAPTM4B"
"ENSG00000198105",183.768482373093,-0.129743748396017,0.143417163372444,-0.904659842274819,0.365645621814466,0.465084557705464,-0.113680467794301,0.134372335595371,"ZNF248"
"ENSG00000132561",635.577222141526,-0.124930910290288,0.13814404635144,-0.904352475476661,0.365808529674903,0.465246822034368,-0.109805908492975,0.129932082068562,"MATN2"
"ENSG00000144579",2071.7053548885,0.0942742737045187,0.104281361575477,0.904037617846835,0.365975454718889,0.465333071712291,0.0888888115983852,0.100858668148091,"CTDSP1"
"ENSG00000172493",1077.74374814176,-0.0876643695090632,0.0969712249687098,-0.904024565404328,0.365982375632749,0.465333071712291,-0.0820251745895515,0.0939017853455079,"AFF1"
"ENSG00000198836",1122.37176654818,0.139192405615531,0.153969431108819,0.904026238280736,0.365981488603899,0.465333071712291,0.120246796291024,0.144496599587503,"OPA1"
"ENSG00000159128",500.143174380161,-0.0852238083946063,0.094320841475539,-0.90355224848909,0.366232871417803,0.46560660342669,-0.0808074245160393,0.0914775368881958,"IFNGR2"
"ENSG00000139629",25.361082082321,0.219722649097185,0.24325527614785,0.903259541074199,0.366388164015961,0.465759058359964,0.157585821507505,0.212988773948839,"GALNT6"
"ENSG00000101868",94.8039262663006,0.11767755969829,0.130332589265737,0.902902032110753,0.366577892046258,0.465955254555034,0.105297850813451,0.124073932524306,"POLA1"
"ENSG00000163586",39598.3742631656,-0.137462729983654,0.152372693892179,-0.902148058633946,0.366978222405738,0.466419082555647,-0.104275332109244,0.140827629335815,"FABP1"
"ENSG00000204642",584.467946418374,0.199307290358346,0.221101044097256,0.901430796820101,0.367359313135687,0.466858370342129,0.151505389563978,0.197906770379022,"HLA-F"
"ENSG00000153162",37.8313312806539,0.245811782339092,0.272786843993588,0.901113040278696,0.367528220193096,0.46702794586066,0.164310798972333,0.233568520899274,"BMP6"
"ENSG00000170619",173.127368175864,0.0955525974249755,0.106096395557255,0.900620581152644,0.367790087942881,0.467315604888628,0.0910519890212373,0.102532902945114,"COMMD5"
"ENSG00000118257",330.110515280789,-0.195745734541092,0.2174082585802,-0.900360160278288,0.367928615082827,0.467446506434479,-0.14806973634681,0.190658681832685,"NRP2"
"ENSG00000100577",2975.05214282744,-0.13670604042814,0.151909115901546,-0.899919926574659,0.36816286494376,0.46769898493338,-0.113892702455173,0.141011670517586,"GSTZ1"
"ENSG00000182180",1058.50987867376,-0.0599884640884989,0.0666770219986865,-0.899687212930426,0.368286730173533,0.467811200141316,-0.0572731368084986,0.0656225638819054,"MRPS16"
"ENSG00000119203",400.908130845516,0.0602249637201531,0.0669679282071986,0.899310540619044,0.368487274467616,0.468020784838957,0.0586595214572506,0.065972212422731,"CPSF3"
"ENSG00000181555",834.140982184104,0.0668203791741306,0.0743203530240234,0.899085868880783,0.368606924410511,0.46812759397982,0.0621609047182153,0.0729914149611343,"SETD2"
"ENSG00000111335",518.671032542912,0.227267033054612,0.252824193738532,0.89891331084259,0.368698837380322,0.468164207830496,0.15931532106118,0.220755858724199,"OAS2"
"ENSG00000156261",1562.60739982663,-0.0737176040674251,0.0820088433984415,-0.898898228685738,0.368706871562693,0.468164207830496,-0.0694215935608022,0.080196336824455,"CCT8"
"ENSG00000154518",3209.24083920574,-0.093697739834552,0.104260038842568,-0.898692738605583,0.3688163458549,0.468258052991862,-0.0862038916557808,0.10045848571458,"ATP5MC3"
"ENSG00000145020",1211.73894599473,0.103056944481385,0.114691153372827,0.898560538024912,0.368886786049724,0.468302326210651,0.0958585478146608,0.110258628647214,"AMT"
"ENSG00000062524",72.1485713566497,-0.267810674771613,0.298291427380526,-0.897815525988854,0.36928390590854,0.468761271229449,-0.170142423492795,0.240941666124735,"LTK"
"ENSG00000128581",125.345337883344,0.0861636515941749,0.0959925385467329,0.897607802633817,0.369394677760844,0.468856678627135,0.0798298357687936,0.0934067171284565,"IFT22"
"ENSG00000180871",21.75522189958,0.412224860498641,0.459308499674878,0.897490163562039,0.369457419867641,0.468891111430245,0.167293385851043,0.324176611678907,"CXCR2"
"ENSG00000167220",643.161457599871,-0.115300165058747,0.128491030586267,-0.897340184234381,0.369537420066387,0.468947438322318,-0.097171680507301,0.121433484777122,"HDHD2"
"ENSG00000163923",17.4796317098418,-0.196379420227609,0.218903485646902,-0.897105039909575,0.369662869644879,0.469061424609144,-0.148601765872268,0.192848803548498,"RPL39L"
"ENSG00000102886",21.6104830403289,-0.343990610075509,0.383739652572615,-0.896416640212639,0.370030283272978,0.469482385041151,-0.179237425266791,0.281963849558209,"GDPD3"
"ENSG00000182902",1246.830194929,-0.19889770924135,0.22198665784306,-0.895989476007009,0.370258383969072,0.469726525663596,-0.148931876317143,0.19372283704529,"SLC25A18"
"ENSG00000104870",4972.70400940301,0.130368827219285,0.14564479149069,0.895114929170802,0.370725654141462,0.470274011217505,0.11422397248324,0.137414891418302,"FCGRT"
"ENSG00000118298",140.241971797149,-0.224217443900071,0.250521426686779,-0.895003061675856,0.370785451317397,0.47027709236228,-0.158336480393604,0.212803105938368,"CA14"
"ENSG00000197863",115.599824320546,-0.114326449324722,0.127744540602267,-0.894961528576613,0.370807653768093,0.47027709236228,-0.100844829386588,0.121038763644863,"ZNF790"
"ENSG00000238083",34.1089879735766,-0.296308281298882,0.33110402811461,-0.894909926001613,0.370835240232811,0.47027709236228,-0.176312851628577,0.258628329488774,"LRRC37A"
"ENSG00000171914",153.127994993695,0.177191276666602,0.19802702386408,0.894783313959312,0.370902931761141,0.470317634553325,0.140222163811941,0.180118558042769,"TLN2"
"ENSG00000163291",123.147237588247,-0.204271101541203,0.228356939906352,-0.894525481139192,0.371040802530451,0.470447150049683,-0.151235696044329,0.198168906906695,"PAQR3"
"ENSG00000100526",9.97966513094281,0.297949235319531,0.333122549844411,0.894413288619135,0.371100805090674,0.470477920060069,0.1720619459243,0.267222328161202,"CDKN3"
"ENSG00000166181",1410.06620317884,-0.105987933046063,0.118523936118011,-0.89423230882692,0.371197609001324,0.47051128906372,-0.0844747368856125,0.11268331394641,"API5"
"ENSG00000198689",170.590269994718,-0.125718572600112,0.140588560319035,-0.894230457405784,0.371198599385148,0.47051128906372,-0.109702392528366,0.131990530684832,"SLC9A6"
"ENSG00000158773",584.8934346767,-0.0926592616829196,0.103678814762665,-0.893714515304108,0.371474657055676,0.470815877435025,-0.0842629321024124,0.0998898764009093,"USF1"
"ENSG00000123329",88.6924359158435,-0.208992021011467,0.233882364285526,-0.893577511283955,0.371547983207135,0.470824108770648,-0.153019836278087,0.201985855757265,"ARHGAP9"
"ENSG00000204842",338.224122564599,-0.105674842189139,0.118261568818404,-0.893568749721286,0.371552672803208,0.470824108770648,-0.0915858470938462,0.112713706876418,"ATXN2"
"ENSG00000108622",133.150732984202,0.161823181284328,0.18114105494944,0.893354526004587,0.371667346728871,0.470885869146223,0.132487343516399,0.166664337075797,"ICAM2"
"ENSG00000123095",13.3687137022083,-0.326084614881007,0.365015702335558,-0.89334407477418,0.371672941832565,0.470885869146223,-0.178893546457955,0.275595863592012,"BHLHE41"
"ENSG00000111328",173.828846982062,0.101050278423195,0.1131276421666,0.893241267013953,0.371727983120211,0.470910288247927,0.0929959355274166,0.108950523895045,"CDK2AP1"
"ENSG00000138621",111.13290506234,0.12845597908043,0.143898728886031,0.892683209051609,0.372026844752378,0.47124354800941,0.112522904908364,0.135647256250445,"PPCDC"
"ENSG00000126214",199.214651463045,0.221546609416825,0.248238939071168,0.892473236655709,0.372139331653343,0.471340686921397,0.157014811436639,0.217317797968632,"KLC1"
"ENSG00000146242",19.3430469402213,-0.20084243950628,0.225136901948283,-0.892090269379369,0.372344550063604,0.47155524683892,-0.150447267687178,0.196990720559819,"TPBG"
"ENSG00000179195",1237.30499187207,0.128976142373726,0.144658958064099,0.891587663147526,0.372613985097202,0.47185108471576,0.111959002764222,0.136500390430997,"ZNF664"
"ENSG00000139174",32.6244289029658,-0.184635439772138,0.20723151320784,-0.890962175173424,0.372949462720264,0.472230489149355,-0.142336171063923,0.183956192836369,"PRICKLE1"
"ENSG00000256771",118.92224864135,0.148468792389162,0.166672447239897,0.890781858956364,0.373046209228697,0.472307567141555,0.124792928934165,0.154903510171973,"ZNF253"
"ENSG00000203883",26.5870389612376,-0.287158275557733,0.322496230751353,-0.89042366445248,0.37323844030148,0.472460081243081,-0.172132765111121,0.253838920120674,"SOX18"
"ENSG00000212916",63.1503833043812,-0.140317777309802,0.157583512401171,-0.890434380930573,0.373232688234352,0.472460081243081,-0.120195064746307,0.146128252563641,"MAP10"
"ENSG00000125735",377.278620697881,-0.393743148762803,0.442365241846504,-0.890086090668551,0.373419661047299,0.472644035507473,-0.178056051784898,0.301462034982037,"TNFSF14"
"ENSG00000123243",60.8600541943772,0.233319949520613,0.262383823183362,0.889231457526105,0.373878699773606,0.473179559859588,0.159586339708444,0.226674758284363,"ITIH5"
"ENSG00000206172",19.1561244522482,0.477374946542493,0.537557416333006,0.888044573543319,0.374516775215385,0.473941547720661,0.154587055258017,0.343136366755427,"HBA1"
"ENSG00000120756",501.025895185225,0.219170890433692,0.246902283081019,0.887682720867236,0.374711443085265,0.474142321927976,0.155674654279997,0.216395981448487,"PLS1"
"ENSG00000196876",249.699908436277,-0.149278069723614,0.168194083475783,-0.887534606680188,0.374791142926005,0.474197596363999,-0.123833305827871,0.154208837679625,"SCN8A"
"ENSG00000163214",144.122717192312,0.079168965289494,0.089230464695735,0.887241432166139,0.37494893022874,0.47422899853703,0.0743347784521943,0.0869618332295683,"DHX57"
"ENSG00000164251",128.807528464343,0.224160102795696,0.252652982935931,0.887225237520901,0.374957647426241,0.47422899853703,0.157050686503519,0.22019913291403,"F2RL1"
"ENSG00000168389",3250.07043376617,0.195076964804487,0.219874202729491,0.887220794357983,0.374960039098472,0.47422899853703,0.146823934055411,0.196806189579276,"MFSD2A"
"ENSG00000170190",44.9288276179575,0.198740671969945,0.223991005753327,0.887270769205841,0.374933139107669,0.47422899853703,0.148722623819673,0.199190116039871,"SLC16A5"
"ENSG00000172432",260.80909819156,0.106221652473044,0.119737016570144,0.887124596183815,0.375011823104083,0.474248935067559,0.105788537042176,0.114494563554434,"GTPBP2"
"ENSG00000124780",38.9486148279434,-0.235692218903016,0.265708799981037,-0.887032040037202,0.37506165075787,0.474257518146423,-0.161001574376178,0.222303262310277,"KCNK17"
"ENSG00000273291",12.2037941240629,0.238712226172242,0.269129764302446,0.886978171258602,0.375090652928658,0.474257518146423,0.160696872970757,0.229685114214346,NA
"ENSG00000136950",380.177426436972,0.107626496878552,0.121389028083342,0.886624586899725,0.375281052029354,0.474452691666841,0.0984250632744075,0.116222859338893,"ARPC5L"
"ENSG00000213654",122.466037978852,-0.177244694888927,0.199986271963398,-0.886284309161816,0.375464342114488,0.474638840929366,-0.139368400320754,0.178379367827081,"GPSM3"
"ENSG00000022976",177.28364021152,-0.186933569032436,0.211131688459451,-0.885388500401908,0.375947132475726,0.475203527858622,-0.141112380021921,0.186024236179806,"ZNF839"
"ENSG00000173210",1133.56789343169,-0.163407316296768,0.184644655358076,-0.884982649402321,0.376165989353715,0.475434522015073,-0.13267471113679,0.166881502538487,"ABLIM3"
"ENSG00000171385",717.248445779215,-0.143222581301255,0.161910854463252,-0.884576773904685,0.376384938070682,0.475665587890056,-0.1184267278131,0.149116257035863,"KCND3"
"ENSG00000163840",1210.70337014159,0.0923521765271429,0.104440488640269,0.884256457715714,0.376557787500863,0.475838355910967,0.0871439334966052,0.100982031762581,"DTX3L"
"ENSG00000173406",169.97679434087,-0.182489547595809,0.206510364236713,-0.883682270719496,0.376867753572936,0.476184341990525,-0.139578164781353,0.182848992767934,"DAB1"
"ENSG00000145715",294.697089042989,-0.126330597007059,0.14297292284777,-0.883598058225114,0.376913227629445,0.476196099699575,-0.110115658754095,0.133952463665577,"RASA1"
"ENSG00000038219",363.328117067908,0.112384461232584,0.127308505271428,0.882772608106379,0.377359143057466,0.476713728410535,0.101176590341889,0.121450128545432,"BOD1L1"
"ENSG00000157404",24.7723278182554,-0.274547150959188,0.311202423529045,-0.882214051696046,0.377661064549223,0.477049369265573,-0.168716645057564,0.248105404114381,"KIT"
"ENSG00000154511",478.588558583467,0.157865928374819,0.178967854750015,0.882090968768265,0.377727615674894,0.477087661931663,0.130401239617069,0.164983097516918,"DIPK1A"
"ENSG00000182973",262.93673197724,-0.0642164069778115,0.0728486492043997,-0.881504429788839,0.378044857449759,0.477442550904895,-0.061703190349777,0.0715079802474412,"CNOT10"
"ENSG00000138399",279.722821137959,-0.135378790711131,0.153646733832157,-0.881104253468985,0.37826139527058,0.477670202391373,-0.116282603443398,0.14270151907731,"FASTKD1"
"ENSG00000197969",588.937493498607,-0.157019507625584,0.178226882035653,-0.881009115079357,0.378312886462962,0.477689408571148,-0.128007097545619,0.161956825340596,"VPS13A"
"ENSG00000125812",183.810259568569,-0.09572242559016,0.108660378968595,-0.880932189807892,0.378354523432034,0.477696169496179,-0.0881339722220646,0.104329431950685,"GZF1"
"ENSG00000133104",353.202676465446,-0.146455061101787,0.166322122985622,-0.880550695678938,0.378561054605633,0.477911098373551,-0.122740177480219,0.152792989673224,"SPART"
"ENSG00000138413",9746.91780017943,-0.097086383112661,0.110332669797566,-0.879942298965404,0.378890568609834,0.478281229752357,-0.0794412453405731,0.105493726003652,"IDH1"
"ENSG00000139718",209.824683063068,-0.189042589153733,0.214948259743352,-0.879479505344448,0.379141340625259,0.478460163967426,-0.14360944716059,0.188795878032561,"SETD1B"
"ENSG00000145623",202.814092134737,-0.166796434807798,0.18963159958555,-0.879581436703276,0.379086098745516,0.478460163967426,-0.132981486463963,0.170536208102329,"OSMR"
"ENSG00000175756",900.071132233811,0.175082616499999,0.199073363967838,0.879487908429001,0.37913678637145,0.478460163967426,0.138193369202777,0.180893551825058,"AURKAIP1"
"ENSG00000108091",385.007007863404,-0.0966260902430192,0.109894521663323,-0.8792621213553,0.379259168804858,0.478562987970554,-0.0883153965822486,0.105495316985798,"CCDC6"
"ENSG00000108561",1018.00660942306,0.0772845568350214,0.0879189123804096,0.879043595314564,0.379377638709582,0.478666601940619,0.0734950601031471,0.0857788554136408,"C1QBP"
"ENSG00000100490",15.6268311537194,-0.181281518802753,0.206368494642879,-0.87843601862029,0.379707144930172,0.479036438304968,-0.14070168888623,0.184360955558702,"CDKL1"
"ENSG00000132329",249.017254530655,0.259391402091543,0.295448939895258,0.877956787333546,0.379967169862054,0.479272634451408,0.164169992850252,0.248217146386143,"RAMP1"
"ENSG00000174775",138.035731668111,0.184266751013832,0.20987061210975,0.878001684759326,0.379942804431706,0.479272634451408,0.142154240629921,0.188967606674531,"HRAS"
"ENSG00000134470",87.4990306541181,-0.128948792592325,0.146925869039776,-0.87764526039602,0.380136259189317,0.479439983569935,-0.111812000290016,0.137429944285623,"IL15RA"
"ENSG00000130270",16.7705471413907,0.221583503535937,0.253217104845165,0.875073205151088,0.381534075326207,0.481156861661383,0.155450655130643,0.218361678551182,"ATP8B3"
"ENSG00000105983",437.389832644015,0.136551751138268,0.156097419267527,0.874785449874987,0.38169065553041,0.481262130886168,0.117884113653252,0.146155689969338,"LMBR1"
"ENSG00000149591",480.786336841839,-0.271876189619975,0.310778536524996,-0.87482292908638,0.381670259222925,0.481262130886168,-0.167334330285593,0.246811791343023,"TAGLN"
"ENSG00000083642",307.116066283958,-0.106519458750783,0.121785207353798,-0.874650222841378,0.381764252076529,0.481308832982819,-0.0957194048751305,0.115941759441649,"PDS5B"
"ENSG00000186130",102.598430144213,-0.200469727946811,0.229240045353552,-0.874496982574012,0.381847662744827,0.481367898094446,-0.146881595262242,0.198569368267387,"ZBTB6"
"ENSG00000124787",76.4436351239802,-0.113790513858307,0.130201517921051,-0.873956891403562,0.382141730510212,0.48169248673025,-0.10210134197467,0.123311942919782,"RPP40"
"ENSG00000096654",62.0090902364908,0.118481443469521,0.135689633622761,0.873179772884634,0.382565098053604,0.482179980947133,0.104984731802257,0.128430666988778,"ZNF184"
"ENSG00000172183",58.1378821538849,0.173113077690892,0.198288763411298,0.873035237664044,0.382643871306439,0.482233101332495,0.13666381843103,0.179921005765081,"ISG20"
"ENSG00000114021",3317.57576922266,-0.106196061442965,0.121696454166621,-0.872630695530098,0.38286440397619,0.48240923000979,-0.0949706888043762,0.115809579969195,"NIT2"
"ENSG00000119333",368.750750260255,-0.179677201439156,0.205885412726673,-0.872704865583117,0.382823964979247,0.48240923000979,-0.137811694252933,0.182182276560894,"DYNC2I2"
"ENSG00000172922",269.978856362946,-0.143116104891017,0.164015398930505,-0.872577244723568,0.382893548048178,0.48240923000979,-0.119743341170753,0.150939371848458,"RNASEH2C"
"ENSG00000269113",135.081659249315,0.238126881114042,0.273184703416919,0.871669892697565,0.383388489450142,0.482986590001012,0.158697301965512,0.23372518620593,"TRABD2B"
"ENSG00000213903",142.639060087248,0.201872183120182,0.231688007714588,0.871310453706624,0.383584664141069,0.483187494075901,0.148421541168969,0.204996531486823,"LTB4R"
"ENSG00000213024",312.581833302057,-0.161264504747099,0.185327091668768,-0.870161525198509,0.384212138687886,0.483931600302756,-0.12968308964269,0.167263419685153,"NUP62"
"ENSG00000105373",1402.53986003025,0.150914194763747,0.173469000730923,0.869977887275884,0.384312488681064,0.484011691790213,0.127566144753305,0.160477795234194,"NOP53"
"ENSG00000163563",80.8658688457119,0.210838102485913,0.242750368552873,0.868538753381917,0.385099466734469,0.484929992699215,0.151040601956576,0.212808699434543,"MNDA"
"ENSG00000167555",96.5122966315719,-0.121629595507011,0.140044006769309,-0.868509822825684,0.385115297255278,0.484929992699215,-0.106856981960934,0.131497253026912,"ZNF528"
"ENSG00000213983",230.396422933572,0.182497269508814,0.21014656002857,0.868428536179717,0.385159778651363,0.484939623766266,0.140538662614162,0.18915570521325,"AP1G2"
"ENSG00000215375",156.482288899126,-0.164135659735596,0.189165843791475,-0.867681270814033,0.385568841720656,0.485408239634171,-0.131375242976459,0.170311901712609,"MYL5"
"ENSG00000075292",1833.3730619668,-0.107519422702671,0.12404209511974,-0.866797860830078,0.386052774401495,0.485971013268007,-0.099452559531234,0.117997272463108,"ZNF638"
"ENSG00000114302",633.860317549597,0.0954651281464339,0.110159815403733,0.866605738186437,0.386158068416441,0.48605708688058,0.0899164230817492,0.106154924136462,"PRKAR2A"
"ENSG00000181852",289.689495766054,0.0661806470615939,0.0764383469821825,0.865804268072678,0.386597508232484,0.486563693087552,0.0659647981458307,0.0749831302493064,"RNF41"
"ENSG00000100867",328.293350242735,-0.538157441426475,0.621618195400034,-0.865736307927974,0.386634784280557,0.486564095759684,-0.171655264087883,0.342257029456317,"DHRS2"
"ENSG00000177374",42.5666514551888,0.191840331942226,0.221642819827274,0.865538220871429,0.386743447277728,0.486654327330457,0.144148902405702,0.197211448310711,"HIC1"
"ENSG00000101049",594.846904845395,0.16389457871668,0.189399301471255,0.865338876350368,0.386852818881795,0.486745433237549,0.13203814162263,0.173161968000159,"SGK2"
"ENSG00000084073",657.865560096354,0.175573585163955,0.202932098778455,0.865183902501456,0.38693785927834,0.486805910679277,0.138352547201183,0.183740049236217,"ZMPSTE24"
"ENSG00000131848",39.3381715662636,0.115524701997574,0.133550384212019,0.865027103285391,0.38702391293272,0.48686765122035,0.102939465957884,0.126393978907918,"ZSCAN5A"
"ENSG00000101850",26.0598380407507,0.154109999969368,0.178190772559412,0.864859598259977,0.38711585498392,0.486890270034227,0.126576867172693,0.164085006765399,"GPR143"
"ENSG00000112787",255.240382482481,0.263594305212417,0.304776730392881,0.864876740663971,0.387106445055641,0.486890270034227,0.161849114882943,0.253326959435079,"FBRSL1"
"ENSG00000069943",150.947887588511,-0.127538895749975,0.147545955953306,-0.864401161834198,0.387367554863371,0.487160304454212,-0.110521982138512,0.137713106447494,"PIGB"
"ENSG00000155366",644.842752697468,0.119849201402147,0.13883358997315,0.8632579581449,0.387995653822923,0.487879775196444,0.106062450210845,0.131473420869907,"RHOC"
"ENSG00000185008",23.944980488532,-0.390908484139463,0.452846561197864,-0.863225025062435,0.388013757107851,0.487879775196444,-0.177605558631623,0.305970512698985,"ROBO2"
"ENSG00000085491",61.0443590573941,0.233012459763896,0.269971251517757,0.863101009659061,0.388081932878221,0.487918900713776,0.15660717110203,0.23096316525495,"SLC25A24"
"ENSG00000132773",133.070908619834,0.1016028013621,0.117751584268001,0.862857192059973,0.388215989543192,0.488040840096025,0.0943852117693458,0.112828803416113,"TOE1"
"ENSG00000136144",224.669578418834,-0.128734686044533,0.149232986297231,-0.862642296711325,0.388334167458443,0.488142796329755,-0.110668554760778,0.139028966730395,"RCBTB1"
"ENSG00000198743",379.836135680689,-0.215408343750847,0.249871585819617,-0.862076186230917,0.388645594834221,0.488487627836502,-0.151345412292176,0.211581848948886,"SLC5A3"
"ENSG00000063761",102.439386952919,0.206135869380748,0.239409966118359,0.861016242234621,0.389229097515971,0.48908095990602,0.148863742785654,0.210301402300768,"ADCK1"
"ENSG00000088854",119.579028945073,0.113102727509292,0.13134648917351,0.861102022756637,0.389181855238678,0.48908095990602,0.101175095493786,0.124720498930869,"DNAAF9"
"ENSG00000149633",29.242038956214,-0.29549293415029,0.343170739541632,-0.861066810489073,0.389201247420642,0.48908095990602,-0.169414579469028,0.263554000078428,"KIAA1755"
"ENSG00000182810",152.054330121314,0.0975952352270198,0.113383313740712,0.860754832498573,0.389373086347634,0.4892151975239,0.0896653642879165,0.108999460674505,"DDX28"
"ENSG00000006611",16.6980108854442,0.383305457094156,0.445523472731452,0.860348512602839,0.389596958429333,0.489403067901975,0.159913887951875,0.316716470689136,"USH1C"
"ENSG00000164117",694.51188801452,-0.162451012895857,0.188819666721022,-0.860350066902067,0.389596101900258,0.489403067901975,-0.127517811294238,0.169649695413922,"FBXO8"
"ENSG00000215717",623.030724546764,-0.100238686780446,0.116530391181143,-0.860193514879977,0.38968237891612,0.489463671132383,-0.0913682798824575,0.111344097116273,"TMEM167B"
"ENSG00000114026",240.430161828303,0.106988697040117,0.124404957234373,0.860003487148469,0.389787120263002,0.489503635770469,0.0965748319288326,0.11893919075875,"OGG1"
"ENSG00000172590",316.376667365553,-0.13726509543303,0.159610412007808,-0.860000884067104,0.389788555173751,0.489503635770469,-0.116378625104371,0.147453241793448,"MRPL52"
"ENSG00000173744",596.631940145402,0.130146938833242,0.151411114079419,0.85956001066723,0.390031626566016,0.489762174093293,0.112595466704478,0.142159280386794,"AGFG1"
"ENSG00000167595",19.1213652576916,0.276303273554465,0.32166692646509,0.858973213661901,0.390355294479272,0.490121858393486,0.163024678128083,0.26113390937905,"PROSER3"
"ENSG00000108582",1154.18240065376,-0.151166733236061,0.176181771470348,-0.85801574121136,0.390883771435306,0.490738603482143,-0.124147962000378,0.160338883200967,"CPD"
"ENSG00000154654",353.841161284152,-0.336336518674028,0.392334914593274,-0.857268894925402,0.391296294804656,0.491209669851077,-0.170572835824294,0.282805693322144,"NCAM2"
"ENSG00000160917",231.15044234015,0.101828368559908,0.11885085996899,0.856774352213154,0.391569602741959,0.491470398036269,0.0930663402423148,0.113926270573604,"CPSF4"
"ENSG00000185905",21.8921551967241,0.187345718181824,0.21866818930786,0.856757989238494,0.391578647683462,0.491470398036269,0.141666656383249,0.194581583436701,"C16orf54"
"ENSG00000125245",9.73457545070599,0.26768922573023,0.312556330879801,0.856451139468918,0.391748288139755,0.491636446635022,0.16231865255623,0.254344084736914,"GPR18"
"ENSG00000183814",26.2023583343724,-0.190082908479051,0.221998340600731,-0.856235717639525,0.391867409727367,0.491739069431044,-0.142212227066617,0.194410703572608,"LIN9"
"ENSG00000129315",386.066331640126,-0.107572313060411,0.125693174267943,-0.855832575531085,0.392090393843691,0.491971993266562,-0.0970285930943434,0.119304465636927,"CCNT1"
"ENSG00000151892",1880.30302789439,0.10701096972213,0.125074201120853,0.855579877889688,0.39223020403889,0.492053631860508,0.0966966013851289,0.119471320438184,"GFRA1"
"ENSG00000206530",186.22567943748,-0.197831365405173,0.231211089322508,-0.85563095604478,0.392201941555637,0.492053631860508,-0.145415175789644,0.199693983313485,"CFAP44"
"ENSG00000221963",2801.2639286938,-0.118195342725074,0.138186083918346,-0.855334628303925,0.392365922350575,0.492176994442423,-0.103660416350244,0.129861512991511,"APOL6"
"ENSG00000135828",107.909831739435,0.104475316287271,0.122191228941724,0.855014858203102,0.392542922225888,0.492288266736807,0.0933228026712099,0.116865036590917,"RNASEL"
"ENSG00000167106",721.278969398687,-0.141029300899072,0.164952005987292,-0.854971723774838,0.392566801797792,0.492288266736807,-0.116673637898029,0.151480133266885,"EEIG1"
"ENSG00000198908",73.5473139283829,0.136683589554776,0.159854219616375,0.855051495561365,0.392522640176709,0.492288266736807,0.113604583286477,0.148933491638596,"GPRASP3"
"ENSG00000173207",254.240754269359,-0.0748989574888012,0.0876980202580573,-0.854055282757878,0.393074359134188,0.492877810701021,-0.068905503287252,0.0853470465213034,"CKS1B"
"ENSG00000086598",4786.67969879819,-0.123414464860382,0.144558339936233,-0.853734657680921,0.393252026450505,0.492982537903648,-0.106643010273713,0.135133353058444,"TMED2"
"ENSG00000156603",97.5421274423473,-0.103379848899417,0.121081135978258,-0.853806400676491,0.39321226742722,0.492982537903648,-0.0946165456053413,0.115514155817602,"MED19"
"ENSG00000167840",101.275410789462,0.110990550048246,0.130010905458618,0.853701846446822,0.393270210815891,0.492982537903648,0.0994705137851919,0.123506236236892,"ZNF232"
"ENSG00000242612",780.637074232488,-0.18022834497803,0.211232324326113,-0.853223319645826,0.393535473786059,0.493268092904346,-0.137471317812302,0.185936768507088,"DECR2"
"ENSG00000105122",62.4212771462573,0.253154088894792,0.296822914282812,0.852879197370819,0.393726298917408,0.493424278625881,0.159392298390962,0.247846433242655,"RASAL3"
"ENSG00000172292",458.805797707884,-0.124242124157296,0.145676455938942,-0.852863445616565,0.393735035032926,0.493424278625881,-0.107704609254905,0.13609261255538,"CERS6"
"ENSG00000165626",224.299226455591,0.0684242398107631,0.0802481585268173,0.852658068009088,0.39384895070604,0.493520061387239,0.0655308679704665,0.0785171693039947,"BEND7"
"ENSG00000145388",488.581491311524,-0.100492486189816,0.117873060541496,-0.852548374736045,0.393909801846699,0.493549338705142,-0.0919183288760726,0.112523322378903,"METTL14"
"ENSG00000089472",58.755426343223,-0.169996284600024,0.199440727192898,-0.852364945679349,0.39401156981984,0.493599004781056,-0.131050655934627,0.177678878106225,"HEPH"
"ENSG00000189079",215.281352040815,-0.118491243681153,0.139029482819051,-0.852274217515224,0.394061912445213,0.493599004781056,-0.103313793114576,0.130616316996147,"ARID2"
"ENSG00000198000",306.800352269295,-0.0802656619507003,0.0941757818109629,-0.852296210418681,0.394049708815371,0.493599004781056,-0.0752075095256179,0.0913114918881087,"NOL8"
"ENSG00000176153",1741.25509643128,-0.316151596857662,0.37118111876057,-0.851744824503304,0.394355736055394,0.49392005526116,-0.1655710521678,0.273441939176814,"GPX2"
"ENSG00000064763",27.1482099883422,-0.230565482448284,0.27077499575484,-0.851502118227482,0.394490487152149,0.494012878634521,-0.155135097764506,0.22520975922084,"FAR2"
"ENSG00000159917",57.5508793070818,0.0945392684190098,0.111029845642865,0.851476176262569,0.394504891839842,0.494012878634521,0.0871347546853421,0.106660869548057,"ZNF235"
"ENSG00000171291",19.2898288053837,-0.220255408336173,0.258886196942357,-0.850780810014428,0.394891123547544,0.494449503816164,-0.152606764540987,0.217972435677331,"ZNF439"
"ENSG00000156096",24476.6282696197,0.130235393269163,0.15326037395246,0.849765597659063,0.395455419843831,0.495108982280704,0.112527383851976,0.143706663958669,"UGT2B4"
"ENSG00000197841",312.949208132843,-0.131621495422675,0.154906201350967,-0.849685127353061,0.39550016934503,0.49511792617635,-0.111913751728465,0.143587769995588,"ZNF181"
"ENSG00000105926",271.376830185595,-0.114568727033641,0.134907472951824,-0.849239293619815,0.395748152720279,0.495381268179805,-0.0894315061865943,0.126673724910699,"PALS2"
"ENSG00000186854",18.9433772792136,0.32203624012187,0.379269387634117,0.849096316817798,0.395827699721704,0.495433738429124,0.162620507132035,0.290033309137699,"TRABD2A"
"ENSG00000063587",559.521735456297,-0.090956069304453,0.107193162976519,-0.848524913145603,0.396145703997928,0.495737509631853,-0.0835168978725476,0.103094407297938,"ZNF275"
"ENSG00000111445",219.825379746592,-0.0704001886396286,0.0829631643284806,-0.848571642721935,0.396119691714976,0.495737509631853,-0.0653461195753152,0.0810444698758771,"RFC5"
"ENSG00000106034",1001.0954898342,0.181788237177396,0.214443150205114,0.847722284454022,0.396592652788642,0.496110106126835,0.13890984167636,0.19221229637519,"CPED1"
"ENSG00000120645",15.9517224766064,0.283935666844582,0.334872552710765,0.847891726407994,0.396498272645636,0.496110106126835,0.162088483998307,0.267502366144031,"IQSEC3"
"ENSG00000145391",2334.98783090759,0.124084060422116,0.14637395036847,0.847719557405926,0.396594171880977,0.496110106126835,0.108363336811873,0.137880154563517,"SETD7"
"ENSG00000160339",1012.56849589591,-0.204660746302076,0.241404855293434,-0.847790513796026,0.396554647022144,0.496110106126835,-0.146862934492605,0.20612538502406,"FCN2"
"ENSG00000170854",340.359224951705,0.0806542806727813,0.0953144743397545,0.846191318070789,0.397446024435255,0.497128477837219,0.0758947834585264,0.0925719773290986,"RIOX2"
"ENSG00000079385",1019.8644672128,0.096157942945722,0.113732574603019,0.845474071798332,0.397846203226438,0.4975817527956,0.0884235024744218,0.10936167984072,"CEACAM1"
"ENSG00000078142",390.275948843737,0.0866160245040224,0.102477978077271,0.845215978390121,0.39799026268306,0.497714646512649,0.0803312478627586,0.0991738472340917,"PIK3C3"
"ENSG00000186432",704.850904197245,-0.112581975944697,0.133300584621065,-0.844572259489596,0.398349702856486,0.498116838048105,-0.0997383853263162,0.125756420672389,"KPNA4"
"ENSG00000170921",56.8652455756361,0.158748340872018,0.187997550103885,0.844417072372994,0.398436385581984,0.498177915723875,0.12820437450739,0.17123306690024,"TANC2"
"ENSG00000186591",1374.63013860907,0.0587186943688744,0.069583334105248,0.843861466598592,0.398746822927251,0.498518722881036,0.0568241437506677,0.0684638286715392,"UBE2H"
"ENSG00000102390",224.336030253023,-0.0732515225094881,0.0869125672596695,-0.842818533833362,0.399329940856752,0.499200341940752,-0.0717893633511604,0.0847278871986271,"PBDC1"
"ENSG00000105677",425.779640459285,-0.106380155589877,0.126266602931304,-0.842504297417058,0.399505735257786,0.499331635024717,-0.094878805243443,0.119787870914503,"TMEM147"
"ENSG00000186205",1706.05496864144,-0.102028890935439,0.121103229510601,-0.842495211298286,0.399510819030105,0.499331635024717,-0.0922324175069071,0.115311470969603,"MTARC1"
"ENSG00000011201",11.0075676227054,-0.278265088930504,0.330552977966025,-0.841816917344805,0.399890441013528,0.499711232572524,-0.162694440730775,0.25783599234437,"ANOS1"
"ENSG00000183354",218.47962236412,-0.111761632060156,0.132757210858843,-0.84184980489677,0.399872029776802,0.499711232572524,-0.0990177533849789,0.125337699478634,"BRD10"
"ENSG00000179240",18.5679928838092,0.162695409138947,0.193338761892478,0.841504349911098,0.400065449167826,0.499882481137287,0.12982298386556,0.174735657726144,"GVQW3"
"ENSG00000180745",688.215439679498,-0.129378748134407,0.15378091695153,-0.841318615463749,0.400169464670945,0.499965000176282,-0.110472319920211,0.142693750070134,"CLRN3"
"ENSG00000173928",71.3021820327084,0.140716961944403,0.16730484711811,0.841081202178576,0.400302445163522,0.500083688492545,0.118580112928958,0.155069306714863,"SWSAP1"
"ENSG00000172845",832.482338744501,-0.143391831876704,0.170557026994023,-0.840726614457981,0.400501107129803,0.500284400044686,-0.118753293256322,0.15594816834433,"SP3"
"ENSG00000107443",54.156818891783,0.141365821795076,0.16819831441878,0.840471096773914,0.400644300656568,0.50036832313075,0.118578020994517,0.155521329962565,"CCNJ"
"ENSG00000185728",977.30418609556,-0.137573537383402,0.163684675872904,-0.840479028655213,0.400639855123764,0.50036832313075,-0.11607813478347,0.150562710411784,"YTHDF3"
"ENSG00000182986",48.0486986623604,-0.194969175660001,0.232186609484305,-0.839708956916314,0.401071590721951,0.500854459209448,-0.14305164102931,0.200500979935874,"ZNF320"
"ENSG00000163811",334.505574761493,-0.084015227379933,0.100071064409518,-0.83955564853512,0.401157575381363,0.500914324494596,-0.0766938071827254,0.0966526137566795,"WDR43"
"ENSG00000004776",67.5349951753172,-0.313723258096823,0.373723032879391,-0.839453901676082,0.401214647315122,0.500938079331521,-0.164731476284699,0.274803767411163,"HSPB6"
"ENSG00000149679",77.6014589763406,0.117905183595091,0.140691568227933,0.83804015464576,0.402008151854694,0.50188121821723,0.103849525644128,0.132579353477423,"CABLES2"
"ENSG00000115825",337.599058836423,-0.132766962869441,0.15845281062662,-0.837895915789686,0.402089162784483,0.501934760331895,-0.112603857283239,0.146426062452077,"PRKD3"
"ENSG00000178397",112.451228148929,-0.109416810233839,0.130709453858202,-0.837099436988991,0.402536676852399,0.502445761038934,-0.0977164904776928,0.123589535941104,"FAM220A"
"ENSG00000175455",594.09239557364,-0.164534944147818,0.196619168730758,-0.836820464708227,0.402693492373794,0.502593849710245,-0.127863053262925,0.175312402000911,"CCDC14"
"ENSG00000151150",256.067827613093,0.125456676234835,0.149952113668613,0.836644933942634,0.402792180256698,0.502669369218928,0.108617273045654,0.140806430941293,"ANK3"
"ENSG00000123131",2557.61740627088,0.098470040744313,0.117711042654848,0.836540383327049,0.402850968172651,0.502672387843833,0.0933831798552904,0.112820699200986,"PRDX4"
"ENSG00000196247",44.9260468584795,-0.21548265106163,0.257598811423169,-0.836504834285305,0.402870958265846,0.502672387843833,-0.149142326543906,0.216659126588869,"ZNF107"
"ENSG00000172466",1177.78274006333,-0.106596525830824,0.127471918736836,-0.836235359811996,0.403022509666247,0.502813831352772,-0.0953449117578314,0.120799470274273,"ZNF24"
"ENSG00000082213",220.172060512276,-0.128256109541314,0.153489951295048,-0.835599389140286,0.403380312525561,0.503177167361194,-0.106360159312146,0.14242030383874,"C5orf22"
"ENSG00000182149",1083.86827787859,-0.0454990921318586,0.0544519858285151,-0.835581869780622,0.403390171767994,0.503177167361194,-0.0444475367302168,0.0538543742412943,"IST1"
"ENSG00000145919",379.238610254054,-0.0702353583166534,0.0840714658248796,-0.835424452607419,0.403478766758582,0.503240000297791,-0.0668333434794501,0.0820542041256844,"BOD1"
"ENSG00000164114",11.5433287906685,-0.294016582180055,0.352127528183907,-0.834971874242384,0.403733544506729,0.503510073598143,-0.163437296239083,0.267304586540246,"MAP9"
"ENSG00000072657",62.4263578177716,-0.281152825646932,0.336916252258533,-0.834488760225164,0.404005618477162,0.503801664412797,-0.161036800208964,0.25869601955387,"TRHDE"
"ENSG00000164253",333.57330114391,0.0871532965195808,0.104473260555176,0.834216296652788,0.404159109410851,0.503945339000215,0.0812640721494353,0.100964623374099,"WDR41"
"ENSG00000139636",270.678436021308,-0.142943616180988,0.171383909702038,-0.83405505469857,0.404249960659827,0.504010888451448,-0.117066336694325,0.156476772981175,"LMBR1L"
"ENSG00000162174",31.6211168979195,-0.179713260419481,0.215493578927438,-0.833961092084303,0.404302909220907,0.504029173639093,-0.136926524079309,0.189584202641328,"ASRGL1"
"ENSG00000104687",887.975867796035,0.0521069859855757,0.0625144462306072,0.83351911641927,0.404552021119692,0.504291981638124,0.0515071514094548,0.0617232463191511,"GSR"
"ENSG00000108055",465.851971990206,0.104211172926436,0.125138156758558,0.832768962128007,0.404975042639563,0.504771505386016,0.096919972777432,0.119406975312035,"SMC3"
"ENSG00000185219",304.546102840789,0.0808464284358407,0.0971757125087844,0.831961262219018,0.405430810402872,0.505291750261663,0.0757425836491702,0.0943110687651015,"ZNF445"
"ENSG00000250312",40.8313015506781,0.209798233554843,0.252211696998164,0.831833876270896,0.405502719537578,0.505333535772054,0.14694152101406,0.21819539508593,"ZNF718"
"ENSG00000188647",672.358606158812,-0.183886401081552,0.221099613482086,-0.831690287402742,0.405583784326687,0.505386721980423,-0.136245506216862,0.192412752049264,"PTAR1"
"ENSG00000164743",10.6360926604785,-0.171094635957507,0.206154201193516,-0.829935237637488,0.406575400565286,0.506574403694763,-0.132556179447289,0.184095290517251,"C8orf48"
"ENSG00000170312",25.0179131250603,0.258866675338161,0.312040956625663,0.82959198092931,0.406769512196027,0.506768300300235,0.156482186449676,0.255075002957435,"CDK1"
"ENSG00000103194",658.966696299111,-0.0617909343538246,0.074535136864327,-0.829017520505798,0.407094493178327,0.50707720881607,-0.0587246204835673,0.0730605509434471,"USP10"
"ENSG00000125995",506.21135470888,-0.179380978252365,0.216369083531036,-0.829050876053805,0.407075619204782,0.50707720881607,-0.135637906451798,0.189379045121411,"ROMO1"
"ENSG00000168502",49.34839080253,0.195057659675371,0.235364907678874,0.828745719143072,0.407248309287397,0.507172837691815,0.142015579042315,0.206484524048922,"MTCL1"
"ENSG00000175544",15.6561404391419,-0.232333157029896,0.280343071637497,-0.82874584940811,0.40724823556033,0.507172837691815,-0.152683204742538,0.230942598500846,"CABP4"
"ENSG00000106384",170.195118018769,0.249841502160634,0.30156404538312,0.828485709704631,0.407395484614496,0.507308138696156,0.154960165337219,0.250179360593565,"MOGAT3"
"ENSG00000018869",45.1971667489618,-0.114053931131727,0.137765046435756,-0.827887291316043,0.407734332861648,0.507682071728433,-0.100543579168756,0.129619776295318,"ZNF582"
"ENSG00000139579",206.367483929146,0.0798955945130062,0.0965193980948187,0.827767227003616,0.407802338267359,0.50771873150147,0.0810924696533218,0.0936339312977028,"NABP2"
"ENSG00000014914",51.9904505845937,0.231276127707288,0.279520853510065,0.827402051771999,0.408009218037289,0.507928268218509,0.15201804420994,0.236395945495579,"MTMR11"
"ENSG00000172869",568.592877907547,-0.16742027610335,0.202494305227976,-0.826790046835448,0.408356072422869,0.508312002412735,-0.125782414142175,0.179223367998263,"DMXL1"
"ENSG00000159176",1885.66302891319,0.0848290564851655,0.102632004130085,0.82653610054857,0.408500048262258,0.508443149500934,0.0755346507957932,0.0993855172308329,"CSRP1"
"ENSG00000121988",93.8614887770299,0.101137339853253,0.122412479034712,0.826201222708458,0.408689954767305,0.508583359590391,0.0915854104351281,0.116896957125577,"ZRANB3"
"ENSG00000186017",107.336657112838,-0.109347573609206,0.132346505754613,-0.826221840808927,0.408678260891688,0.508583359590391,-0.0971701012701412,0.124907333097732,"ZNF566"
"ENSG00000006530",253.579864519786,-0.0692585215597097,0.0838412769069925,-0.826067112939373,0.408766022065604,0.508629944855471,-0.0655785254925812,0.0817790612517346,"AGK"
"ENSG00000072415",580.704151564282,0.141213355364205,0.171111046691029,0.825273166724246,0.409216522377287,0.509105632437088,0.117817894606051,0.158290273155234,"PALS1"
"ENSG00000132635",312.721751954259,0.153846220940937,0.186422175071435,0.825257085869668,0.4092256500138,0.509105632437088,0.124485516272588,0.170515734065044,"PCED1A"
"ENSG00000168065",17.1425107642358,0.35513400731652,0.430755815065568,0.824443907419944,0.409687375278229,0.509631895588924,0.155195946599967,0.309246677176972,"SLC22A11"
"ENSG00000196465",180.136481447793,0.116978180829909,0.141990502275112,0.823845109042993,0.410027572835403,0.510006898814447,0.102876955770717,0.134116311620555,"MYL6B"
"ENSG00000021355",425.234237735827,-0.105452891815089,0.128027461882994,-0.823674001375298,0.410124815712692,0.510079664053779,-0.0941520016209022,0.121270904134891,"SERPINB1"
"ENSG00000161956",57.1828451334479,0.105752943959224,0.128425488389825,0.823457596191646,0.410247821429817,0.51018445423113,0.0948129493944099,0.122358431342058,"SENP3"
"ENSG00000204599",133.053655760124,-0.105215674298697,0.127835096845516,-0.823057805681067,0.410475121879789,0.510418913361287,-0.0896708874536955,0.120915832970378,"TRIM39"
"ENSG00000095383",239.315370147164,0.143502563038269,0.174576283314216,0.822004915638985,0.411074099236743,0.511106436176262,0.118941148237592,0.161069038742676,"TBC1D2"
"ENSG00000134982",351.334447469542,0.117376016880186,0.142801988342723,0.82194945772383,0.411105663003693,0.511106436176262,0.104817675452248,0.134676940158207,"APC"
"ENSG00000157353",254.072249903494,0.132095637179852,0.160737778009205,0.821808281885589,0.411186019456839,0.511158071208454,0.112631734440031,0.149768596683631,"FCSK"
"ENSG00000130176",10.9978322184489,-0.618513006411541,0.753004492695351,-0.821393514131102,0.411422156744452,0.511387794803611,-0.142606154402979,0.350424033234537,"CNN1"
"ENSG00000131368",987.162332766346,0.0854010355060858,0.103976770795069,0.821347257210026,0.411448496912855,0.511387794803611,0.07968329183691,0.100538901783341,"MRPS25"
"ENSG00000168792",752.025561257661,-0.0773470680266193,0.094190501716357,-0.821176940532076,0.411545489295413,0.511411789718112,-0.0724896061791896,0.0913561533449175,"ABHD15"
"ENSG00000213585",3062.22052587221,-0.0661571221709473,0.0805604921097455,-0.821210502051342,0.411526375521276,0.511411789718112,-0.0636095776829247,0.0787457757665753,"VDAC1"
"ENSG00000172819",67.7186428809617,0.162733414270872,0.198321483147947,0.820553636892042,0.411900565531054,0.51180472308247,0.128511204017539,0.179431378770812,"RARG"
"ENSG00000007392",503.252345456132,-0.221509248432729,0.270051264774293,-0.820248883551295,0.412074239927739,0.51184976257958,-0.148415629143888,0.223222941202517,"LUC7L"
"ENSG00000148803",1841.36650884627,0.139197387737917,0.169707794699498,0.820217998733614,0.412091843149226,0.51184976257958,0.115477264747332,0.157123660896313,"FUOM"
"ENSG00000179051",346.279396824192,0.10157162616831,0.123831551499858,0.820240277522702,0.412079145005853,0.51184976257958,0.0924492136414452,0.118252445984016,"RCC2"
"ENSG00000185046",10.2877141531546,0.437949892764708,0.53394382959665,0.820217162347474,0.412092319865073,0.51184976257958,0.143046880614543,0.336361315595212,"ANKS1B"
"ENSG00000147124",126.060221585653,0.0873786862172933,0.106604636499158,0.819651837732061,0.412414613312364,0.512154820460089,0.078929342238981,0.102898430608562,"ZNF41"
"ENSG00000186074",23.9538551436194,0.208347528903232,0.254190881892416,0.819649892050074,0.412415722810106,0.512154820460089,0.145242862730005,0.218484738443226,"CD300LF"
"ENSG00000106459",112.8659411563,0.0982591875632557,0.119932931247751,0.819284466251203,0.412624133095465,0.512365305699792,0.0874473679685796,0.114808390548025,"NRF1"
"ENSG00000170889",5741.02524136541,-0.115794894731471,0.141442443718348,-0.818671479984124,0.412973872638554,0.512751226627612,-0.0960945386919165,0.132209335381756,"RPS9"
"ENSG00000124743",22.3727512340051,0.256756713478111,0.314275369996871,0.816980069041576,0.413939818169075,0.513902088261578,0.154104838230748,0.255666639015812,"KLHL31"
"ENSG00000173917",23.3063367693636,-0.157359788238742,0.192643842999479,-0.81684307055257,0.414018114934121,0.513950829834305,-0.125318529970673,0.173167021986648,"HOXB2"
"ENSG00000163393",13.0930928730557,0.357204233052233,0.437406296444961,0.81664172636614,0.414133202167047,0.51404522859728,0.15396902363436,0.310472790856827,"SLC22A15"
"ENSG00000100908",179.47963141971,0.157287454006175,0.192619592905397,0.816570379127656,0.414173988398659,0.514047391709723,0.125625924984221,0.175216765238747,"EMC9"
"ENSG00000080546",547.26147714277,0.11999391359754,0.147074683210876,0.815870624215402,0.414574134940755,0.514495528384388,-0.443119897023927,0.143579962828968,"SESN1"
"ENSG00000257704",41.0162764449692,0.216854318389994,0.265928352672305,0.815461443696516,0.414808225847595,0.514737521348674,0.146615314887319,0.227140997812363,"INAFM1"
"ENSG00000126698",976.947253307576,-0.0422495033025267,0.0518392715722576,-0.815009586769291,0.415066822564056,0.514983340149313,-0.0394479416284946,0.0513432671502128,"DNAJC8"
"ENSG00000137574",146.248492153009,0.0839630950977519,0.103026854029742,0.81496320438469,0.415093372490568,0.514983340149313,0.0783550831562307,0.0995405487614863,"TGS1"
"ENSG00000198682",2025.76177358203,0.101686005046431,0.124781840485765,0.814910283824758,0.415123666185984,0.514983340149313,0.0942616927752509,0.119059535607222,"PAPSS2"
"ENSG00000164096",1387.71470599789,-0.148969754971881,0.182858290952354,-0.814673232457902,0.415259379231533,0.515103164401956,-0.118176577840093,0.165086173020827,"ARLN"
"ENSG00000144228",220.749061445775,-0.181081783182972,0.222385049095069,-0.814271390634537,0.415489495479901,0.515267543683252,-0.134628954479903,0.19327379589742,"SPOPL"
"ENSG00000163945",81.4464728148009,-0.143927037370256,0.176763119341003,-0.81423680407336,0.415509305125709,0.515267543683252,-0.118152260862467,0.160643758345398,"UVSSA"
"ENSG00000186376",312.90456140267,-0.0884343155081867,0.108599512473696,-0.814315953118175,0.415463972891331,0.515267543683252,-0.0814389517428466,0.104298416077565,"ZNF75D"
"ENSG00000139505",317.355425901744,-0.173475227325305,0.213214834588353,-0.813617062153429,0.415864360318108,0.515659273681315,-0.131456753456821,0.187037137246167,"MTMR6"
"ENSG00000163823",124.807059506864,-0.254575109457503,0.313210593406357,-0.8127921431036,0.416337240969958,0.516111046816017,-0.153826119037727,0.246524839812879,"CCR1"
"ENSG00000166833",602.47743385464,-0.136881002383411,0.168411647434288,-0.812776339812366,0.416346303222916,0.516111046816017,-0.114027302151172,0.154180457161004,"NAV2"
"ENSG00000174529",35.511983736344,-0.145715304798633,0.179263380840778,-0.812855944784715,0.416300655662514,0.516111046816017,-0.119081949558201,0.163157209512155,"TMEM81"
"ENSG00000196189",36.0173544233251,0.185441050081109,0.228209190133734,0.812592384962401,0.416451799014015,0.51619322028041,0.137144198134413,0.200975711770212,"SEMA4A"
"ENSG00000182095",354.666500263543,0.215433639446068,0.265310486860368,0.812005744648342,0.416788335185397,0.51651310439109,0.145973686655907,0.227209519999281,"TNRC18"
"ENSG00000196313",319.618425573837,0.112276997595392,0.138265998194814,0.812036213250318,0.416770852406697,0.51651310439109,0.0992776560393405,0.130821132987472,"POM121"
"ENSG00000172748",83.0285263105333,-0.153839068869663,0.189669662951696,-0.811089483028403,0.417314285003759,0.517116223657364,-0.123221531008491,0.170439714963342,"ZNF596"
"ENSG00000111364",231.330882085346,-0.110217023865232,0.135921933923105,-0.810884753358387,0.417431856781313,0.517166111561304,-0.0973795012584151,0.127936274294125,"DDX55"
"ENSG00000142347",225.482794410759,0.147469893989008,0.181863438429132,0.810882579053811,0.417433105541696,0.517166111561304,0.120325778284383,0.166738519524396,"MYO1F"
"ENSG00000160013",43.1183547630097,0.21312760941229,0.262876482553463,0.810751906530646,0.417508158255455,0.517210426382322,0.145132278041498,0.225088794680955,"PTGIR"
"ENSG00000142552",224.419208716139,0.31247929698468,0.385501755580568,0.81057814254071,0.417607973183799,0.517241485211549,0.159287472451085,0.293073910084895,"RCN3"
"ENSG00000165359",51.3223275601541,-0.186387588308017,0.229945900568334,-0.810571477235915,0.41761180220255,0.517241485211549,-0.137224378556362,0.198632169798431,"INTS6L"
"ENSG00000157350",239.624848505957,0.109237075901813,0.134794815740302,0.810395231462547,0.417713057646665,0.517269574583898,0.0976220056641462,0.127862646623657,"ST3GAL2"
"ENSG00000177464",22.5408316037759,-0.190292394886016,0.234808847815826,-0.810414073643736,0.417702231882828,0.517269574583898,-0.138764166174246,0.202148506875987,"GPR4"
"ENSG00000171490",1126.11073873471,0.047883133421655,0.0590952754736455,0.810270077224859,0.417784969133984,0.517309969304809,0.048010061129505,0.058399440501562,"RSL1D1"
"ENSG00000135842",57.6019394809777,-0.203068356629316,0.250840102421757,-0.809552996784708,0.418197131892093,0.517771622953855,-0.14229330265215,0.211933339256965,"NIBAN1"
"ENSG00000105855",15.4488657992234,-0.361938811215065,0.447197239322389,-0.80934938633228,0.41831420652885,0.517846412002328,-0.160398807261984,0.30056293674988,"ITGB8"
"ENSG00000164684",295.205478844935,0.108410760723677,0.13395436669659,0.809311136300841,0.418336202191764,0.517846412002328,0.0962245822424356,0.12709156663158,"ZNF704"
"ENSG00000048991",212.258810299137,-0.0734805763582674,0.0908435344735364,-0.808869632650334,0.418590137948261,0.518112038754048,-0.0690240800448416,0.0882720386571499,"R3HDM1"
"ENSG00000029153",55.6516432890666,0.17563150309671,0.217236218889963,0.808481679501487,0.418813348402804,0.518339588745188,0.133546733206249,0.193343269413318,"BMAL2"
"ENSG00000076258",1007.33875083306,-0.0986832963594076,0.122193870933906,-0.807596122499344,0.419323119619947,0.518775436282299,-0.0849569841787545,0.116145541473974,"FMO4"
"ENSG00000102547",87.0229715174502,-0.103809457326409,0.128519656173762,-0.80773214321439,0.419244795534374,0.518775436282299,-0.0929240013440567,0.121801037397615,"CAB39L"
"ENSG00000121390",210.483397962774,-0.0693226284828966,0.0858195881245104,-0.807771628807174,0.419222060366791,0.518775436282299,-0.0657407847847924,0.0835938578252356,"PSPC1"
"ENSG00000160801",361.593701842438,0.199249598009023,0.246705734602946,0.807640723592015,0.419297436261606,0.518775436282299,0.138678730479962,0.214398294075745,"PTH1R"
"ENSG00000122873",470.793118265833,0.102205185607293,0.126577541151936,0.807451185077236,0.419406587634475,0.518829947645918,0.0906929726925071,0.120700050448563,"CISD1"
"ENSG00000073711",34.1145035128094,0.15150276513162,0.187676126193738,0.807256459328364,0.41951874362808,0.518919934104406,0.122107622881627,0.170671932560071,"PPP2R3A"
"ENSG00000102387",10.2060667268292,-0.303425982605552,0.376636334288693,-0.805620581398752,0.420461654689832,0.520037402127414,-0.158783314856514,0.276385238209089,"TAF7L"
"ENSG00000171681",686.038757192926,-0.111786579039901,0.138799428780198,-0.805382126009509,0.420599202927742,0.520158661069571,-0.0967049078011753,0.130245094125949,"ATF7IP"
"ENSG00000204228",786.114156516423,-0.105230760695741,0.130715955923576,-0.805033784530984,0.420800184249818,0.520358338107739,-0.0926228563937044,0.123462080767018,"HSD17B8"
"ENSG00000003989",7322.500336105,0.181277902091218,0.225339160763712,0.804466926551234,0.421127362742444,0.520567351222141,0.1387860974561,0.19967160003012,"SLC7A2"
"ENSG00000115295",54.2711391399583,-0.234395435846823,0.29134770285791,-0.804521310954485,0.421095966737255,0.520567351222141,-0.150092786041593,0.23541011157093,"CLIP4"
"ENSG00000137992",1277.43360461146,0.121691045477896,0.151245064747361,0.804595149475906,0.421053342107891,0.520567351222141,0.107742916610488,0.141760646903457,"DBT"
"ENSG00000177169",556.957596116894,0.193198155270966,0.240132132599657,0.804549366964822,0.42107977059676,0.520567351222141,0.138513512491475,0.210058308770677,"ULK1"
"ENSG00000094975",266.482688156069,-0.12938422295754,0.160882467336329,-0.804215804864922,0.421272352595031,0.520697690036254,-0.108881698827642,0.148248956889964,"SUCO"
"ENSG00000137628",356.713129921265,0.177082440624016,0.220279578201961,0.803898582290091,0.421455548906275,0.520875223589601,0.133317215776438,0.195918761872046,"DDX60"
"ENSG00000165240",76.7886073526857,-0.154244289589659,0.191954238427001,-0.803547193610508,0.421658530715495,0.521028269863933,-0.122778989160783,0.172072827256189,"ATP7A"
"ENSG00000185670",52.3920618846116,-0.119145073463125,0.148270701329226,-0.803564510014499,0.421648526446477,0.521028269863933,-0.103133840414397,0.13837536308605,"ZBTB3"
"ENSG00000168079",95.0346413170229,0.188449571201442,0.234579187604486,0.803351623500288,0.421771527809987,0.521118987907873,0.137294983263264,0.205941553107698,"SCARA5"
"ENSG00000177570",84.3577041377039,-0.158597599644858,0.197606099682199,-0.802594656237448,0.422209058002022,0.521610627536326,-0.124912051720462,0.176076613927116,"SAMD12"
"ENSG00000157617",275.532385776863,0.0647561183980613,0.0806978826729332,0.80245126951492,0.422291966074003,0.521664104459592,0.0630983121272196,0.0789263141358514,"C2CD2"
"ENSG00000188315",77.6055633377462,-0.153122511021993,0.190863136836683,-0.802263410105308,0.422400603270531,0.521749351971086,-0.122242236129391,0.171361060809776,"C3orf62"
"ENSG00000111424",13.5696324126262,-0.216362976695466,0.269734663992552,-0.802132634689621,0.422476239037656,0.521793823937127,-0.145094549294892,0.22495437223471,"VDR"
"ENSG00000025434",1200.17216320234,0.106884245959985,0.133285855897393,0.801917392061969,0.422600744859696,0.521898640542421,0.0983845437690902,0.126427557055914,"NR1H3"
"ENSG00000161082",10.5962256797634,0.352182073301698,0.439357185184188,0.801584872577093,0.422793131032,0.522087259723065,0.150240424456773,0.30992770429501,"CELF5"
"ENSG00000081913",744.042372658851,-0.109329661177785,0.136484350074137,-0.801041739352518,0.42310748252829,0.522426438616474,-0.0962416674571186,0.128404413014708,"PHLPP1"
"ENSG00000106344",261.621090188834,0.0905111790788778,0.113071452370255,0.800477726088606,0.423434063637014,0.52278065283617,0.0831156836940375,0.108589755984383,"RBM28"
"ENSG00000178425",1231.53008085274,0.0983629216028032,0.122925771334727,0.800181447183768,0.423605677364212,0.522943492562326,0.0959417036455349,0.117302907176376,"NT5DC1"
"ENSG00000030066",500.999655355369,-0.111796531577904,0.139740053984512,-0.800032119568917,0.423692187870299,0.52300125121886,-0.0975949822077488,0.131099627392397,"NUP160"
"ENSG00000139977",412.101487429423,-0.166127934087699,0.207722985834738,-0.799757106418008,0.423851539276955,0.523148904670515,-0.127581799013964,0.183157798600545,"NAA30"
"ENSG00000182985",1258.557033082,0.0701162592711408,0.087689197594189,0.799599736282537,0.423942740329643,0.523212422120368,0.066619662156187,0.0855324585890472,"CADM1"
"ENSG00000082014",37.3335929431928,0.236601751044605,0.295970368226195,0.799410266854085,0.424052559181512,0.523249858873832,0.148380784517832,0.245159152530325,"SMARCD3"
"ENSG00000091536",47.3976379038041,0.297477596547517,0.372107076895091,0.79944084651576,0.424034833701133,0.523249858873832,0.152446964723678,0.285121777046361,"MYO15A"
"ENSG00000171425",77.5871458351089,0.130341484254229,0.163119866414342,0.799053402380483,0.424259447467557,0.52345608521768,0.110198439804625,0.151561555749213,"ZNF581"
"ENSG00000090520",1019.33012328122,0.110594480217478,0.138453369506898,0.798785039406124,0.424415066844055,0.523599022682611,0.0976649966572772,0.130961664386269,"DNAJB11"
"ENSG00000100316",23730.1170911277,-0.0757468309531149,0.0948373282525835,-0.798702708614647,0.424462815834961,0.523608866605743,-0.0706211051162167,0.091906646913383,"RPL3"
"ENSG00000167565",137.289492508363,-0.114986873909416,0.143988384608339,-0.798584373470053,0.424531451596316,0.523644471774133,-0.100142784126712,0.134587009926063,"SERTAD3"
"ENSG00000101331",32.4829009202024,0.190034652563443,0.237996553039713,0.798476491093267,0.424594030282968,0.523672599785064,0.137324662994914,0.20758519182346,"CCM2L"
"ENSG00000135596",79.9838952397273,0.234723765930672,0.293998546782222,0.798384102573617,0.424647625825478,0.523689644213024,0.147908209432034,0.244393552003054,"MICAL1"
"ENSG00000198863",104.249771394607,0.070605408981719,0.0884706150078452,0.798066216398043,0.424832065109138,0.523868031209789,0.0669743090979746,0.0861152540984674,"RUNDC1"
"ENSG00000137841",192.829623858412,0.171278678468279,0.214781362169435,0.797455965164993,0.425186267328994,0.524255702908179,0.130473126196039,0.19171058691201,"PLCB2"
"ENSG00000004660",22.4373372483675,-0.175863747052819,0.220596348656675,-0.797219664440251,0.425323467382089,0.524326664003051,-0.132622209551587,0.192665907209464,"CAMKK1"
"ENSG00000138867",2363.62816950127,-0.0923529976410552,0.115838678327914,-0.797255277547488,0.425302788177095,0.524326664003051,-0.0840738961075506,0.110698797307249,"GUCD1"
"ENSG00000119812",443.798263049913,0.113110012855206,0.141940281810745,0.79688451658861,0.425518104017244,0.524517494381709,0.0997692810563433,0.133920749009197,"FAM98A"
"ENSG00000148396",1638.71997547169,0.1027162014848,0.128917806797553,0.796757283081158,0.425592008309889,0.52455948150234,0.092307345691493,0.122719535754601,"SEC16A"
"ENSG00000174788",10.9700460593336,0.384695679196913,0.483110375507739,0.796289416870018,0.425863835436935,0.524796261452891,0.144906512255629,0.322847169286339,"PCP2"
"ENSG00000185885",336.719495155764,-0.207769325070303,0.260908575266805,-0.796329997424722,0.425840254395122,0.524796261452891,-0.142131026581563,0.217573318511187,"IFITM1"
"ENSG00000184162",103.102826757332,-0.103266316992064,0.12970552267843,-0.796159753722172,0.425939186781497,0.524839993744987,-0.0920470799103642,0.122817401320329,"NR2C2AP"
"ENSG00000163884",1180.78253235397,-0.123969184359822,0.155761471876678,-0.79589119739426,0.426095278074355,0.524983195875628,-0.103069068222721,0.144003862327992,"KLF15"
"ENSG00000125618",17.9923570909047,0.266200683309962,0.334590481724675,0.795601482558043,0.426263704606397,0.525141567778406,0.15135974683366,0.26552169835269,"PAX8"
"ENSG00000172322",42.5977245136539,-0.224054056211571,0.281644771776912,-0.7955200261592,0.426311066505255,0.525150776722323,-0.146816983608904,0.229999138547167,"CLEC12A"
"ENSG00000029364",1860.66206416745,0.083139296121739,0.104597606826372,0.794848932440178,0.426701383126964,0.525582412784134,0.0789950943158387,0.101046841493111,"SLC39A9"
"ENSG00000056998",690.199694153572,0.153799022299395,0.193552674552891,0.794610679778371,0.426840003993679,0.52570397498417,0.122669914801226,0.175819227526827,"GYG2"
"ENSG00000169604",131.850758997794,-0.207412408778265,0.261121304736772,-0.794314385750141,0.427012431274637,0.525867147148244,-0.142102126836424,0.217802980676127,"ANTXR1"
"ENSG00000073282",12.9732509961818,0.283648141139836,0.357299069714416,0.793867561330489,0.427272535944762,0.52613825367085,0.151453799256269,0.276670003322964,"TP63"
"ENSG00000131351",66.6683640194489,-0.106434792192241,0.134122593891447,-0.793563478785568,0.427449600728677,0.526307064733355,-0.0945788374476339,0.126555494464006,"HAUS8"
"ENSG00000152684",198.112510303786,0.0815995538326947,0.102845744394861,0.793416920776081,0.427534955522792,0.526313718972705,0.0760908314212717,0.0993903014716537,"PELO"
"ENSG00000204257",432.657747925537,-0.139008148062174,0.17519747597114,-0.793436933332723,0.427523299705291,0.526313718972705,-0.114348912525051,0.159366441455932,"HLA-DMA"
"ENSG00000113734",101.060771575905,-0.0884625006349294,0.111515180272314,-0.793277654386682,0.42761607290407,0.526364361990929,-0.0807500108697412,0.106876482543348,"BNIP1"
"ENSG00000103495",1131.16529260574,0.109693686520081,0.138327651859833,0.792998977754884,0.427778418364375,0.526514972065566,0.0964745494935549,0.130851904801717,"MAZ"
"ENSG00000166025",682.275646185723,-0.131029176981736,0.165308344013635,-0.792634986234743,0.427990518782491,0.526726787277087,-0.109240998153337,0.151678693604804,"AMOTL1"
"ENSG00000204634",617.71087875855,-0.0875672866359774,0.11048800952444,-0.792550132931914,0.428039972195789,0.526738412368423,-0.0802961415718211,0.105977068703354,"TBC1D8"
"ENSG00000079332",1698.36869727263,-0.0637787432426263,0.0805056675206399,-0.792226748834483,0.428228474399573,0.526921130275213,-0.0608220299884772,0.07868255117475,"SAR1A"
"ENSG00000237651",10.4652314723943,0.178918189727308,0.225881860567562,0.792087462347567,0.42830968006988,0.526971801495191,0.132861732536337,0.197601674844124,"C2orf74"
"ENSG00000111530",1212.57837451715,0.118665442843156,0.14986879717861,0.791795524332749,0.428479912456433,0.527131987236161,0.103078164426489,0.140641100832325,"CAND1"
"ENSG00000198315",368.379170476793,0.144824633374317,0.182982364934034,0.791467710161728,0.428671111544874,0.527317934653818,0.118278063344501,0.167537774848147,"ZKSCAN8"
"ENSG00000049089",11.2120061545465,0.281018394721735,0.35520631822078,0.791141317894765,0.428861530592926,0.527453611563425,0.151026084865683,0.275102816583423,"COL9A2"
"ENSG00000179965",43.2951024624228,0.185576615940585,0.234551514029647,0.791197689378926,0.428828639644824,0.527453611563425,0.135400677881396,0.205422703400702,"ZNF771"
"ENSG00000204524",24.4063374828203,0.168051037497575,0.212691717824376,0.790115568281499,0.429460278658356,0.528140671475427,0.128468004594977,0.189349457176356,"ZNF805"
"ENSG00000076321",291.643500463436,-0.106373198626129,0.13464514697211,-0.790026235762977,0.429512446602161,0.528155493785753,-0.094131350244908,0.126892192692442,"KLHL20"
"ENSG00000171533",18.5876168992163,0.176117395892219,0.222950765556283,0.789938511548905,0.429563678919673,0.528169162930185,0.131900848987221,0.195921137593736,"MAP6"
"ENSG00000075336",343.541788099825,-0.0555881970907663,0.070384845398393,-0.789775082634983,0.429659133437941,0.528237197762996,-0.0516609430842481,0.0691386375253607,"TIMM21"
"ENSG00000117009",1746.26416982718,0.142708409371438,0.180848418737998,0.789105098995555,0.430050581994191,0.528669090806304,0.118638014908894,0.165833106107997,"KMO"
"ENSG00000196867",25.9268846262067,-0.1737718574424,0.220420971991403,-0.78836353851655,0.430484091813507,0.529152605061771,-0.130576159057972,0.192514538759077,"ZFP28"
"ENSG00000118508",410.160358415177,0.094911898632753,0.120530125339363,0.78745374540614,0.431016295264388,0.529757332286308,0.0840167757299449,0.115343683886938,"RAB32"
"ENSG00000168026",31.2175281750335,-0.220747537398391,0.280525330800876,-0.786907680558384,0.431335911062213,0.530100681886035,-0.144478218174392,0.229231244632061,"TTC21A"
"ENSG00000125846",185.829084882179,-0.14208362986968,0.18064558233506,-0.786532546398749,0.431555559464757,0.530321121515119,-0.114026495993045,0.163404797309349,"ZNF133"
"ENSG00000115556",13.2317267219585,0.393345612659709,0.50041004751936,0.786046592408782,0.43184019141661,0.530621368193289,0.141273971484931,0.326844634017439,"PLCD4"
"ENSG00000112365",99.4910387767243,-0.0717416061889762,0.091286133574958,-0.785898179487105,0.431927141200166,0.530678680574971,-0.0675929154816621,0.0886616501123332,"ZBTB24"
"ENSG00000144362",15.2891290602712,-0.237197623238608,0.301900670112717,-0.785681009419581,0.432054391596639,0.530785492186372,-0.148094616183298,0.241492547001658,"PHOSPHO2"
"ENSG00000179943",94.9603389159254,-0.167435497459753,0.213128471110224,-0.785608307456776,0.432096996027789,0.530788304693214,-0.126486677561594,0.186926978824795,"FIZ1"
"ENSG00000166803",16.7215135037927,-0.161948175529076,0.206207420900545,-0.78536540936218,0.432239355568677,0.530913644502024,-0.125555717792374,0.182779060051883,"PCLAF"
"ENSG00000007545",96.3139452478315,-0.154298956253107,0.196609130211867,-0.784800563874289,0.432570509466459,0.531221278578062,-0.121577178590444,0.175334198599097,"CRAMP1"
"ENSG00000162739",43.7224340479634,-0.18726852630182,0.238612173007994,-0.784823858485819,0.432556849551713,0.531221278578062,-0.135100760121644,0.204006457606975,"SLAMF6"
"ENSG00000168646",63.1560276435963,0.165088448972511,0.210434599261354,0.784511907984655,0.432739797436082,0.53137960949855,0.1282130769825,0.187967252561827,"AXIN2"
"ENSG00000184313",14.1982534346266,-0.318030584323492,0.405422409547048,-0.784442539026904,0.432780485950963,0.531380012872366,-0.154005614515985,0.286442248971537,"MROH7"
"ENSG00000048544",660.61617616243,0.0836921601321332,0.10673048284813,0.784144865635259,0.432955112069766,0.531536479410298,0.0790022522262877,0.102985357070715,"MRPS10"
"ENSG00000152944",191.116925642491,-0.157684112971819,0.201122853112807,-0.784018874689371,0.433029035254052,0.531536479410298,-0.1208527139495,0.178310733743522,"MED21"
"ENSG00000198492",642.728044079727,-0.0671830775210915,0.085686590305969,-0.784055909812664,0.433007304726498,0.531536479410298,-0.062373808076846,0.0834594612341543,"YTHDF2"
"ENSG00000111911",537.154741570425,-0.109774381908355,0.140113577628708,-0.783467125500498,0.43335285132502,0.531834791251418,-0.0949560679115873,0.131345323712308,"HINT3"
"ENSG00000145708",1765.65427021952,-0.184052459725298,0.234909152506123,-0.783504847562296,0.433330708165607,0.531834791251418,-0.130226703265816,0.200880448089405,"CRHBP"
"ENSG00000102753",515.805809001481,-0.138733636044891,0.17710583880664,-0.783337449401412,0.433428977249561,0.531878638686524,-0.113548967523551,0.160792771500132,"KPNA3"
"ENSG00000122126",472.656470687444,0.0937668197698577,0.119778424299983,0.782835642711581,0.433723634064369,0.532190621257361,0.085303172136292,0.114686599525327,"OCRL"
"ENSG00000123485",10.32295416195,0.292244514261362,0.373529187529907,0.782387358251524,0.433986960970702,0.532464106620098,0.149785266320505,0.282743143960855,"HJURP"
"ENSG00000187123",10.6675111996978,-0.265468062032153,0.339456132559096,-0.7820393758417,0.434191433104596,0.532665338078188,-0.149978859850492,0.261313837641364,"LYPD6"
"ENSG00000164054",1769.38370981678,0.0823533261875241,0.105344427051829,0.781753040879955,0.434359723347673,0.532822148289897,0.0774524068872195,0.101675581798668,"SHISA5"
"ENSG00000032219",490.676100210103,-0.125933548281182,0.161126079986387,-0.781583889410218,0.434459157976978,0.53289447306921,-0.106116917805514,0.148414354525537,"ARID4A"
"ENSG00000147526",724.066770225856,-0.111515948819836,0.142826034016646,-0.780781666225073,0.434930918846858,0.533423425946692,-0.097292501310865,0.133619114278611,"TACC1"
"ENSG00000115464",1177.37713404839,-0.0874840915334393,0.112077589890867,-0.780567209007841,0.43505708410534,0.533484335126544,-0.0686397699838552,0.106965693711619,"USP34"
"ENSG00000135919",125.0720662271,-0.161814416230769,0.207305678550552,-0.780559497270646,0.435061621316551,0.533484335126544,-0.124872368068401,0.182837420169722,"SERPINE2"
"ENSG00000187823",32.4595124114605,-0.200581145694466,0.256996007739423,-0.78048350812454,0.435106331095891,0.533489472453762,-0.138753221580867,0.215515562456477,"RTL4"
"ENSG00000064999",396.239409805213,-0.0912804913231845,0.116997362931894,-0.78019272431226,0.435277444229212,0.533514940742778,-0.0817802975959837,0.111627208324937,"ANKS1A"
"ENSG00000083457",96.6539812873056,-0.11175737016606,0.143234297927015,-0.78024168640814,0.435248629529925,0.533514940742778,-0.0973924185949422,0.133968155124468,"ITGAE"
"ENSG00000100083",463.488317920267,0.167253358111312,0.214350577692215,0.780279483787863,0.435226386134322,0.533514940742778,0.127614083447382,0.191307893725581,"GGA1"
"ENSG00000129071",582.313045657953,0.0933831124957298,0.119695427471763,0.780172764057837,0.435289191361,0.533514940742778,0.0793055049866558,0.114655480033491,"MBD4"
"ENSG00000168765",574.195555654959,-0.153181771462732,0.196450878406003,-0.779745922775427,0.435540442400295,0.533773197863007,-0.118520196981864,0.17492801971271,"GSTM4"
"ENSG00000100479",37.6085423866383,0.171346831923077,0.219806741163826,0.779534017090808,0.435665207241742,0.533876407161651,0.129025147117133,0.194469056109044,"POLE2"
"ENSG00000180879",1523.56541247938,-0.112291683585922,0.144109540333574,-0.779210615244469,0.43585565800457,0.534060083135242,-0.0978441307994247,0.134667714414235,"SSR4"
"ENSG00000065485",1251.55688750837,-0.0881856517998001,0.113239189343373,-0.778755590808733,0.43612370234843,0.534338792585095,-0.068502991930356,0.107961323232905,"PDIA5"
"ENSG00000105443",17.0964979660749,0.233918466028405,0.30063682659488,0.778076553953315,0.43652388387235,0.534732720225564,0.145227708261337,0.246096988699718,"CYTH2"
"ENSG00000182782",15.7370056932423,0.315485103963923,0.4054702192358,0.778072196173926,0.436526452755914,0.534732720225564,0.147724849607241,0.296885706915162,"HCAR2"
"ENSG00000114126",11.189781378366,0.2953419800744,0.379823920988086,0.777576039197552,0.436818991122404,0.534993182154253,0.148307528255662,0.286077029674107,"TFDP2"
"ENSG00000167470",267.014089024537,-0.164087398439579,0.211024872016573,-0.777573737500915,0.436820348485358,0.534993182154253,-0.125528712899846,0.185384211988403,"MIDN"
"ENSG00000179941",248.671901138518,-0.177584364364011,0.228427594341116,-0.777420805381421,0.436910541483932,0.535053873051572,-0.130538689250225,0.197066817507226,"BBS10"
"ENSG00000168538",488.832899812274,-0.0909955328285128,0.117136116327564,-0.776835835789959,0.437255631153087,0.535426677805203,-0.0845443673100984,0.111846569613013,"TRAPPC11"
"ENSG00000119547",824.539696719306,-0.124267922912595,0.160025897974294,-0.776548824194421,0.437425004558283,0.535584265787627,-0.102710814451565,0.147351582821464,"ONECUT2"
"ENSG00000168066",1509.93220227391,0.113385981853472,0.146039453542862,0.776406505932274,0.43750900446575,0.535637302659109,0.101392314863455,0.137373599863828,"SF1"
"ENSG00000185043",1277.62569466842,-0.10806479563542,0.139242425659832,-0.776091016249758,0.437695247704687,0.535815493377956,-0.0922187787247378,0.130544825893451,"CIB1"
"ENSG00000102053",26.3234938000891,0.167030378346993,0.215294747776888,0.775821891020248,0.437854156630689,0.535960192097402,0.126866454114,0.191024584408546,"ZC3H12B"
"ENSG00000131042",98.9652867316312,-0.18044721164406,0.232734254801415,-0.775335851604785,0.438141229784041,0.536261730160517,-0.131289860985025,0.199862645811059,"LILRB2"
"ENSG00000159210",592.697107540149,0.0873123448619793,0.112636367828241,0.775170103097798,0.438239151826682,0.536331722713338,0.0800111631101354,0.10832204652038,"SNF8"
"ENSG00000144306",337.110408440868,0.11254981604832,0.145242535209899,0.774909470463783,0.438393155613831,0.536370624180996,0.098201590444366,0.13668403277035,"SCRN3"
"ENSG00000163581",16036.3403786733,-0.164594312019808,0.212378859077329,-0.775003278268284,0.438337722451522,0.536370624180996,-0.118509494933007,0.185411836483797,"SLC2A2"
"ENSG00000164978",198.993950435853,-0.134420033627992,0.173452439032379,-0.774967676314424,0.438358759980193,0.536370624180996,-0.110596276401414,0.158079313129471,"NUDT2"
"ENSG00000235162",26.9081462270532,-0.24559938254187,0.317329454589351,-0.773957094086001,0.438956164543765,0.537009557924476,-0.147442901904213,0.248701800540699,"C12orf75"
"ENSG00000164543",118.330870244444,0.134585060602793,0.173925573834517,0.773808345924134,0.43904413632559,0.537067276675901,0.110462095861533,0.160133193071223,"STK17A"
"ENSG00000159398",185.917079532132,-0.141798139785049,0.183324084351783,-0.773483420285088,0.439236337195498,0.537252472641762,-0.114526058324652,0.165430433448212,"CES5A"
"ENSG00000100599",266.691879305038,0.175864198576238,0.227405715930086,0.773349947941967,0.439315303106432,0.537299143585627,0.130119082933994,0.200662364639901,"RIN3"
"ENSG00000197253",17.2474909063504,0.347537885468123,0.449607205438815,0.772981129448153,0.439533548656705,0.537516134275885,0.143043500065277,0.312206177473483,"TPSB2"
"ENSG00000156345",67.5227199140788,0.114827277181383,0.148630455959584,0.772568962666754,0.439777518856357,0.537764541029329,0.0996869371336975,0.139330660648753,"CDK20"
"ENSG00000132155",1647.38738883395,0.036909526789116,0.0477861706271232,0.77238929809049,0.4398838904209,0.537844660223029,0.0364621632010812,0.04740665234129,"RAF1"
"ENSG00000006194",382.693795190744,-0.0910203413996913,0.117899684950839,-0.7720151367465,0.440105462426448,0.538065606677185,-0.0850520644652927,0.112494047051043,"ZNF263"
"ENSG00000204348",190.032324380915,-0.17868585805958,0.231482454826159,-0.771919661011767,0.440162011789744,0.538084776901,-0.13068349935125,0.19902533891884,"DXO"
"ENSG00000136045",526.6787836228,0.0561120350671494,0.0727335307156352,0.77147409887923,0.440425969080049,0.5383574699571,0.0543466043072755,0.0714422436318598,"PWP1"
"ENSG00000173432",5719.32589334176,-0.36521608928305,0.475048568892601,-0.768797367676353,0.442013611802598,0.540197829109162,-0.149156201922499,0.304625117390653,"SAA1"
"ENSG00000196712",673.106035090234,-0.107487361434002,0.139807581767977,-0.768823550731227,0.441998066067555,0.540197829109162,-0.0928464132196346,0.131039607983071,"NF1"
"ENSG00000164398",107.338081346692,-0.158188921080365,0.205821245165603,-0.768574308026786,0.442146062291958,0.54025940196157,-0.122330090988313,0.181806168374124,"ACSL6"
"ENSG00000185049",127.471173931316,0.159789312229516,0.207895690989476,0.768603290760869,0.44212885136359,0.54025940196157,0.123526077356197,0.186242578430027,"NELFA"
"ENSG00000131400",15.4821315405299,0.240992549458298,0.313816172318246,0.76794177839217,0.442521775272661,0.540668308578309,0.144311631553303,0.253344317052324,"NAPSA"
"ENSG00000103707",139.47027942846,0.0582046092781297,0.0758524663941607,0.767339706209085,0.44287956656357,0.541055244815438,0.0559998998063319,0.0743850073326132,"MTFMT"
"ENSG00000176476",208.822031068134,0.114636604982176,0.14958181012372,0.766380650744627,0.443449842460734,0.541701672465951,0.100173570954605,0.140294369641908,"SGF29"
"ENSG00000125304",4312.00625362769,-0.12358819227797,0.161335784334099,-0.766030876460984,0.443657930457524,0.541900740434657,-0.0994159267290339,0.148272126507423,"TM9SF2"
"ENSG00000156802",296.402761726048,-0.120440040224497,0.157238921166044,-0.765968370498502,0.44369512242789,0.541900740434657,-0.102569222608975,0.145322106190982,"ATAD2"
"ENSG00000176024",64.2865837902937,0.0868095008000793,0.113350571756933,0.765849694929042,0.443765741043492,0.541936717055803,0.0797545982033701,0.108712954552357,"ZNF613"
"ENSG00000106852",14.6301836720369,0.299794775098654,0.391547409629872,0.76566660313766,0.443874703511715,0.542019509036843,0.145178653491012,0.290796503116306,"LHX6"
"ENSG00000125149",999.691993673073,-0.0664812354178539,0.086886589729403,-0.765149554435283,0.444182494502469,0.542345054494992,-0.0624784579032807,0.0845972332867091,"PHAF1"
"ENSG00000139329",751.022574213437,0.263647185952359,0.344864187642617,0.764495692505992,0.444571902655115,0.542770184565769,0.139065101463384,0.270624507649282,"LUM"
"ENSG00000095370",75.5182513761269,0.158945734590011,0.208189022392504,0.763468374861505,0.445184115991615,0.543467229591618,0.122663565256145,0.186275007571731,"SH2D3C"
"ENSG00000128965",13.5764915379593,-0.228891878473387,0.300245963212364,-0.762347896452789,0.44585239464844,0.544232581859945,-0.1430345237122,0.240234254586386,"CHAC1"
"ENSG00000167578",52.300420920115,-0.182158143657998,0.23902222814351,-0.762097086420889,0.446002061658071,0.544264680930664,-0.130693516158111,0.203965113819698,"RAB4B"
"ENSG00000174516",48.8632948253939,0.136729243422623,0.179412098427731,0.762096004789211,0.446002707167016,0.544264680930664,0.11146992562984,0.164161738409424,"PELI3"
"ENSG00000204264",1051.92660213186,-0.0874513752882385,0.114748740628354,-0.762111852464459,0.445993249457168,0.544264680930664,-0.079490279254103,0.10972403491709,"PSMB8"
"ENSG00000153982",10.5140365617056,-0.226471130350432,0.297318629966969,-0.761711872463532,0.446231987847107,0.544494008525951,-0.142392479377273,0.239256732024756,"GDPD1"
"ENSG00000155097",550.487835316311,-0.111590375580543,0.146517568298576,-0.761617715038391,0.446288198716018,0.544512132730525,-0.0968483847009689,0.136640949261144,"ATP6V1C1"
"ENSG00000104517",805.707541602487,0.0791483121763217,0.103963613756701,0.761307820268228,0.44647323069346,0.544587813880673,0.0671578434854791,0.100561406326617,"UBR5"
"ENSG00000138772",32.3405030266058,-0.25652265545999,0.336961424963037,-0.761281964213351,0.446488670800784,0.544587813880673,-0.147322286984231,0.257407649879798,"ANXA3"
"ENSG00000226321",13.2963341801073,0.265091756859196,0.348204223579073,0.761311147045857,0.446471244109146,0.544587813880673,0.144751680383612,0.270865801764683,"CROCC2"
"ENSG00000261221",64.5785888961613,0.176617541787707,0.232013950102327,0.761236734730012,0.44651568060473,0.544587813880673,0.129104972250736,0.203512752108586,"ZNF865"
"ENSG00000104915",317.994005952539,0.11607708665523,0.152539095439197,0.760966139998514,0.446677291763086,0.544734459369469,0.100176698812628,0.142751999986289,"STX10"
"ENSG00000115085",52.551319593286,0.222175050977629,0.292077963847623,0.760670363662003,0.446853980562275,0.54489946356237,0.140889538468156,0.242002857935247,"ZAP70"
"ENSG00000074590",224.6064954489,-0.0926174429373001,0.121801401171195,-0.760397187936483,0.447017203683279,0.545048018493615,-0.0832893536764036,0.115853235420057,"NUAK1"
"ENSG00000077713",212.110761748455,0.10337189924145,0.135995933495402,0.760110222302675,0.447188702825265,0.545206635929015,0.0916692856040291,0.128779651173346,"SLC25A43"
"ENSG00000107020",187.52379003599,0.0827374893941198,0.108882283754762,0.759880180144559,0.447326209833084,0.545241909255096,0.0764663814689272,0.104936365039975,"PLGRKT"
"ENSG00000177105",241.897294168215,0.10720656045089,0.141087812911797,0.759856987207759,0.447340074675302,0.545241909255096,0.0938818909656519,0.133107662439117,"RHOG"
"ENSG00000184304",47.4727339566094,0.171309744176481,0.225450874794823,0.759853978532508,0.447341873292841,0.545241909255096,0.127443093363498,0.198643415169605,"PRKD1"
"ENSG00000064651",115.20699384859,-0.179475661441353,0.236543271071956,-0.758743466377263,0.448006029875976,0.546000869142562,-0.129726703989805,0.202283815544548,"SLC12A2"
"ENSG00000166801",604.220276686332,-0.10360193869013,0.13658905069873,-0.758493731087136,0.448155464511177,0.54613243666736,-0.0865940874171979,0.128244676965054,"FAM111A"
"ENSG00000187764",102.720872288154,-0.129953890032034,0.171355895883222,-0.75838586914218,0.448220014845975,0.546160547474512,-0.106924922788652,0.15633070328775,"SEMA4D"
"ENSG00000135821",15516.6545817164,-0.138234420207442,0.182394065868214,-0.757888802738355,0.448517554099047,0.546472526121419,-0.101909233373157,0.1637727313473,"GLUL"
"ENSG00000166780",413.486837848974,0.0875387983281412,0.115543511443472,0.757626259012982,0.448674755540475,0.546613475658915,0.0824001123189147,0.110858480727263,"BMERB1"
"ENSG00000213996",318.176043383846,0.157126094729144,0.207423766920222,0.757512492720167,0.448742884287155,0.546645893275785,0.120820894170767,0.185872955130683,"TM6SF2"
"ENSG00000184515",17.8334160098297,-0.246464290385632,0.325558848083619,-0.757049890784502,0.449019973126927,0.546932830621623,-0.144897443071148,0.252315007559588,"BEX5"
"ENSG00000108468",306.254296459749,0.0550316423435504,0.0727359814704329,0.756594483652093,0.449292847235343,0.547214581563416,0.0539360504705516,0.071476535774266,"CBX1"
"ENSG00000138315",1417.25289422555,-0.187412791725146,0.247875413251929,-0.756076567927567,0.449603289972771,0.547542032724217,-0.128679494393148,0.208749235376034,"OIT3"
"ENSG00000198919",155.255290418306,-0.099531830550559,0.131703140654438,-0.755728603402938,0.449811930920167,0.547745457130496,-0.087883393968937,0.124347695469843,"DZIP3"
"ENSG00000148730",3774.68844503188,-0.0922156947919898,0.122198301493701,-0.754639742654223,0.450465170728307,0.548490191233597,-0.0828080189653215,0.116180183972459,"EIF4EBP2"
"ENSG00000183833",29.9545347929725,-0.229883427845051,0.304739902537239,-0.754359458446568,0.450633408441378,0.548644299569001,-0.142376248210497,0.24151142933233,"CFAP91"
"ENSG00000169499",269.819616391816,-0.107957425715967,0.143162196182472,-0.754091712719792,0.450794153283864,0.548789257710158,-0.0939858207475577,0.133939622118615,"PLEKHA2"
"ENSG00000183773",10.051712399217,0.229943141760486,0.305062541643296,0.75375737880449,0.450994920834627,0.548982907517447,0.140599519627734,0.247574118977317,"AIFM3"
"ENSG00000196990",27.7374920355573,0.264702485549129,0.351907298574349,0.752193792574052,0.451934526060412,0.550075803837606,0.143170314353986,0.273388339690665,"FAM163B"
"ENSG00000143226",93.7943537439312,-0.175815025669182,0.234000596358956,-0.751344348710472,0.452445445601366,0.550646768052097,-0.127023370103194,0.200462486580336,"FCGR2A"
"ENSG00000137804",91.1547476913321,0.156240655124925,0.208043378183411,0.75100037544662,0.452652429833982,0.550847757758962,0.120610149125688,0.186056765445562,"NUSAP1"
"ENSG00000188130",34.2621976191769,0.165846602537996,0.220865109846554,0.750895434110067,0.4527155884176,0.550873700287072,0.125048841613749,0.194995468714733,"MAPK12"
"ENSG00000164904",4586.19335506288,-0.0620605771741879,0.0826926836075676,-0.750496591315225,0.452955675988148,0.551114908978833,-0.0546235554481847,0.0806394531409632,"ALDH7A1"
"ENSG00000101347",755.033299159886,-0.133209389685051,0.177636775150228,-0.749897590588409,0.453316385736835,0.551451864973776,-0.106890714995192,0.160904493304266,"SAMHD1"
"ENSG00000184922",71.1321314747254,0.202166148510239,0.269588384208656,0.749906748036173,0.453310870031564,0.551451864973776,0.135006626505854,0.22811619031601,"FMNL1"
"ENSG00000132581",534.472170462241,0.0619572398523016,0.082630750676993,0.749808507664356,0.453370044055772,0.551466186256309,0.05972377238161,0.0807933451574987,"SDF2"
"ENSG00000186866",326.180160593425,-0.141702465328117,0.1890081536536,-0.749716150276874,0.453425678503344,0.551482908376446,-0.110894445066236,0.169360723712837,"POFUT2"
"ENSG00000082397",113.958195933432,-0.20418682264278,0.27244117097373,-0.749471241490401,0.45357322585212,0.551611406943379,-0.135952992496215,0.223753996188336,"EPB41L3"
"ENSG00000006704",108.517394173817,0.133161886189379,0.177740503318676,0.749192692172307,0.453741073141811,0.551764567191751,0.117717666067104,0.163082841595849,"GTF2IRD1"
"ENSG00000149218",189.401597287598,0.100022057676702,0.13354276654684,0.748988958841286,0.453863860252944,0.55186290950224,0.093992499608052,0.126530846237668,"ENDOD1"
"ENSG00000110002",160.014406884366,0.097965662035173,0.130833188907879,0.748782956778283,0.453988033747952,0.551948083978128,0.0883202411426227,0.124203276191966,"VWA5A"
"ENSG00000213337",33.7169033636404,-0.113455325831574,0.151529619279361,-0.748733655975256,0.454017754024239,0.551948083978128,-0.097758931681891,0.141207676677807,"ANKRD39"
"ENSG00000102796",367.668530446569,0.0708052472122944,0.0946038508464617,0.748439377242777,0.454195178520848,0.552061827954717,0.0667099958227931,0.0919140935469225,"DHRS12"
"ENSG00000112414",2542.63655522507,-0.151321763029143,0.202165002976012,-0.748506224131672,0.454154872226484,0.552061827954717,-0.115806228360347,0.178752416136468,"ADGRG6"
"ENSG00000034693",337.747648636067,-0.122696230530735,0.163969802977056,-0.748285527597441,0.454287952041691,0.552123620103472,-0.101991772259088,0.150526061218008,"PEX3"
"ENSG00000151490",36.3927563977721,0.20696221842032,0.276631019522813,0.748152606953946,0.454368113677619,0.55217007427354,0.135898735484814,0.232222541504852,"PTPRO"
"ENSG00000165171",16.7793758469834,0.2434746823581,0.325541527293731,0.747906678395647,0.454516449022355,0.55229936020566,0.140605512482131,0.259451077586405,"METTL27"
"ENSG00000126953",196.593614611786,0.0887568608644331,0.118717739510214,0.747629303174164,0.454683784616485,0.552400729746298,0.0863640606404878,0.113567458619936,"TIMM8A"
"ENSG00000176809",44.073822517293,-0.228444346973206,0.305553155398544,-0.747641917411188,0.45467617391579,0.552400729746298,-0.142324077006665,0.242050282259996,"LRRC37A3"
"ENSG00000123472",1405.645573058,-0.0669272817094339,0.0895488339933344,-0.747383061564103,0.454832366930611,0.552530258627831,-0.0629488886057756,0.0870672616382153,"ATPAF1"
"ENSG00000100353",1289.83443001428,0.0514701742928427,0.0689037741708351,0.746986285036161,0.455071839624351,0.552737096524182,0.0501791616494113,0.0678204960219679,"EIF3D"
"ENSG00000161921",535.425031266347,-0.128744180123792,0.172373153809794,-0.746892293134322,0.455128578415514,0.552737096524182,-0.102237282220675,0.156887525635554,"CXCL16"
"ENSG00000187713",434.803824929907,-0.0733700224493691,0.0982326062633212,-0.746900904295406,0.45512338006927,0.552737096524182,-0.0676044235577611,0.0949809062707941,"TMEM203"
"ENSG00000110218",249.483940157389,0.109818657590057,0.14717711719659,0.746166657438793,0.45556674694242,0.553217585049317,0.0957804486630017,0.138235325746017,"PANX1"
"ENSG00000136011",958.338464627242,0.171001169799855,0.229193998319979,0.746097939096638,0.455608254191838,0.553217585049317,0.125665930190485,0.201528833569307,"STAB2"
"ENSG00000166454",669.389944619469,0.0740648262193925,0.0992792787896464,0.746025022767557,0.455652299436238,0.553220045589958,0.0682769865795678,0.0962041660607887,"ATMIN"
"ENSG00000196388",20.8714752854794,-0.223701511538171,0.29998532929825,-0.745708172001184,0.455843721557695,0.553401423515778,-0.139619538981841,0.239583865377528,"INCA1"
"ENSG00000101104",264.561586104542,-0.27091069649236,0.363613275093488,-0.745051721290173,0.456240453410778,0.553635352557331,-0.142788146720035,0.267215046499398,"PABPC1L"
"ENSG00000104728",67.0360534818238,-0.133841558330438,0.179633611908758,-0.745080817048991,0.456222865017827,0.553635352557331,-0.108313722028249,0.162716143566238,"ARHGEF10"
"ENSG00000109610",28.8023830028893,0.328038082297174,0.440292400157197,0.745045978945026,0.456243924704802,0.553635352557331,0.138323528953765,0.308188438352634,"SOD3"
"ENSG00000137692",120.163297691379,-0.105242647557837,0.141235230463164,-0.745158606763382,0.456175842989892,0.553635352557331,-0.0922638569847948,0.132358039916495,"DCUN1D5"
"ENSG00000172716",112.879094055865,-0.126884344246193,0.170305081153973,-0.745041447891251,0.45624666377389,0.553635352557331,-0.105328916647837,0.155545733510284,"SLFN11"
"ENSG00000145734",326.558988592925,-0.136444712463022,0.183242941173507,-0.744611015241383,0.456506906940891,0.55388723973048,-0.109818510082317,0.165220565952194,"BDP1"
"ENSG00000175928",10.4683037482988,0.330960687430592,0.444505676355667,0.744558967489489,0.456538381099435,0.55388723973048,0.138025681636644,0.308734670864325,"LRRN1"
"ENSG00000164690",335.121492649727,0.118973499007023,0.159816548016332,0.744437922629046,0.456611583696846,0.553925007919716,0.101309358117451,0.148691022456418,"SHH"
"ENSG00000104299",89.9691185606056,0.0865361894108557,0.116304465631772,0.744048725393187,0.456846997735396,0.554159533092337,0.0778798353927107,0.111430558224778,"INTS9"
"ENSG00000076662",676.026712118437,-0.150361538280211,0.20220356302209,-0.743614682317864,0.457109618130025,0.554416678989216,-0.116758024900643,0.178971762169466,"ICAM3"
"ENSG00000107829",538.366202612529,0.084070250142137,0.113064639096942,0.743559178303792,0.457143207284439,0.554416678989216,0.0759521029718852,0.108714095881465,"FBXW4"
"ENSG00000120519",131.408333971083,-0.134160037067948,0.180560751094763,-0.743018824714224,0.457470283458772,0.554762250347075,-0.109128873550377,0.16334896767334,"SLC10A7"
"ENSG00000097046",24.3890376207273,-0.207092396385401,0.278766368494337,-0.742888740503173,0.457549043084645,0.554806658800188,-0.136003689809865,0.227763813768752,"CDC7"
"ENSG00000177200",632.610488128833,-0.126997465863194,0.170989634159844,-0.742720261887189,0.457651059957216,0.554879257334626,-0.105621221076157,0.156017809367647,"CHD9"
"ENSG00000204271",59.2963123883423,0.113540671987991,0.152922232078114,0.742473284917743,0.457800632087523,0.555009495586034,0.0977784923511827,0.142748619714595,"SPIN3"
"ENSG00000121417",162.875886027567,-0.135121353995045,0.182016756037311,-0.74235667603782,0.45787126131697,0.555010974693283,-0.108526144020028,0.164316640627016,"ZNF211"
"ENSG00000182173",153.513411027271,0.137297690085807,0.184954543160721,0.742332076517303,0.457886161865292,0.555010974693283,0.111395550146983,0.168679642837881,"TSEN54"
"ENSG00000254901",95.3274849333635,-0.122620846933114,0.165202976404036,-0.742243569711604,0.45793977491433,0.555024862056713,-0.102805176149126,0.15164002306797,"BORCS8"
"ENSG00000165660",279.317454969408,-0.0789834622772048,0.106474723411957,-0.741804812881394,0.458205604124518,0.555295930035291,-0.0717041132731051,0.102388925253261,"ABRAXAS2"
"ENSG00000106615",538.328321562348,-0.0698732909658339,0.0942137805587403,-0.741646185424747,0.458301732899811,0.555355501372557,-0.0631808513711179,0.0912948760288339,"RHEB"
"ENSG00000136738",152.811705375696,-0.102482901350108,0.138194504239029,-0.741584492917664,0.458339121822437,0.555355501372557,-0.0903127167304144,0.129800594731924,"STAM"
"ENSG00000163607",82.5993657768871,-0.125930538290559,0.169900632655243,-0.741201114572033,0.45857150772178,0.555585945584334,-0.104223215470065,0.15526173220831,"GTPBP8"
"ENSG00000203747",988.912382360879,0.215101432332681,0.290281407227588,0.741010023297964,0.458687362918029,0.555675176681889,0.136782424646099,0.240949634819399,"FCGR3A"
"ENSG00000181788",936.806260292101,-0.0635091319605138,0.0857449190845816,-0.740675163479556,0.458890421955734,0.555870024424436,-0.0475450240332254,0.0831849004611599,"SIAH2"
"ENSG00000104964",2091.18015686478,0.0933454008851514,0.126069196378413,0.740429887448184,0.459039189333028,0.555953936473724,0.0872889305704583,0.120043515766733,"TLE5"
"ENSG00000162654",514.994305519725,0.14583365805078,0.196960266444212,0.740421713899778,0.459044147304106,0.555953936473724,0.116020879018639,0.177945539288622,"GBP4"
"ENSG00000173269",296.282316359366,0.099119463316839,0.134024413764396,0.73956274482262,0.45956535432009,0.556533982245981,0.0901253358186116,0.12709249064209,"MMRN2"
"ENSG00000112208",190.907698825733,-0.0974374428974137,0.131771193175505,-0.739444187680971,0.459637318681147,0.556569938173087,-0.086747758494113,0.124422066233677,"BAG2"
"ENSG00000154930",122.173697496453,0.141195324275556,0.19127888262266,0.738164727541279,0.460414354233436,0.557459572175595,0.112896379533143,0.173478918334861,"ACSS1"
"ENSG00000157450",268.38123344898,0.0967949983419493,0.131280924028366,0.737311982364128,0.460932647098468,0.558035791420545,0.0865591528630488,0.124612268314672,"RNF111"
"ENSG00000104824",913.878358872581,-0.0487059514532455,0.066121103795224,-0.736617337848549,0.461355088359244,0.558495871031427,-0.048758168104241,0.0651100955087898,"HNRNPL"
"ENSG00000057608",4572.0633051762,-0.0580530147364656,0.0788517256873264,-0.736230110760863,0.461590670584526,0.558729683636652,-0.0561372260275734,0.0771239128871577,"GDI2"
"ENSG00000163877",180.248594425499,-0.0618018511694247,0.0839656254469931,-0.736037525361372,0.461707861204158,0.558820160012313,-0.0612167304621631,0.0818942889895603,"SNIP1"
"ENSG00000163636",794.517758555198,0.0549974695075388,0.0747387584820279,0.735862765512271,0.461814219131512,0.558846140540946,0.0505281989349194,0.0733969422892266,"PSMD6"
"ENSG00000184988",52.6813005174214,0.170600677021004,0.231824923982611,0.735903086217772,0.461789678947733,0.558846140540946,0.12478472133701,0.202740695107682,"TMEM106A"
"ENSG00000108591",250.295072781653,-0.0875115460990436,0.118964754634723,-0.735609016029532,0.46196867408452,0.558981671077731,-0.0793096668185252,0.113396650306468,"DRG2"
"ENSG00000183763",16.2611553741165,0.158557050100122,0.215736338663123,0.734957546246819,0.462365349717708,0.559410236572629,0.120429699452894,0.1902343241218,"TRAIP"
"ENSG00000267385",25.7228914799793,0.259227574821352,0.352897635976213,0.734568748538813,0.462602176590725,0.559645342000688,0.140671554276232,0.27278171720752,NA
"ENSG00000169169",12.3563220636959,0.221017169066729,0.301061464534121,0.73412639976605,0.462871705084576,0.559919962251335,0.136807144364473,0.244624594951363,"CPT1C"
"ENSG00000166949",513.450693369896,-0.084956865297731,0.115801902975366,-0.733639630393669,0.463168400758277,0.560227392226318,-0.0770341532240001,0.110630826394736,"SMAD3"
"ENSG00000041988",162.070358144246,0.104594522262051,0.142585854037454,0.733554692140613,0.46322018318336,0.56023855702665,0.0921224373878674,0.134206057255889,"THAP3"
"ENSG00000198954",210.165869061943,-0.0732152489299931,0.0999336314807041,-0.732638730777337,0.463778802046177,0.560862653415998,-0.0626609490729225,0.0964154797592703,"KIFBP"
"ENSG00000106524",221.891511341299,-0.0672897630739808,0.0918830335324564,-0.732341548673527,0.463960125566036,0.56103040165342,-0.0630978859664844,0.0892253623412218,"ANKMY2"
"ENSG00000197302",125.802683986698,0.0721384360855021,0.0985350005112647,0.732109765171769,0.464101573995405,0.561149905705161,0.0675899804525934,0.0955137967149018,"KRABD5"
"ENSG00000156113",439.356244432216,0.171521965415387,0.234387775217144,0.731787164481954,0.464298484566483,0.561336441487815,0.125482767546134,0.204946773021654,"KCNMA1"
"ENSG00000162390",16.6515578453483,0.249885442533671,0.341601096592601,0.731512413239376,0.464466225219566,0.561436129383107,0.138146731936851,0.267132273242595,"ACOT11"
"ENSG00000176435",138.109565307682,0.139757429373597,0.191035479402085,0.731578394814503,0.46442593918603,0.561436129383107,0.111818259077757,0.173193049995617,"CLEC14A"
"ENSG00000077232",803.914239762023,-0.0938467346966152,0.128392638724544,-0.73093547752341,0.464818564741352,0.561810449222863,-0.0750409403513705,0.121097765487724,"DNAJC10"
"ENSG00000105609",310.789782682784,-0.176220196462046,0.241215530022664,-0.730550791839515,0.465053578127633,0.562042905234847,-0.125335319789529,0.204757420573862,"LILRB5"
"ENSG00000187792",13.840852871176,0.205562280540603,0.281490656865879,0.730263245072985,0.465229290243875,0.562203656296545,0.133453056363498,0.233553312958892,"ZNF70"
"ENSG00000086730",121.60160540232,0.0885484570729135,0.121335396952844,0.729782563841015,0.465523104049749,0.562457667200223,0.0811642383335374,0.115883695866987,"LAT2"
"ENSG00000090924",51.9459964942896,0.194809897118628,0.2669460970444,0.729772412017045,0.46552931040897,0.562457667200223,0.132037023971655,0.225871326203324,"PLEKHG2"
"ENSG00000188677",145.329599587485,0.143979489638091,0.197310641289084,0.729709703934028,0.465567648271915,0.562457667200223,0.113703520187563,0.177928032560975,"PARVB"
"ENSG00000162664",502.889395132066,-0.101177153879919,0.13888540475443,-0.728493782761519,0.466311373149022,0.563304481042299,-0.0884493021141335,0.130293412213019,"ZNF326"
"ENSG00000165983",279.697568921319,-0.131244651268408,0.180422593617718,-0.727429135324877,0.466963111813457,0.564040030287704,-0.106323349430856,0.163134996848248,"PTER"
"ENSG00000241852",52.8888849744624,-0.221047150011347,0.304020527089082,-0.727079688098089,0.46717714085399,0.564246788045466,-0.136301722639613,0.240472278487966,"C8orf58"
"ENSG00000184787",1097.25640308903,0.0570509564364595,0.0785389667998549,0.726403195267969,0.467591632958385,0.564695600764089,0.0532300181906797,0.076930876714504,"UBE2G2"
"ENSG00000122359",924.007775860124,0.0911443500238356,0.125516575342358,0.726153894616952,0.467744432669423,0.564814232142604,0.0949711864010846,0.119382677414977,"ANXA11"
"ENSG00000138182",52.3338665109724,-0.148451045589747,0.204449033792075,-0.726102945249044,0.467775663624712,0.564814232142604,-0.114876694009227,0.180833903235779,"KIF20B"
"ENSG00000198429",99.4489699285595,-0.112885817354772,0.15566964589968,-0.725162678326642,0.468352236035578,0.565458554758773,-0.0956561081739662,0.14407799512222,"ZNF69"
"ENSG00000143127",28.9527873842776,-0.222752945609203,0.307306637988352,-0.724855626508288,0.468540605643566,0.56558225120594,-0.136003131494627,0.242246440009185,"ITGA10"
"ENSG00000244005",522.602761988324,0.0540002016671406,0.074491949899343,0.724913252238775,0.468505250315654,0.56558225120594,0.0623944333241116,0.0729442486774519,"NFS1"
"ENSG00000115484",1323.03115474511,0.061633772333624,0.0851452598013765,0.723866160927817,0.469147906464975,0.566211507610034,0.058949272929671,0.0831391387444189,"CCT4"
"ENSG00000163050",1601.57827326541,-0.0829314454227382,0.114565333521994,-0.723879055498209,0.469139989410762,0.566211507610034,-0.0745092298549034,0.109595392632383,"COQ8A"
"ENSG00000110455",308.030579106153,0.215845564584766,0.29833423021066,0.723502510698665,0.46937121215332,0.566402724526344,0.134517167172934,0.245083025781441,"ACCS"
"ENSG00000188859",26.2654315076009,0.150696285338074,0.20829708776874,0.723468037658707,0.469392383966804,0.566402724526344,0.116252687704668,0.185173155296723,"FAM78B"
"ENSG00000181036",29.2422646013155,-0.183731153181464,0.254170938899195,-0.722864517781604,0.469763124662154,0.566798139598783,-0.127574547926737,0.213319195541389,"FCRL6"
"ENSG00000116906",863.842226209354,-0.0584239614030287,0.0808562880323451,-0.722565465528881,0.469946891631201,0.566915958880007,-0.0546318555805987,0.0789857799633324,"GNPAT"
"ENSG00000185737",10.706618215171,0.194315461373967,0.268908939469742,0.722606923210269,0.469921413603434,0.566915958880007,0.130449017913047,0.224736939207877,"NRG3"
"ENSG00000026652",31.702591216064,-0.148727986076465,0.205953389188288,-0.722143911603677,0.470206003061361,0.567020721405557,-0.115132781271383,0.1816085021809,"AGPAT4"
"ENSG00000137872",143.104148344263,0.121816003091273,0.168661255868694,0.722252437074869,0.47013928948682,0.567020721405557,0.101903425988927,0.155648646234077,"SEMA6D"
"ENSG00000149150",2113.77243196138,0.0790337655767856,0.1094328860836,0.722212201516907,0.470164022774529,0.567020721405557,0.0721298270302742,0.105383810862185,"SLC43A1"
"ENSG00000159063",624.974091197553,0.0678034439750264,0.0938762093813097,0.722264399275219,0.470131936315124,0.567020721405557,0.0671148495019726,0.0912788883439729,"ALG8"
"ENSG00000146263",37.304463098153,0.174621104007303,0.242089484342847,0.721308091845924,0.470719979493067,0.56758853832821,0.124727468616961,0.20926363734597,"MMS22L"
"ENSG00000248592",10.9705406645026,0.272820262871795,0.378359627024524,0.721060714160477,0.470872160619728,0.567720042739866,0.13701062287764,0.282408599684606,"STIMATE-MUSTN1"
"ENSG00000131981",240.440286705768,0.175889145909163,0.244268191296728,0.72006569899844,0.471484545476287,0.568406329616408,0.124958544792011,0.211407456058846,"LGALS3"
"ENSG00000157191",569.996785204527,0.0586371427442345,0.0815137279414992,0.719352975566487,0.471923462912841,0.568883383328188,0.0565380424347537,0.0797371596823817,"NECAP2"
"ENSG00000221926",37.5326049190434,-0.107326302277544,0.149465208252247,-0.718068796963191,0.472714868444654,0.569785219989226,-0.0927287716461981,0.139394038944617,"TRIM16"
"ENSG00000069431",1838.22045675661,-0.155445282955108,0.216588679235099,-0.717698097167757,0.472943456816012,0.570008563936251,-0.115146294420131,0.1884654969333,"ABCC9"
"ENSG00000028203",601.943905818545,0.0792112832601082,0.110416610386848,0.717385572538307,0.473136219301001,0.57018869229446,0.0733389445359977,0.106226539348427,"VEZT"
"ENSG00000130584",48.221546546229,-0.133316523321338,0.185894439187214,-0.717162513866676,0.473273826392078,0.570302324572405,-0.107261155331066,0.167301383691521,"ZBTB46"
"ENSG00000205765",333.858234920855,-0.14414008843749,0.201007909080042,-0.717086651451577,0.473320631679972,0.570306528479775,-0.111862714356371,0.177972276334413,"RIMOC1"
"ENSG00000197119",210.836365511037,0.194196264553339,0.270889724564863,0.716883096489841,0.473446232783798,0.57040566442455,0.129437026145118,0.22850143380276,"SLC25A29"
"ENSG00000162378",1000.41913992508,-0.156660675598104,0.218629883220063,-0.716556553435176,0.473647760475298,0.570596249832352,-0.114423289010462,0.189763195009663,"ZYG11B"
"ENSG00000096093",134.112828244512,-0.130640524298274,0.182413579377544,-0.716177626381015,0.473881676330613,0.570825814324689,-0.105808093705819,0.164549984570855,"EFHC1"
"ENSG00000197629",759.16430340752,0.206489496331591,0.288422478366579,0.71592719645501,0.474036304335363,0.570959837423784,0.131112417666962,0.239113940487346,"MPEG1"
"ENSG00000139832",279.18321179466,-0.0959424741460204,0.134027682632262,-0.715840729778653,0.474089699640224,0.57097191597724,-0.0713278488359695,0.125737540905632,"RAB20"
"ENSG00000181722",25.5058868118998,0.19037522918671,0.266028237581305,0.715620382699135,0.474225784337934,0.571083570528971,0.128330345390386,0.224382430747824,"ZBTB20"
"ENSG00000079263",22.1602846959969,-0.169709188405355,0.237235979478929,-0.715360245010512,0.474386471039128,0.571224828763596,-0.122449056682054,0.202908092494327,"SP140"
"ENSG00000134962",953.559669480317,0.137638078507217,0.192799465285364,0.713892428609684,0.475293699528942,0.572264915226159,0.109869234777743,0.174606350853366,"KLB"
"ENSG00000086300",737.805501739506,-0.146947532453706,0.206109334395207,-0.712959133485629,0.475871045635739,0.572809131907505,-0.112672066634085,0.181484546758586,"SNX10"
"ENSG00000166046",42.2557998826743,0.175834286133517,0.246628929022656,0.712950775200276,0.475876217894903,0.572809131907505,0.126138996800103,0.212320916670147,"TCP11L2"
"ENSG00000186204",1632.25778864136,0.150664260363243,0.211304864891018,0.713018417446038,0.475834360526219,0.572809131907505,0.115789944169304,0.188377369502469,"CYP4F12"
"ENSG00000137710",1621.20791918845,0.126064640762582,0.176949638160864,0.712432317312665,0.476197109320055,0.573142987595561,0.104453423837982,0.162325700671727,"RDX"
"ENSG00000151014",61.0430419932447,-0.243313952618749,0.341776782069506,-0.71190895749398,0.476521154953774,0.573480578256068,-0.136289629421404,0.257924277533575,"NOCT"
"ENSG00000054116",649.259655041439,-0.0484434861325746,0.0680544917116175,-0.71183378075697,0.476567711613472,0.573484187103827,-0.0463016496951744,0.0669340229899636,"TRAPPC3"
"ENSG00000067715",29.5778490993971,-0.165396184824755,0.232504682025629,-0.71136711477717,0.47685677176387,0.5737795884704,-0.120665419477612,0.199732764812691,"SYT1"
"ENSG00000230124",253.204726209287,-0.0677387174824177,0.0952822685945784,-0.710926791328224,0.477129602944255,0.57405541006708,-0.0620331170442925,0.0923695719868799,"ACBD6"
"ENSG00000204315",66.3905402937602,0.0880580688601594,0.123992240600455,0.710190157333411,0.477586223666727,0.574552286256956,0.0800947774720665,0.11806291185545,"FKBPL"
"ENSG00000183963",155.820496310869,-0.174716999679254,0.246204539214777,-0.709641667194607,0.477926373987889,0.574908966644545,-0.123145019399387,0.207727062457836,"SMTN"
"ENSG00000151967",9.76418079530822,-0.223160063146865,0.314630082279633,-0.709277579340071,0.478152238962493,0.575128117867731,-0.134390459884748,0.246422853856437,"SCHIP1"
"ENSG00000149262",205.599115592204,-0.0670644111405849,0.0945854777514928,-0.709034967469162,0.478302777672944,0.575256633857859,-0.0628282848142077,0.0916618232993172,"INTS4"
"ENSG00000136059",24.7273152990141,0.169700742412752,0.239467950972496,0.708657428785713,0.478537088888859,0.575328217725387,0.121892064928169,0.207025594764059,"VILL"
"ENSG00000163689",26.3664538363384,-0.150096785562763,0.211796357206043,-0.708684453041577,0.478520314785604,0.575328217725387,-0.1145338589423,0.186075226810513,"CFAP20DC"
"ENSG00000172663",318.883283912843,0.111637768761489,0.157529197139261,0.70867985610818,0.478523168104603,0.575328217725387,0.0962671128400478,0.146679715249575,"TMEM134"
"ENSG00000228672",12.3801637505309,0.196220253277432,0.276815275023533,0.708849080892483,0.478418136318763,0.575328217725387,0.128730293612592,0.229973275438696,"PROB1"
"ENSG00000160094",179.14337987023,0.0994741340894906,0.140417390294926,0.708417482197611,0.478686039135086,0.575454747192525,0.0876889221501385,0.132410090785344,"ZNF362"
"ENSG00000110321",6490.17718981029,0.0803857200391475,0.113485848894836,0.708332543854331,0.478738771884195,0.575465595784471,0.0797964274237544,0.108806637956173,"EIF4G2"
"ENSG00000159208",122.811720415773,0.197224161310851,0.278635969452645,0.707820177338485,0.479056934555155,0.57579547200595,0.128711957997849,0.232910715239933,"CIART"
"ENSG00000141452",377.12994304516,0.052619403704721,0.0743700644263528,0.707534733371503,0.479234235883003,0.575955997228263,0.050831712174459,0.0729715633324086,"RMC1"
"ENSG00000120137",1941.19519010583,-0.179161022601732,0.253406472620251,-0.707010443534405,0.479559987780201,0.576294888564634,-0.123805109735573,0.211931089113368,"PANK3"
"ENSG00000184271",57.5446590988563,-0.182503104741698,0.258199273213487,-0.706830435540377,0.47967185824682,0.576376716772623,-0.125060778626077,0.215069807836023,"POU6F1"
"ENSG00000136881",22417.0256132978,-0.134637282968766,0.190545523062849,-0.706588540127273,0.479822212613361,0.576504768321547,-0.105199259644205,0.170291644148878,"BAAT"
"ENSG00000136933",616.915894363778,0.132109509690718,0.187215642605106,0.705654227672503,0.480403192327616,0.577097484505966,0.106986714713459,0.170240601632185,"RABEPK"
"ENSG00000163491",66.7765264244994,0.283800013016898,0.402168114914909,0.705675070926356,0.480390227272263,0.577097484505966,0.133089180739997,0.293233710047766,"NEK10"
"ENSG00000196357",38.8136086574895,-0.0975337534071539,0.138308711768331,-0.705188792232586,0.480692755152978,0.577392647964976,-0.0864397105612178,0.129939220477892,"ZNF565"
"ENSG00000117868",935.294377236038,-0.0647091854322304,0.0917893692208187,-0.704974726175084,0.480825964662733,0.577499968139896,-0.0576916517177023,0.0891262315310388,"ESYT2"
"ENSG00000197177",10.1477333946058,0.298683521755693,0.424048456991748,0.704361770054749,0.48120750757258,0.577905504396661,0.132053881399483,0.299156030051218,"ADGRA1"
"ENSG00000100852",745.9628395416,-0.170763340951274,0.242753464830179,-0.703443475341262,0.481779420958252,0.578539570990181,-0.121007632868059,0.205453143769532,"ARHGAP5"
"ENSG00000184500",7523.24285692702,0.0918395469485962,0.130623151185741,0.703087822602014,0.482001020560823,0.578752889804267,0.0847317084118979,0.123976407829383,"PROS1"
"ENSG00000107223",3209.5878185413,0.0854726696582303,0.121789933370045,0.701804059605902,0.482801366731345,0.579608169452439,0.077605834721205,0.116347938272535,"EDF1"
"ENSG00000160570",244.055207987754,-0.0831919593428872,0.118536034670747,-0.70182843195292,0.48278616537288,0.579608169452439,-0.0756257177553907,0.11297814819596,"DEDD2"
"ENSG00000133392",106.805727443836,-0.441841297880729,0.629963522683219,-0.701376003484747,0.483068393435371,0.57983774756651,-0.12589753937362,0.330258811252766,"MYH11"
"ENSG00000140905",92.4968717594259,-0.114091951955483,0.162673309732749,-0.701356308191679,0.483080681532512,0.57983774756651,-0.0961172257095591,0.149579294830829,"GCSH"
"ENSG00000119711",9423.66522081545,-0.123609881724331,0.176407824631156,-0.700705209549416,0.483487004256645,0.580272552237283,-0.0984566123066034,0.159899794624442,"ALDH6A1"
"ENSG00000037637",274.553976800977,0.059922404003889,0.0856262141850127,0.699813772852489,0.48404361234482,0.580857198295879,0.060919238689211,0.0834668132836407,"FBXO42"
"ENSG00000189292",13.384802447799,-0.283354222317903,0.40491684279531,-0.699783739203811,0.4840623712367,0.580857198295879,-0.136046742240252,0.282954866158626,"ALKAL2"
"ENSG00000074621",122.910248960921,0.0685959717472961,0.0980516318439847,0.699590312341184,0.484183194295288,0.580949233217148,0.0643191810520593,0.0949962050501194,"SLC24A1"
"ENSG00000139637",286.82654015464,0.0919929498968139,0.131525483936468,0.699430613319394,0.484282961760762,0.581015990025714,0.0829455800032569,0.124820207197241,"MYG1"
"ENSG00000213923",291.653997212296,0.114369635850246,0.163690034179465,0.698696389328471,0.484741790899148,0.581513477811224,0.0965522434080635,0.151626028003763,"CSNK1E"
"ENSG00000154783",133.331880230282,-0.11080360952768,0.159005419468086,-0.696854295270852,0.485893983066091,0.58284258209258,-0.0932068296147055,0.146566586340337,"FGD5"
"ENSG00000134755",214.789100477006,-0.12238969959212,0.175703672718057,-0.696568817821546,0.486072675876463,0.582950706011069,-0.10015204154633,0.159455961646141,"DSC2"
"ENSG00000162733",212.216678536051,0.112578718641352,0.16161341170643,0.696592674164016,0.486057741788344,0.582950706011069,0.0955766563912501,0.149891688753231,"DDR2"
"ENSG00000105136",129.143915298169,-0.107088723043214,0.153828694904519,-0.696155701702359,0.486331326228883,0.583207782232396,-0.087117560868312,0.142275807068056,"ZNF419"
"ENSG00000005100",283.213706366772,0.0590336367593653,0.0848109004908912,0.696061902628962,0.486390063818632,0.58322509838216,0.0564850139616623,0.0827845413913657,"DHX33"
"ENSG00000116690",6737.90270778914,-0.106670694465163,0.153297698359922,-0.695840156808582,0.486528937742789,0.583338493244838,-0.0843879423242158,0.141642527635135,"PRG4"
"ENSG00000111679",402.45804381668,0.0847145137106503,0.121850843982728,0.69523124290102,0.486910395675041,0.583742694359643,0.0770821761782856,0.116357573191699,"PTPN6"
"ENSG00000147251",89.0995153438786,0.166025839949217,0.239046557132153,0.694533491471421,0.487347705010454,0.584160586686784,0.119251126188868,0.207307720072873,"DOCK11"
"ENSG00000186272",49.5803544193364,-0.0848929701486297,0.12222696292068,-0.69455190671572,0.48733616070036,0.584160586686784,-0.0766295257596409,0.116228961787299,"ZNF17"
"ENSG00000134463",2045.32228146782,0.116732131457561,0.168214955819998,0.693946212383592,0.48771594111044,0.584548755635872,0.0971466274750521,0.1552191134637,"ECHDC3"
"ENSG00000105649",16.643228616323,0.153435759806425,0.2212743049645,0.693418785480046,0.488046776593224,0.584838796816818,0.114849762187763,0.193908715498799,"RAB3A"
"ENSG00000116668",91.0813522289094,0.0901843635906188,0.130052104890499,0.693447935091493,0.488028488955121,0.584838796816818,0.080723260509205,0.123468077466142,"SWT1"
"ENSG00000153179",182.785544201284,-0.155791280439586,0.224782704379452,-0.693075033818426,0.488262464500408,0.58501059270675,-0.11521453111292,0.194039425111253,"RASSF3"
"ENSG00000164749",279.254800830057,-0.112480508095798,0.162298136444585,-0.693048673015439,0.488279006779164,0.58501059270675,-0.0945546657702058,0.149147031566481,"HNF4G"
"ENSG00000041515",74.8220903404477,-0.110991941336971,0.160300191701486,-0.69240055273086,0.488685818813671,0.585444721610628,-0.0936668883027899,0.147927948538192,"MYO16"
"ENSG00000067167",2937.71668175377,-0.188933959403678,0.272971685923966,-0.692137570107927,0.48885093978695,0.585589252409698,-0.114671615023694,0.221719705994381,"TRAM1"
"ENSG00000126773",466.571362323432,-0.0809043906796252,0.116914973323732,-0.691993406658059,0.4889414695845,0.58564441307765,-0.0741022266658996,0.111561496529917,"PCNX4"
"ENSG00000152465",362.633811282088,0.0652749738300512,0.0943511104520129,0.691830477853784,0.48904379426507,0.585713690102239,0.0617979934231861,0.091591871183593,"NMT2"
"ENSG00000100417",598.722560704549,-0.109142770301424,0.15787930238459,-0.691305121399352,0.489373814055493,0.586055633605114,-0.0931889536809446,0.145693850843177,"PMM1"
"ENSG00000143437",1307.68381045782,0.0512290914863518,0.0741329264188928,0.691043696250146,0.489538081460841,0.586199034153109,0.0519392065601946,0.0727247862727512,"ARNT"
"ENSG00000183878",11.7395433552292,-0.622371224235877,0.900982069282511,-0.690769822679708,0.489710202707124,0.586351812371953,-0.105909375895322,0.35171569718118,"UTY"
"ENSG00000103187",526.288591991856,-0.129845845512218,0.188074982442848,-0.69039403234652,0.489946428549898,0.586581311111026,-0.102849429887848,0.168533844053324,"COTL1"
"ENSG00000160181",7.52746115577286,-0.629820038134302,0.912751291356432,-0.690023716316339,0.49017927314936,0.58680672033865,0.0270212953983549,0.347636844032047,"TFF2"
"ENSG00000103489",17.8316119449478,0.16841667088528,0.244291666783151,0.689408169762816,0.490566443653856,0.587216819451465,0.119319693823541,0.210061523555474,"XYLT1"
"ENSG00000011465",5189.01603878179,0.120361674627199,0.174702895776699,0.688950655866874,0.490854320211555,0.587446251905069,0.101180559005661,0.160426702704039,"DCN"
"ENSG00000138190",259.569902881923,-0.112191626232244,0.162854878544113,-0.688905528868477,0.490882719906125,0.587446251905069,-0.0942640127340526,0.14960356202586,"EXOC6"
"ENSG00000170049",11.8634212137959,-0.26726141908577,0.387998959579766,-0.688819937494771,0.490936587400233,0.587446251905069,-0.133859171600612,0.276782783250848,"KCNAB3"
"ENSG00000177981",580.239185915056,-0.0507336534086905,0.0736493270684257,-0.688854269660267,0.490914979844543,0.587446251905069,-0.0484888101526503,0.0722437282056383,"ASB8"
"ENSG00000057757",645.72875336987,-0.0546024257336449,0.0792944179934878,-0.688603650992548,0.491072722885704,0.587448979603233,-0.0530262000377095,0.0775375709997537,"PITHD1"
"ENSG00000111678",569.980339876934,0.129826462824938,0.188506748212446,0.688709895301069,0.491005847845191,0.587448979603233,0.105390549827766,0.171139794560977,"C12orf57"
"ENSG00000179104",23.9479193532898,-0.208957767686805,0.303450984074359,-0.688604679679012,0.491072075359807,0.587448979603233,-0.128638096993839,0.240121778915066,"TMTC2"
"ENSG00000244242",127.614573278458,-0.23807103227049,0.34645266710714,-0.687167555263376,0.491977147278914,0.588477434457543,-0.131662690581451,0.259033910122381,"IFITM10"
"ENSG00000051382",287.892856984264,-0.0840915833389157,0.122537593169645,-0.686251305935939,0.492554649464525,0.589114690665873,-0.0756214706396947,0.116475869902081,"PIK3CB"
"ENSG00000109911",167.993700734779,-0.0842393236829639,0.122772446470233,-0.686141932533601,0.492623610627061,0.589119264236612,-0.0756762164044415,0.116728044534675,"ELP4"
"ENSG00000185324",954.550663802413,0.14455808129398,0.210694336238161,0.68610330906369,0.492647964396559,0.589119264236612,0.110269251151199,0.187617018393339,"CDK10"
"ENSG00000164088",146.220865604215,0.101855794015449,0.148480112401361,0.68598947271888,0.492719746893201,0.589151592734165,0.0885643612385831,0.139096524163062,"PPM1M"
"ENSG00000132677",235.178321624604,-0.271189970909387,0.395702903725971,-0.685337328475074,0.493131081601624,0.589589885612694,-0.131478039738329,0.277605500300278,"RHBG"
"ENSG00000111450",246.870995191629,0.0931147139492604,0.135929848397561,0.68502036195114,0.493331072085689,0.589775437671859,0.0826588657260811,0.128458187032424,"STX2"
"ENSG00000111877",127.208682267138,0.0759269131389003,0.110853010570414,0.684933253036652,0.493386041188491,0.589787599263453,0.0699461889592242,0.106510634230065,"MCM9"
"ENSG00000136159",194.624388373099,-0.0867486043067181,0.126700582730153,-0.68467407518934,0.493549611855631,0.589929567833975,-0.067097943376145,0.119607534846831,"NUDT15"
"ENSG00000102981",43.2943764465152,0.127956916429862,0.187038396755484,0.684121114431601,0.493898689942993,0.590257168659177,0.103023503492893,0.169770928944185,"PARD6A"
"ENSG00000183864",676.952979766874,0.079109270595746,0.115640278735545,0.684097889254136,0.493913354634525,0.590257168659177,0.0727244219518721,0.110889876908031,"TOB2"
"ENSG00000130005",3454.73120672291,-0.12343441860995,0.180499138749555,-0.683850457487319,0.494069600865326,0.590390303593472,-0.098631110633702,0.162901976381545,"GAMT"
"ENSG00000156711",71.8363438220282,0.179842113682951,0.263086271060642,0.683586083598777,0.494236574789033,0.590536232296253,0.122348407953347,0.222814403254553,"MAPK13"
"ENSG00000170153",30.5342064591478,-0.138738806468108,0.203084449755722,-0.683158196676249,0.494506884630841,0.590805593743163,-0.107589836948624,0.179683032501658,"RNF150"
"ENSG00000117475",222.042459530427,-0.1049704215199,0.153751899359598,-0.682726014814254,0.494779987943926,0.591078243468807,-0.0865840112749583,0.14233127729298,"BLZF1"
"ENSG00000167004",7656.88893353753,0.0566991923749454,0.0830633340241819,0.682601933103706,0.494858412249623,0.591118295742927,0.0554542064643203,0.0811512404983139,"PDIA3"
"ENSG00000100445",448.544654137108,-0.116922493730778,0.171385063986656,-0.682221023296877,0.495099203060273,0.591352273200722,-0.0956398506834521,0.156059161724554,"SDR39U1"
"ENSG00000144115",1017.18824200014,0.165186906185021,0.242228556322078,0.681946458721328,0.49527280691593,0.591505966605147,0.119744834973566,0.209531673756675,"THNSL2"
"ENSG00000154133",199.97792920311,-0.131557906303324,0.193061641359775,-0.68142954435036,0.495599733819594,0.591842729747735,-0.103761231834645,0.17215270128805,"ROBO4"
"ENSG00000171729",44.3225022618855,-0.125674853174119,0.184508054816796,-0.681134779177556,0.495786212136372,0.592011724014826,-0.101156567372766,0.16622672295904,"TMEM51"
"ENSG00000156831",139.074042409618,-0.063010518524017,0.0925229292514184,-0.68102597954713,0.495855051886605,0.592040229721505,-0.0597255356259108,0.0898600374446313,"NSMCE2"
"ENSG00000103168",306.742586273664,0.181088351455966,0.265951945140097,0.680906286887933,0.495930789771313,0.592050925787763,0.121138918790434,0.224587156092626,"TAF1C"
"ENSG00000205835",65.5853030040197,-0.166919240803722,0.245155927108863,-0.680869692902025,0.49595394656792,0.592050925787763,-0.117883511711069,0.207065989702061,"GMNC"
"ENSG00000137824",895.395542651306,0.0486885327737251,0.0715823379122809,0.680175224695643,0.496393517725642,0.592521945093001,0.0481602790959024,0.070332201699294,"RMDN3"
"ENSG00000153767",100.338142850356,-0.097665237073731,0.143689589207732,-0.679695986412323,0.496696977894348,0.592830424345661,-0.0818833341112538,0.134089645468302,"GTF2E1"
"ENSG00000162607",234.222912036906,-0.119376839573765,0.175751542163543,-0.679236370299846,0.496988105914382,0.593124130027987,-0.0974115006156786,0.159410438492336,"USP1"
"ENSG00000214654",14.1744004105799,0.147152643908039,0.21667541800722,0.679138617852514,0.497050035563942,0.59314427338302,0.111035101888857,0.190980241891279,"B3GALT9"
"ENSG00000113368",124.837814432457,0.08462066388617,0.124619767544582,0.679030827560302,0.497118329311428,0.593158996907419,0.0782381701988161,0.118691776506894,"LMNB1"
"ENSG00000116171",17750.0868426696,-0.080088762607605,0.117955056867456,-0.678976931846161,0.49715247841967,0.593158996907419,-0.0603865110841803,0.11194420796271,"SCP2"
"ENSG00000163346",928.192478112878,0.0679036968920206,0.10009797526178,0.678372331852228,0.497535647396056,0.593562371657889,0.0637786698995392,0.0969161902872234,"PBXIP1"
"ENSG00000140262",583.957367353825,-0.097012792564903,0.143055388517051,-0.678148468020414,0.497677562360246,0.593677882217541,-0.0843485940361609,0.133694894154965,"TCF12"
"ENSG00000121577",19.2197832165021,-0.218622746457898,0.322826247523774,-0.677214904719907,0.498269612403742,0.594330287815516,-0.128449132832276,0.249176385379983,"POPDC2"
"ENSG00000106948",243.520182055786,0.132543097961041,0.195769282056845,0.677037258187194,0.498382315239903,0.594410867148162,0.104956373887173,0.17649158554819,"AKNA"
"ENSG00000135972",424.884290973057,0.0512348546627946,0.0757467177425462,0.676397026692768,0.498788604518056,0.594841554989558,0.0492744351838972,0.0743304426039815,"MRPS9"
"ENSG00000009724",3243.26095952057,0.0758073863296443,0.112128320358862,0.676077070333579,0.498991713964968,0.594975992217241,0.0759447528584167,0.107575405952632,"MASP2"
"ENSG00000174684",397.299731337723,-0.0640697209662016,0.0947594490276064,-0.676130155078636,0.498958012537329,0.594975992217241,-0.0594132391618872,0.0918298641198307,"B4GAT1"
"ENSG00000122223",62.5747569187369,-0.141123641225487,0.208846147576519,-0.675730162433475,0.499211981994853,0.595159574919726,-0.108036979815612,0.183492416994396,"CD244"
"ENSG00000172340",4880.16292602215,-0.107254824496194,0.158733258114224,-0.675692200679292,0.499236088820709,0.595159574919726,-0.0855032380249573,0.146035597459556,"SUCLG2"
"ENSG00000080802",233.947348452622,-0.0534515849286332,0.0791513146033551,-0.675308871324387,0.499479548833637,0.595342000719144,-0.051007545056404,0.0774274411208601,"CNOT4"
"ENSG00000135900",623.203231042336,0.0466764124784214,0.0691165393291424,0.675329131514268,0.499466679610705,0.595342000719144,0.0551161605726976,0.0678241810923238,"MRPL44"
"ENSG00000002933",10465.8885478162,-0.10012900813093,0.148386246609541,-0.674786312200528,0.499811537937516,0.595629861376298,-0.0752616082760756,0.137501946492905,"TMEM176A"
"ENSG00000106638",348.340318758427,0.0580970690022329,0.0860932876433795,0.674815314788371,0.499793109119419,0.595629861376298,0.0669510918757738,0.0837565883019734,"TBL2"
"ENSG00000131634",131.428690566169,-0.111184697115135,0.164832976752436,-0.67452944978434,0.499974769139624,0.59577045981467,-0.0927884317798022,0.151085389730981,"TMEM204"
"ENSG00000056586",528.467144797405,0.0961939732274303,0.142665334315996,0.674263118567861,0.50014404745224,0.595918237896488,0.0846339799253291,0.134217703422574,"RC3H2"
"ENSG00000134057",40.3657523037651,0.123338607922208,0.182968940100501,0.674095875805262,0.50025036135605,0.595990974356506,0.0977326729904793,0.166530152120623,"CCNB1"
"ENSG00000125459",115.055033243682,0.142204143875287,0.21134703984461,0.672846631681429,0.501044867559128,0.596883525722356,0.10884344716802,0.187766247812587,"MSTO1"
"ENSG00000176422",1998.82565842581,-0.0595684069347746,0.0885882728311615,-0.672418651262168,0.501317212316252,0.597153932629672,-0.0559861216095782,0.0861666056369544,"SPRYD4"
"ENSG00000250565",40.8178583892482,0.104796680580739,0.155906409193527,0.672176859968945,0.50147111053078,0.59728321342937,0.0894765971330217,0.145015747135293,"ATP6V1E2"
"ENSG00000111817",250.325000413276,-0.0860791482513794,0.128128239989463,-0.671820265840368,0.501698125475358,0.597499549525876,-0.0768761392850424,0.121215358502984,"DSE"
"ENSG00000146587",248.249671609142,-0.0854495952941586,0.127242357282526,-0.671549923461637,0.501870267082865,0.597650500760945,-0.073481448853003,0.120349560254524,"RBAK"
"ENSG00000167113",598.278227002706,-0.111059001692959,0.165455828616961,-0.671230518871995,0.502073689529725,0.597838672004012,-0.0926516573358649,0.151543027775172,"COQ4"
"ENSG00000101665",224.163923914896,0.0948173419662948,0.141362135542907,0.67074072984357,0.502385711165852,0.5980289133703,0.083306325990214,0.133029052517661,"SMAD7"
"ENSG00000101935",121.97552710736,-0.10780434968768,0.160731463084412,-0.670710933745835,0.502404696171916,0.5980289133703,-0.0910401277597674,0.147982030420966,"AMMECR1"
"ENSG00000148120",1128.19169571361,-0.103949991536117,0.154988577245551,-0.67069453364571,0.502415145890088,0.5980289133703,-0.0883106596996164,0.143311240788078,"AOPEP"
"ENSG00000162551",680.869631477832,0.117376070631873,0.174965422297946,0.670852955345632,0.502314208502162,0.5980289133703,0.0970753292398065,0.160521414787362,"ALPL"
"ENSG00000051180",10.3948196300525,0.171726619579106,0.256257919340409,0.670131951516346,0.50277367821151,0.598401577231309,0.118351643941315,0.216451313609183,"RAD51"
"ENSG00000105948",27.260407238408,0.120194728563185,0.179387370383293,0.670028934068032,0.502839345645307,0.598425637238191,0.0977191679884381,0.163748243841698,"IFT56"
"ENSG00000186281",12.1545441417394,0.228393581173987,0.341013646881727,0.669749094390936,0.503017749505407,0.598583847612816,0.1264664867754,0.263812050305444,"GPAT2"
"ENSG00000102030",167.970657625271,0.13776300873289,0.205754363447463,0.669550849005769,0.50314415547224,0.598670812034202,0.106691278253797,0.183793475201768,"NAA10"
"ENSG00000171612",173.597158495285,-0.152429003032649,0.227678650337452,-0.669491859718632,0.5031817716824,0.598670812034202,-0.111913856697806,0.195756183190391,"SLC25A33"
"ENSG00000134256",15.3458982766198,0.144644270382317,0.216268868245497,0.668816883149936,0.50361229557746,0.599111061353228,0.109927633954735,0.189963400386422,"CD101"
"ENSG00000164631",327.604139724311,-0.0775545691834335,0.115966144928576,-0.668769055237626,0.503642809285852,0.599111061353228,-0.0609014679525762,0.11042577799941,"ZNF12"
"ENSG00000137875",103.191799584624,-0.165343852940982,0.247758921534396,-0.667357816691284,0.504543603850667,0.600079193470109,-0.115990709020781,0.208312730969072,"BCL2L10"
"ENSG00000174013",144.040952028975,-0.0765304122131117,0.114677866090239,-0.667351205793195,0.504547825589709,0.600079193470109,-0.0679152039289199,0.109586560196301,"FBXO45"
"ENSG00000037757",251.221665135834,0.133025086838357,0.199432314288264,0.667018719173465,0.504760176549285,0.60026938610682,0.104482464074656,0.179135115070464,"MRI1"
"ENSG00000100601",114.528198691757,-0.0498862556557966,0.0747978524062336,-0.666947700381289,0.504805540595909,0.60026938610682,-0.0478924080603222,0.0732818766971913,"ALKBH1"
"ENSG00000153283",52.9831122619253,-0.156900077756868,0.23527247055315,-0.666886684141071,0.504844517116878,0.60026938610682,-0.112984192320601,0.200793016304155,"CD96"
"ENSG00000040199",139.375855501539,0.0925199594418111,0.138785760329135,0.666638704305089,0.505002940301632,0.600403531877487,0.0816647511273295,0.130846615044489,"PHLPP2"
"ENSG00000076706",125.729167224396,-0.188089612946734,0.282215270268625,-0.666475675705647,0.505107106225028,0.600473152194918,-0.121487204869634,0.227913946166562,"MCAM"
"ENSG00000137288",453.146593618233,-0.0939749867639781,0.141075658176686,-0.666131832936636,0.505326839139602,0.600636508244314,-0.0811131777464519,0.132016709044554,"UQCC2"
"ENSG00000163013",17.9969063149708,0.174821154530409,0.262451037565861,0.666109595724261,0.505341051575701,0.600636508244314,0.118507556892014,0.221160931470292,"FBXO41"
"ENSG00000206190",15.655291077219,0.19089435967191,0.286608156871173,0.666046499708364,0.505381379183542,0.600636508244314,0.12207684268791,0.235225181781314,"ATP10A"
"ENSG00000114850",1957.41756033698,0.0854832675805086,0.128373991205206,0.665892419313064,0.505479866276132,0.600699333819979,0.0897008091939385,0.121739870381506,"SSR3"
"ENSG00000117226",384.41149788145,-0.184440238455126,0.277269494096901,-0.665202059302881,0.505921263536816,0.601124622123705,-0.119962952071637,0.225096585770261,"GBP3"
"ENSG00000151725",60.1885928820946,0.166770483344267,0.25071109669479,0.665189876087893,0.505929054971348,0.601124622123705,0.117188139156194,0.214303211328859,"CENPU"
"ENSG00000117395",873.001332504635,-0.108239422525305,0.162774645317632,-0.664964880212705,0.506072956143039,0.601241340965462,-0.0893292237296531,0.149323688178557,"EBNA1BP2"
"ENSG00000048162",224.359777058052,0.0817346755086224,0.122945108652445,0.66480624080523,0.506174430486389,0.601254631382663,0.0740670347809388,0.117233287049816,"NOP16"
"ENSG00000174059",92.3416252251058,0.201574738587497,0.303208998958661,0.664804604348103,0.506175477308631,0.601254631382663,0.123249107286374,0.245904517734063,"CD34"
"ENSG00000110079",189.291360376877,-0.171528922603189,0.25807685370641,-0.664642799769722,0.506278987403972,0.601315361402957,-0.115299569917526,0.214145538703508,"MS4A4A"
"ENSG00000163655",363.589733679909,-0.0486275417097176,0.073170606398783,-0.664577541488387,0.506320737771861,0.601315361402957,-0.0466747112302869,0.0717941551073195,"GMPS"
"ENSG00000172167",21.5319181474829,0.14132679643097,0.212678042844156,0.664510518062882,0.506363619312971,0.601315361402957,0.107534693444669,0.18846169119648,"MTBP"
"ENSG00000182836",53.4342420513007,-0.240504023768227,0.362030837261104,-0.664319165703477,0.506486056929514,0.601406513846859,-0.127624641850377,0.265104678250148,"PLCXD3"
"ENSG00000123427",126.954509644499,0.0731034126993145,0.11008304223616,0.664075149217683,0.506642214490165,0.601537685632385,0.0677266304811571,0.105962858425584,"EEF1AKMT3"
"ENSG00000143554",538.24869070288,-0.115406605846739,0.173804895241706,-0.664000894141938,0.506689738808058,0.601539864846428,-0.0927426500558217,0.157825001175565,"SLC27A3"
"ENSG00000151491",814.89893482683,-0.0793320279969025,0.119622941063132,-0.663184062286466,0.507212677592181,0.602106402775102,-0.0716996320817563,0.113915899099597,"EPS8"
"ENSG00000008311",1215.04556260584,0.159691738450377,0.240968846489829,0.662706987963764,0.507518233433619,0.602414808996306,0.115572035350376,0.208367505935267,"AASS"
"ENSG00000145833",654.83501679331,0.0511773946585576,0.0773692353663704,0.661469567538243,0.508311224818423,0.603301684482048,0.0491789823252766,0.0758139043728597,"DDX46"
"ENSG00000120925",557.256982308394,0.0566878422085268,0.0858611322928977,0.660227051457321,0.509108135072133,0.604193050870714,0.05519907488512,0.0837722535715262,"RNF170"
"ENSG00000091622",137.083129341135,0.132914233495722,0.201547383884598,0.659468909662582,0.509594704396477,0.604647175591054,0.103887039566776,0.180581361984325,"PITPNM3"
"ENSG00000101191",662.386478084742,0.0529501654040938,0.0802978673885677,0.659421814378505,0.509624937801051,0.604647175591054,0.0585841355749571,0.0784567185862665,"DIDO1"
"ENSG00000104093",414.868959743283,-0.100654977044552,0.152642569090558,-0.659416161849559,0.509628566575568,0.604647175591054,-0.0860539277188234,0.141440872291046,"DMXL2"
"ENSG00000166263",68.5702697852136,0.113158000387569,0.171652821705708,0.659225984537401,0.509750663277138,0.604737541242278,0.093909248581253,0.157675790905486,"STXBP4"
"ENSG00000131480",29.2142856773507,0.178991692766786,0.271655654245142,0.658891835931616,0.509965228796365,0.604937580172353,0.119343909707895,0.226964664986049,"AOC2"
"ENSG00000165895",239.455082407989,0.132671473044636,0.201568031152892,0.658196998233332,0.510411553424029,0.605412478592862,0.10339980689175,0.180660297979471,"ARHGAP42"
"ENSG00000168899",318.5130660323,-0.125084865015002,0.190096090165797,-0.658008615042564,0.510532595368209,0.605501499920533,-0.096484336407204,0.169779819085573,"VAMP5"
"ENSG00000112297",543.500032240859,0.0874874833867334,0.133000128055461,0.657799993622949,0.510666658501038,0.605605947200925,0.0780667974157745,0.125982604031593,"CRYBG1"
"ENSG00000142192",5923.72732754343,0.0818406241835639,0.124496777544172,0.657371425975477,0.510942119968871,0.605873940768316,0.0740637352847306,0.118651910474931,"APP"
"ENSG00000163749",66.4417418421286,-0.114257048543829,0.173826471582607,-0.657305228044803,0.510984675550006,0.605873940768316,-0.0939647873914656,0.158225946345858,"CCDC158"
"ENSG00000109738",13.3698538442687,-0.264579301238096,0.403002071893988,-0.65652094540024,0.51148899540638,0.606417299731688,-0.127236676911064,0.280654014526428,"GLRB"
"ENSG00000088543",98.4908796928715,0.0788145193102281,0.120066440546154,0.656424217722448,0.511551212520389,0.606436454532995,0.0716362759718745,0.114790670516732,"C3orf18"
"ENSG00000239474",8.0809254157635,0.351614405973658,0.53592809275103,0.656085043366076,0.511769407240431,0.606640498399884,0.21851444308128,0.372208602853073,"KLHL41"
"ENSG00000171451",117.889674426463,-0.148903632775799,0.227071428495195,-0.65575679759706,0.511980617714011,0.606836227297684,-0.109337158569981,0.195303303435631,"DSEL"
"ENSG00000145819",267.88321597508,0.0808271159781611,0.123324376496242,0.655402591722198,0.512208583279238,0.606997138384739,0.0730384202814998,0.117595944663439,"ARHGAP26"
"ENSG00000160741",366.191350347492,-0.102920202654767,0.157021508655393,-0.655452896460455,0.51217620411438,0.606997138384739,-0.0873131915996885,0.144926433767492,"CRTC2"
"ENSG00000053770",592.302989422785,0.120575904242598,0.184133212118027,0.654829744485803,0.512577377610469,0.607346264039915,0.0986560604344695,0.167523332309553,"AP5M1"
"ENSG00000060566",959.626572739713,-0.139302185061196,0.212739504918052,-0.654801679240796,0.512595449340083,0.607346264039915,-0.104318194366885,0.185585712430544,"CREB3L3"
"ENSG00000160460",14.4972246932353,0.187013791190543,0.28566394526097,0.65466361538799,0.51268435604022,0.607396943365926,0.1191398668458,0.235326974005019,"SPTBN4"
"ENSG00000169446",174.683125247792,0.113171304776459,0.172904056758865,0.654532385751307,0.512768869272415,0.607442408929334,0.0938440962672105,0.158737951050513,"MMGT1"
"ENSG00000074660",154.962361796711,-0.148055671652775,0.226234062722484,-0.654435808078959,0.512831070921372,0.607461437674385,-0.108925819729698,0.194687436772806,"SCARF1"
"ENSG00000123684",1831.6244055171,0.0985387404299572,0.150653446385511,0.65407558070596,0.51306311301916,0.607675027412553,0.0841698420631719,0.140836452260943,"LPGAT1"
"ENSG00000176542",595.572221080873,-0.118644672097901,0.181410380711386,-0.654012585347351,0.513103697383059,0.607675027412553,-0.0954349564356997,0.163546216170285,"USF3"
"ENSG00000187231",202.091966201948,-0.0973989000877107,0.149035411391385,-0.653528575379509,0.513415573534069,0.607989696091882,-0.082671481907102,0.1385185070516,"SESTD1"
"ENSG00000086548",4.22468254744462,0.962921843318609,1.47370183001774,0.653403438677292,0.51349622254117,0.608030512274219,0.0223304818665998,0.362989718342908,"CEACAM6"
"ENSG00000176454",51.8158794362018,0.130038514251817,0.199256186253176,0.652619708813406,0.514001476390317,0.608574050193788,0.102044706692488,0.178637339544785,"LPCAT4"
"ENSG00000183495",329.588213729716,-0.115757464729444,0.177703740101885,-0.651407025328085,0.51478377681079,0.609445482015184,-0.0936479208133496,0.160732401344553,"EP400"
"ENSG00000158966",86.9431810870276,-0.109857890838741,0.168693984704053,-0.651225893036252,0.514900678081673,0.609529070996522,-0.0913315123335409,0.154020436339196,"CACHD1"
"ENSG00000163762",123.625042951168,-0.169193260355897,0.260005444161977,-0.650729683377298,0.515220998287275,0.609761267590821,-0.115235594619481,0.215400097196969,"TM4SF18"
"ENSG00000186577",97.3862132384355,0.0998196031999568,0.153401811248016,0.650706809703642,0.515235766515865,0.609761267590821,0.0871663459367322,0.143071378695228,"SMIM29"
"ENSG00000203857",11.7488340188358,0.296167814373509,0.455138583369556,0.650720077785695,0.515227200044032,0.609761267590821,0.11982143205611,0.306444186341345,"HSD3B1"
"ENSG00000133121",228.483410867942,-0.0811476609830255,0.124808198312335,-0.650178931194501,0.515576648673135,0.61010984688392,-0.0728230637039698,0.11838185959603,"STARD13"
"ENSG00000233954",71.8207074433923,-0.118518248958083,0.18232675562736,-0.650032128034524,0.515671468894182,0.6101672112394,-0.0958589221551006,0.164511988597684,"UQCRHL"
"ENSG00000128602",1138.19933259994,0.0896711149266874,0.137997257903996,0.649803599641604,0.515819093483369,0.610287040330881,0.0786171566203292,0.130251416412895,"SMO"
"ENSG00000063046",5068.4620464315,0.0724063333894161,0.111524422610764,0.649241948036124,0.516182001883607,0.610661536238618,0.066786176471338,0.107201444294705,"EIF4B"
"ENSG00000141905",1269.33075494409,0.145983118703291,0.224909888369679,0.649073812456577,0.516290667599693,0.610735213802116,0.107369150540334,0.197263444043507,"NFIC"
"ENSG00000204991",112.075489300702,-0.143951869474993,0.221813609948054,-0.648976721981598,0.516353422396856,0.6107545736481,-0.106712335033161,0.19180062144836,"SPIRE2"
"ENSG00000175265",141.340862930685,-0.283708789337437,0.437555908120868,-0.648394374460296,0.516729907904469,0.611144984501459,-0.125295074432587,0.290174957518832,"GOLGA8A"
"ENSG00000143869",106.065216424218,-0.118026875458717,0.182062705407828,-0.648275961813993,0.516806478637516,0.611180642930166,-0.0955291161716535,0.164133970529193,"GDF7"
"ENSG00000108773",621.804065910113,-0.226160850866121,0.349057508363875,-0.6479185963545,0.517037602220077,0.61134414645977,-0.123698753516926,0.259132742532653,"KAT2A"
"ENSG00000130307",25.4914021115066,-0.171884395925266,0.265276323502084,-0.647944730446007,0.517020698367195,0.61134414645977,-0.115983776801593,0.218717886526391,"USHBP1"
"ENSG00000105856",1150.24158046729,-0.117260580958039,0.181122185646754,-0.647411472754277,0.517365672680588,0.611677123429654,-0.0951804124251505,0.163336629838239,"HBP1"
"ENSG00000213782",18.3187606177164,-0.180058829895824,0.278211371920322,-0.647201545547863,0.51750151117275,0.611782786755897,-0.11778276983823,0.22619303736427,"DDX47"
"ENSG00000125676",513.081398213434,-0.0774549173348734,0.119703428986462,-0.647056796874491,0.517595185064722,0.611824427388752,-0.0774740318477716,0.114210295544361,"THOC2"
"ENSG00000148600",13.5017729468704,-0.193553718312445,0.299154048854558,-0.647003505563605,0.517629674668336,0.611824427388752,-0.120194198201883,0.237425282696014,"CDHR1"
"ENSG00000205629",139.084456061981,-0.0673958025945309,0.10421836374351,-0.646678763450917,0.517839870217951,0.612017929200139,-0.0625767295690195,0.100386635452547,"LCMT1"
"ENSG00000133657",2420.64056078893,-0.155549128903912,0.240645077323659,-0.64638400516585,0.518030696381975,0.61218850628894,-0.108973117495659,0.203504975329748,"ATP13A3"
"ENSG00000124006",595.67016197132,0.139074592283544,0.215321016827464,0.645894183172024,0.518347886972205,0.612508371914922,0.105480464026615,0.19052644458173,"OBSL1"
"ENSG00000169490",622.330116514631,-0.0581460606902444,0.0900394098715875,-0.645784560040668,0.5184188886001,0.612537295818802,-0.0544600303959768,0.0875279324743329,"TM2D2"
"ENSG00000101182",1888.74427020269,0.0570750477345388,0.0884129536748109,0.6455507407259,0.518570347446425,0.612661270143542,0.0573727209730209,0.0861170969616143,"PSMA7"
"ENSG00000026950",506.786425148277,-0.0661558296691372,0.102529010761046,-0.645240105001302,0.518771600268957,0.612758417685671,-0.060630649811564,0.0988069374908661,"BTN3A1"
"ENSG00000249115",93.0570769157446,0.126199947960137,0.195595662606059,0.645208315351612,0.518792198233493,0.612758417685671,0.099824351610103,0.176036772192261,"HAUS5"
"ENSG00000253313",70.8146577458818,0.158768748289509,0.246059055928274,0.645246514868325,0.518767447074826,0.612758417685671,0.111884455827215,0.21132149345702,"C1orf210"
"ENSG00000166266",480.279908780767,-0.131374024396097,0.203852118532538,-0.644457488800283,0.519278815817404,0.613278156534979,-0.100311822857513,0.179524828977565,"CUL5"
"ENSG00000144118",426.833781295468,-0.0724444449957206,0.112458366032581,-0.644189023471426,0.519452867832694,0.61342868937889,-0.0640071854214564,0.107613052720959,"RALB"
"ENSG00000160199",170.31273670331,0.0625745936158285,0.0971642786100886,0.644008214859853,0.51957010702284,0.61351211022984,0.0588751883460379,0.0942617682315386,"PKNOX1"
"ENSG00000104872",572.41611834676,0.0770453503302983,0.119727141017526,0.64350781013822,0.519894648603701,0.61384027831731,0.0629034322442232,0.114574174033037,"PIH1D1"
"ENSG00000078699",246.10912674841,-0.0922492919134015,0.143427907768851,-0.643175330020644,0.520110339105541,0.614039878466961,-0.0750065167076923,0.133711004944609,"CBFA2T2"
"ENSG00000146411",164.254012720601,-0.18006132517081,0.280239498449124,-0.642526575187612,0.520531339953421,0.614481809542431,-0.116490426940968,0.226476107660601,"SLC2A12"
"ENSG00000185800",64.0319514237983,0.103141486434256,0.160570614211404,0.642343475739977,0.520650191677553,0.614567009469847,0.0869236259280858,0.148932173249511,"DMWD"
"ENSG00000165929",76.5551979939653,-0.203827109947,0.317481296955988,-0.642012968641918,0.520864762604603,0.61476516938164,-0.120808589806856,0.245383281554404,"TC2N"
"ENSG00000114480",1787.83907549329,0.105283313024132,0.164075700872899,0.641675229567902,0.521084075695526,0.614913770781329,0.0890461122990945,0.151754654625209,"GBE1"
"ENSG00000196417",74.4853985049575,-0.0722607528096805,0.11260570197335,-0.641714864730227,0.52105833587982,0.614913770781329,-0.0661297181161149,0.107901112975899,"ZNF765"
"ENSG00000122432",14.0527389685343,-0.125427289812785,0.195525945135468,-0.641486682117218,0.521206530900326,0.614944012838199,-0.0987428736469959,0.174859314304691,"SPATA1"
"ENSG00000173267",19.8484711533653,-0.207505393388508,0.323509376581976,-0.641420028009379,0.52124982403724,0.614944012838199,-0.121015087558563,0.249051799951976,"SNCG"
"ENSG00000182612",13.7017146346229,-0.158625373913898,0.247287147786181,-0.641462264957883,0.521222390104454,0.614944012838199,-0.111366492311851,0.209253651669355,"TSPAN10"
"ENSG00000077092",73.761600685032,-0.114773743116281,0.178964147375013,-0.641322548676617,0.52131314208899,0.614963607987067,-0.0932573693379929,0.161826438981636,"RARB"
"ENSG00000008086",123.060609529671,0.0918963158302646,0.143446368308585,0.640631874573327,0.521761885306139,0.615437823144654,0.0804216950799256,0.13479460442437,"CDKL5"
"ENSG00000169418",156.817524520043,-0.130166342822418,0.203363743396124,-0.640066614867884,0.522129292349375,0.61581602284976,-0.10061489163529,0.179289213833014,"NPR1"
"ENSG00000137145",466.001234907218,0.140305934316166,0.219277530916869,0.639855500604656,0.522266546330637,0.615922729217947,0.105818825253926,0.193240752439694,"DENND4C"
"ENSG00000008300",15.1692099751429,0.196420659593545,0.307096478137283,0.639605705623685,0.522428972170712,0.616059099650658,0.118864950063128,0.245966098437608,"CELSR3"
"ENSG00000119242",378.027977663425,0.0954620131570169,0.149355088412022,0.639161438501969,0.522717915036808,0.616344623802133,0.0830496338278754,0.139738341352264,"CCDC92"
"ENSG00000104998",44.8719152044874,0.125766596836066,0.197098270483246,0.638090818999632,0.523414562636445,0.617000280389599,0.0990883781934613,0.176880213664945,"IL27RA"
"ENSG00000196597",54.4565247793335,-0.0824319517170032,0.129182776034547,-0.638103269238915,0.523406458581307,0.617000280389599,-0.0740001586012499,0.122361668637097,"ZNF782"
"ENSG00000204104",137.256411696389,0.0578258369879675,0.0906047135190353,0.638221067558685,0.523329785002225,0.617000280389599,0.0547369354197937,0.0882579829987787,"TRAF3IP1"
"ENSG00000003137",20.3619013603074,0.246921559159482,0.38725123065853,0.637626273619804,0.523716988488131,0.617301510334354,0.120430477136544,0.283267928272674,"CYP26B1"
"ENSG00000006695",155.420842899907,0.066337581710083,0.104136835207553,0.63702321640433,0.524109721216483,0.617709120896627,0.061800736315133,0.100651896560046,"COX10"
"ENSG00000145996",135.609668219056,0.0634694355401753,0.0997609310329934,0.63621534886422,0.52463607031882,0.618274122969708,0.059526824781573,0.0965854781782355,"CDKAL1"
"ENSG00000068078",772.793998908462,0.128452343203664,0.202194867275035,0.63528983170941,0.525239404122773,0.618929740864623,0.101794043741523,0.18102372857126,"FGFR3"
"ENSG00000152217",169.323990004006,0.115218580083291,0.181401874651047,0.635156501579331,0.525326349723574,0.618976796175101,0.0939614260224268,0.165206138971616,"SETBP1"
"ENSG00000168092",586.014458703892,-0.0619131349780916,0.0975551454573333,-0.634647559468505,0.525658302468965,0.619312502040841,-0.0569893426590454,0.0943228780435578,"PAFAH1B2"
"ENSG00000130338",167.347387459573,0.0593460925420012,0.0935781608980395,0.634187421215333,0.525958515660512,0.619555320496224,0.0559945977116104,0.0908662701819625,"TULP4"
"ENSG00000214595",54.1336126361398,0.135162554399615,0.213115238301901,0.634222852746654,0.525935395552666,0.619555320496224,0.103851806273251,0.18825062454537,"EML6"
"ENSG00000072042",2505.54564722682,0.100187405891059,0.157999643884547,0.634098934832203,0.526016257875752,0.619567905814291,0.0857413636972273,0.146815070317198,"RDH11"
"ENSG00000178741",1675.98949655533,-0.0722817638870419,0.114073495362529,-0.633642053812136,0.526314449330974,0.619863676526666,-0.0620825278454355,0.109069775544568,"COX5A"
"ENSG00000204954",79.8576005743449,-0.0763035392869872,0.120448092004597,-0.633497285154797,0.526408953163118,0.619919523912846,-0.0686885047792803,0.114615625183977,"UQCC6"
"ENSG00000125733",154.069974943752,0.138961197915316,0.21945065073449,0.633222993188766,0.526588032552043,0.620074951845112,0.104259760852649,0.193181473476137,"TRIP10"
"ENSG00000161980",102.266600553251,-0.0748570456432834,0.118232135583694,-0.633136205091162,0.526644701133185,0.620086222063988,-0.0671980265887132,0.112735832638567,"POLR3K"
"ENSG00000206384",39.4787989445638,-0.174218934727671,0.275372147456623,-0.632667233548427,0.52695097155369,0.620391352184198,-0.111459625698413,0.223437088489424,"COL6A6"
"ENSG00000188783",241.804186727593,0.138050500502558,0.218229255584405,0.632593921162713,0.526998857759836,0.620392253332081,0.104026677286692,0.192377811256646,"PRELP"
"ENSG00000123892",12.3030819739976,0.19652956878628,0.310708141087109,0.632521465638653,0.527046186462914,0.620392498075165,0.117399689228808,0.247998980808166,"RAB38"
"ENSG00000169375",468.398784219873,0.0521946935508949,0.0825644826193294,0.632168844217713,0.527276553411514,0.620608180065796,0.0501669174272465,0.0806406105247748,"SIN3A"
"ENSG00000083093",138.592380128833,0.0578570436698427,0.0915854391044154,0.631727534809116,0.527564932421426,0.620892097994145,0.054843215091521,0.0889977238193669,"PALB2"
"ENSG00000153395",163.167484513434,-0.0829557825216274,0.131524857257495,-0.630723227923519,0.528221508647984,0.621609258389288,-0.0736553514579427,0.124028493442988,"LPCAT1"
"ENSG00000137812",152.010338430286,-0.131184429603222,0.208473221605046,-0.629262735008489,0.529177063612297,0.62267809630168,-0.0991660911182509,0.18271166106777,"KNL1"
"ENSG00000115423",171.866694143486,-0.155913424718532,0.248151190480496,-0.628300127904428,0.529807347867686,0.623364034139943,-0.109099122167191,0.208216093416613,"DNAH6"
"ENSG00000079819",468.082435481029,0.108006239738513,0.172094038539989,0.627600122902664,0.530265928178101,0.623736371874643,0.0897780985305276,0.158026474715501,"EPB41L2"
"ENSG00000128591",10.1065506012347,0.399503095921901,0.63649490150292,0.627661109269809,0.530225967380966,0.623736371874643,0.099057848224032,0.34064413042896,"FLNC"
"ENSG00000173715",34.1092017715504,0.140717294309274,0.224165823451379,0.627737503169368,0.530175913087682,0.623736371874643,0.104428770911166,0.195973305242048,"TOP6BL"
"ENSG00000146143",70.0124868864527,-0.0820722712326695,0.130816939415381,-0.627382597387229,0.530408472374049,0.62384830688554,-0.0737176585388454,0.123625926188709,"PRIM2"
"ENSG00000158352",38.2880000523068,-0.144378737112654,0.230372201776336,-0.626719439235247,0.53084315912031,0.62430379928343,-0.105275024928098,0.197537299802947,"SHROOM4"
"ENSG00000101384",163.161770533505,-0.170406618174784,0.271947009170386,-0.626616996798877,0.530910324179769,0.62432702109243,-0.110913217651994,0.221603464094413,"JAG1"
"ENSG00000147419",1012.5862114453,-0.0683710945887532,0.10917096354778,-0.626275452435936,0.531134284475497,0.624534606537857,-0.0623981530969487,0.104738131530492,"CCDC25"
"ENSG00000204160",381.064138892392,-0.0700743939829997,0.111937082752827,-0.626015903395785,0.531304510158685,0.624678976669874,-0.0641264191774275,0.107209550610897,"ZDHHC18"
"ENSG00000250510",54.8500403250189,0.176976955399782,0.28275563787848,0.625900713165766,0.531380066731235,0.624712024161393,0.114617207576629,0.233327990291894,"GPR162"
"ENSG00000134042",221.614513392077,0.119387543141069,0.190815091525087,0.625671387870139,0.531530503981581,0.624833090662634,0.0959116152333966,0.172365003741813,"MRO"
"ENSG00000108984",156.240160153143,0.172480031301671,0.275928104182362,0.625090480771318,0.53191167526146,0.625225347423657,0.11352550316642,0.229521507074129,"MAP2K6"
"ENSG00000123130",227.955865753961,0.060153983010186,0.0962735016062527,0.624823882029437,0.532086654546351,0.625375191372724,0.0567258699649185,0.0933197298048795,"ACOT9"
"ENSG00000139144",421.602740117576,0.102055014048341,0.163382162355419,0.624639878534179,0.532207440311305,0.62546131921259,0.086893492148976,0.151108351698198,"PIK3C2G"
"ENSG00000118596",171.585674213068,-0.20580146129746,0.329752665726478,-0.624108559802113,0.53255629279404,0.625815436533946,-0.11764563033524,0.250420995763009,"SLC16A7"
"ENSG00000020922",182.161697616545,-0.0764089717470853,0.122558920029013,-0.623446842783842,0.532990923763772,0.626270281327427,-0.068912989601457,0.116432800033249,"MRE11"
"ENSG00000130165",416.353126229673,0.0815056272035109,0.130784649362117,0.623204845530746,0.533149917922997,0.626401197516882,0.0716283710906118,0.124065520197968,"ELOF1"
"ENSG00000188626",16.8106763386437,0.178236639037363,0.286078911243203,0.623033128386873,0.533262752025599,0.626477861440978,0.113892733377594,0.234126854242498,"GOLGA8M"
"ENSG00000138071",1832.4579364346,-0.113393739184766,0.182174217147583,-0.622446693940799,0.53364818489182,0.626874732537982,-0.0897162738507904,0.163889775277191,"ACTR2"
"ENSG00000170145",1433.56833738626,-0.101033524091199,0.16234860428155,-0.622324562248676,0.533728473409515,0.626913112758468,-0.0825397435264437,0.148878410896715,"SIK2"
"ENSG00000148200",66.7250193257171,0.132292699161917,0.21268491406163,0.622012613097616,0.533933574291694,0.627087384804065,0.101542848607709,0.188032140740025,"NR6A1"
"ENSG00000163827",225.576776756724,-0.0798326635248549,0.128357821448629,-0.621954023711796,0.533972100185202,0.627087384804065,-0.0699408829896259,0.121342397781126,"LRRC2"
"ENSG00000165757",94.0971097194528,0.108518455415375,0.174526751274207,0.621786944540535,0.534081972067061,0.62716047486933,0.0897907141420029,0.159838565575363,"JCAD"
"ENSG00000196110",14.6447085632196,0.154621876306722,0.248750813559129,0.6215934496631,0.534209229279706,0.627253965281067,0.108120456285902,0.211647656218815,"ZNF699"
"ENSG00000114854",12.7313597269382,0.296188961571256,0.477225937487509,0.62064724128497,0.534831749556095,0.627872921502947,1.20619401050376,0.588396281219811,"TNNC1"
"ENSG00000180787",58.7507041900819,-0.135712687998572,0.218658308626987,-0.620661016042552,0.534822684376734,0.627872921502947,-0.101450388169477,0.189807072574109,"ZFP3"
"ENSG00000165392",156.941301435457,0.098148962699515,0.1583252525022,0.619919824212192,0.535310573416657,0.628379012981786,0.0836593389277899,0.146938026928479,"WRN"
"ENSG00000173085",223.190128469332,-0.0692043606587155,0.111790918853091,-0.619051720557551,0.535882287174189,0.628994044123685,-0.0561065732846138,0.106841016471927,"COQ2"
"ENSG00000134020",14.1209583575051,0.291479058848611,0.471426516057573,0.618291608385078,0.536383132506778,0.629525790923894,0.112054755118074,0.309836229952758,"PEBP4"
"ENSG00000115504",1310.12438012409,0.0682051045018004,0.110392199002822,0.617843517185999,0.536678494490381,0.629612999483373,0.055111469659642,0.106159010285848,"EHBP1"
"ENSG00000128944",104.713053224101,-0.0881751622877828,0.142737475344994,-0.61774360289521,0.536744364742623,0.629612999483373,-0.0767274154725393,0.133483393146064,"KNSTRN"
"ENSG00000143851",36.6002843957454,0.170808625615916,0.276500973304459,0.617750540168394,0.536739791092,0.629612999483373,0.111683634884603,0.229185493503437,"PTPN7"
"ENSG00000165097",146.877468273578,0.0964453139031735,0.156083173150859,0.617909746170756,0.536634834109076,0.629612999483373,0.082511091470474,0.145225370239759,"KDM1B"
"ENSG00000170027",1399.75566340968,0.0813184784596138,0.131593665305513,0.61795131453191,0.536607431755521,0.629612999483373,0.0713686574151106,0.124738806099977,"YWHAG"
"ENSG00000187372",10.3365179205842,-0.209640054153152,0.339185621671744,-0.618068811761239,0.536529980004032,0.629612999483373,-0.117197083598134,0.256269992431549,"PCDHB13"
"ENSG00000135749",15.5111505958437,0.224154613519185,0.363284479503432,0.617022268128764,0.537220037972893,0.63011483473952,0.116479334696991,0.272337135927891,"PCNX2"
"ENSG00000099992",76.6004333241504,0.115314706345284,0.187128442720534,0.616232918250168,0.537740805379231,0.630669467630764,0.0937080462014318,0.169332822403726,"TBC1D10A"
"ENSG00000221955",167.126409027319,0.15033906533234,0.244005078444765,0.61613088666256,0.537808138417489,0.630692255313499,0.106534413572466,0.2095383612868,"SLC12A8"
"ENSG00000171492",572.490013319993,-0.0755342831077812,0.122618197535172,-0.616012016373956,0.537886589048072,0.630728075472651,-0.0650891022020191,0.116357982224341,"LRRC8D"
"ENSG00000121410",62.2279286411642,-0.125558742539083,0.203977023083591,-0.615553363025737,0.53818933959033,0.631026880848364,-0.0968143859786712,0.179783948076988,"A1BG"
"ENSG00000099290",372.385289132164,0.0523125469889515,0.0850983881040657,0.61473017473585,0.538732928832006,0.631607991184523,0.0497733220626549,0.0830171152508007,"WASHC2C"
"ENSG00000163513",1349.8368437817,0.133137344670346,0.216737232745792,0.614279987723663,0.53903032450181,0.631900387533686,0.100955081193665,0.191206239503479,"TGFBR2"
"ENSG00000071462",547.529730595836,-0.046945095142863,0.076501826887302,-0.613646719992971,0.539448803382772,0.63233466393675,-0.0441152980902395,0.0749334000324916,"BUD23"
"ENSG00000160813",88.7209873573311,-0.136152206460708,0.221931231070243,-0.613488267532812,0.539553538107735,0.632344835564042,-0.100232056969399,0.191691594852348,"PPP1R35"
"ENSG00000182158",585.440523525839,-0.0796648075452586,0.12984887887929,-0.613519409892761,0.539532952665961,0.632344835564042,-0.0630488318519864,0.122277337855018,"CREB3L2"
"ENSG00000148484",514.064010613478,0.0664704727990033,0.108476604560772,0.612763213488717,0.540032917935249,0.632850324658254,0.0619252456011691,0.104433192414974,"RSU1"
"ENSG00000092841",5437.07207067304,-0.0813377800038016,0.13276722900508,-0.61263446268574,0.540118065643293,0.632893774676006,-0.0709720580124578,0.125046817684274,"MYL6"
"ENSG00000154781",219.618689203614,-0.0508094441642125,0.0829690605742008,-0.612390255024916,0.540279587728403,0.633026702147562,-0.0479574820496872,0.0809498458415854,"CCDC174"
"ENSG00000159314",136.728849103064,0.115978136434566,0.189468208279899,0.612124522037136,0.540455374386507,0.6331199803517,0.0929320343036567,0.171199989250754,"ARHGAP27"
"ENSG00000166153",15.8666675593266,0.138106280003399,0.2256077583072,0.612152175260505,0.540437079999953,0.6331199803517,0.101847394643215,0.196903633590657,"DEPDC4"
"ENSG00000100116",755.161344558034,-0.115185431461535,0.188224904573373,-0.611956381237714,0.540566617009603,0.633193957255199,-0.091664736749255,0.168432919840403,"GCAT"
"ENSG00000170445",529.538011316465,-0.0500457947856844,0.0817990549470631,-0.611813850637662,0.540660924787174,0.633248086090912,-0.0470582455146059,0.0798685746476353,"HARS1"
"ENSG00000019991",349.431622591199,0.153662594718084,0.251378520379532,0.611279732596419,0.541014406151484,0.633497126185554,0.106673628595363,0.214234397912516,"HGF"
"ENSG00000068697",3885.24183822143,-0.0683211517361874,0.1117683741996,-0.611274452415108,0.541017901171986,0.633497126185554,-0.064630657185971,0.107051112047227,"LAPTM4A"
"ENSG00000198089",73.1311392393749,0.134194254564212,0.219515586233261,0.611319937991167,0.540987794049149,0.633497126185554,0.100693320668701,0.192827197050965,"SFI1"
"ENSG00000106952",14.0913730848608,-0.163380241725225,0.267421121839728,-0.610947409842753,0.541234396877786,0.633581583470519,-0.10919627511785,0.220263784610609,"TNFSF8"
"ENSG00000154813",382.724243463361,0.0890900991913894,0.145811410931274,0.610995385219752,0.54120263542039,0.633581583470519,0.0779637683117002,0.136694099384532,"DPH3"
"ENSG00000271605",22.6064538270957,-0.176430131124784,0.288775310012863,-0.610959888215255,0.541226135648398,0.633581583470519,-0.112092619753467,0.231123646017127,"MILR1"
"ENSG00000204710",40.0057959065463,0.145568233221262,0.238538997306931,0.610249203965413,0.541696740090943,0.634066436703179,0.104270769121253,0.205823897672014,"SPDYC"
"ENSG00000101981",14030.5185982074,0.0906286885034681,0.148705149330839,0.609452254419499,0.542224710926541,0.634596095423991,0.0788528399236261,0.139127910296905,"F9"
"ENSG00000143633",185.024550214665,0.0702691084472499,0.115304766490653,0.60942067345452,0.542245638274335,0.634596095423991,0.0645863773580434,0.110490914236297,"FSAF1"
"ENSG00000218891",39.964977491268,-0.200692070698726,0.329513655952887,-0.609055397471663,0.542487720232088,0.6348229779198,-0.115178114305841,0.250489444758932,"ZNF579"
"ENSG00000197355",57.7931579866113,-0.132157402526443,0.217124592526023,-0.608670814249672,0.542742656022277,0.6350648603972,-0.0983113520241819,0.188449385638639,"UAP1L1"
"ENSG00000121236",11.2880894575513,0.156443416327601,0.257081457437189,0.60853636776127,0.542831793132227,0.635112715576193,0.107318648124785,0.216082824776989,"TRIM6"
"ENSG00000196968",83.0523125671787,-0.0831366004027512,0.136683003275462,-0.608243881173749,0.543025734945856,0.635283172764985,-0.0727662985536044,0.128377590594575,"POFUT4"
"ENSG00000183617",608.272849035401,-0.0916109943080183,0.150674777704601,-0.608004841312077,0.543184262964226,0.635412172917548,-0.0774131190078773,0.139751256178494,"MRPL54"
"ENSG00000215788",28.6030628509982,0.210479450156378,0.346439633437025,0.607550146812627,0.543485873830559,0.635708512335922,0.11400979273199,0.264986913179143,"TNFRSF25"
"ENSG00000128294",1067.2083113719,0.0565424785231196,0.0930922960985518,0.607380856341335,0.543598189960426,0.635783403128629,0.0547775865908806,0.0904324310976402,"TPST2"
"ENSG00000181404",76.5014011341603,0.229752843235518,0.37848489230214,0.607033062371509,0.543828970857327,0.635996822731175,0.114502758800217,0.279362808861549,"WASHC1"
"ENSG00000131100",840.886393540928,0.0460048226816771,0.0758366811095199,0.606630221795163,0.544096339185401,0.636228828775188,0.0517739216130589,0.074217331914791,"ATP6V1E1"
"ENSG00000161640",29.4973812951326,-0.180113176341487,0.296928085660716,-0.60658854800045,0.544124002127345,0.636228828775188,-0.11246961605458,0.235191323438101,"SIGLEC11"
"ENSG00000154451",159.263397292529,0.137735042533358,0.227101234663573,0.606491826155847,0.544188208497253,0.6362430834189,0.212393221658231,0.208027138505088,"GBP5"
"ENSG00000184465",182.032209357228,-0.14665927925509,0.24184256583295,-0.606424591758563,0.544232842584205,0.6362430834189,-0.103812690508648,0.204121511868166,"WDR27"
"ENSG00000100918",64.1661244122143,-0.207189438352629,0.342123471207526,-0.605598433867612,0.544781442573536,0.636827885370077,-0.114838192345345,0.25558009104272,"REC8"
"ENSG00000134339",776.140709035568,-0.316600351121628,0.523360626077846,-0.604937275267124,0.545220674596349,0.637284748023396,-0.112616705200816,0.309171869323961,"SAA2"
"ENSG00000134874",58.1152716728151,0.130010167290059,0.215192845651062,0.604156550357032,0.545739565162816,0.637834630708712,0.0994015161523945,0.189816572538085,"DZIP1"
"ENSG00000164694",16.2971492911004,-0.241061301143232,0.399154931395998,-0.603929156781673,0.5458907430327,0.637954688688845,-0.116659289630057,0.277750575213855,"FNDC1"
"ENSG00000104889",84.8764109474515,0.0852068097520763,0.141205529888072,0.60342402892873,0.546226641017634,0.638265790103445,0.0742501576027906,0.132831587401009,"RNASEH2A"
"ENSG00000175066",59.3680288061372,-0.0846796374372524,0.140341429200523,-0.603383034643748,0.546253905733375,0.638265790103445,-0.07400756163799,0.131438596585211,"GK5"
"ENSG00000103222",85.3299229811945,-0.120219854390029,0.19930172121509,-0.603205299267266,0.546372122803959,0.638347268509799,-0.0937342394995431,0.176394488601371,"ABCC1"
"ENSG00000155849",395.361551151039,0.0555105644488922,0.092086229865454,0.602810697429984,0.546634629494591,0.6385972965329,0.0525395241677511,0.0895672825195015,"ELMO1"
"ENSG00000011114",268.969090926203,0.0552325753105489,0.091661405262725,0.602571771098623,0.546793604271103,0.638613021718562,0.0522332613467326,0.089043385723261,"BTBD7"
"ENSG00000187240",42.4439677289815,-0.136363341096142,0.226270109001685,-0.602657335950311,0.5467366692245,0.638613021718562,-0.100303158670382,0.194589788484992,"DYNC2H1"
"ENSG00000213366",173.828705421875,-0.22098228711882,0.366692417030507,-0.602636642743653,0.546750438262057,0.638613021718562,-0.115483674032534,0.265300812522389,"GSTM2"
"ENSG00000168917",30.3199416670651,-0.140130877424387,0.232892921096994,-0.601696594144334,0.547376117525468,0.639236647449026,-0.101826173643019,0.198908261371208,"SLC35G2"
"ENSG00000106077",120.370086190566,-0.0986723965929767,0.164123446401952,-0.601208412059053,0.547701182325156,0.639559535830865,-0.0825408657572511,0.150441393635297,"ABHD11"
"ENSG00000163093",26.4926156561678,-0.122982192791963,0.204740541275138,-0.600673379224367,0.548057553130908,0.639918920230714,-0.0960510688845408,0.180718527450007,"BBS5"
"ENSG00000120254",63.2259274703396,0.116366953013132,0.193900928246343,0.60013613171203,0.548415514334122,0.640280097696466,0.0927595251531055,0.174274206850488,"MTHFD1L"
"ENSG00000176125",13.3955886020065,-0.146022208225218,0.243409188569734,-0.599904256216623,0.548570045701251,0.640403725988888,-0.103217153445561,0.206411168274108,"UFSP1"
"ENSG00000108830",137.275490420924,-0.208400378638733,0.348003050979346,-0.598846412559474,0.549275308890459,0.641170202753061,-0.113905053824413,0.257834636217147,"RND2"
"ENSG00000130544",67.6257619341228,0.0745004172704251,0.124602323460331,0.597905522156203,0.549902975022964,0.64178907624788,0.0672787473180996,0.118266938829555,"ZNF557"
"ENSG00000166349",46.4553959855348,0.12068217463993,0.201833368070824,0.597929746668954,0.549886810466986,0.64178907624788,0.094253607229523,0.180065332832755,"RAG1"
"ENSG00000196218",10.284566545689,-0.199870206162997,0.334545200599345,-0.59743856975059,0.550214609215947,0.642095864646088,-0.112759556142734,0.253878694420737,"RYR1"
"ENSG00000146192",112.658317017544,-0.141434103861567,0.236869958787442,-0.597095995564741,0.550443291303717,0.642262978853572,-0.100830580070763,0.201007184623148,"FGD2"
"ENSG00000164674",26.8727906716787,-0.126215363996328,0.211414309660123,-0.5970048299911,0.55050415588353,0.642262978853572,-0.09679924393394,0.184645679246484,"SYTL3"
"ENSG00000245680",121.081544640142,-0.0769759056827897,0.128933500630057,-0.597020210469996,0.55049388723138,0.642262978853572,-0.0687310343983864,0.121901684475731,"ZNF585B"
"ENSG00000116977",1355.84734939137,-0.0813864903925498,0.136464143592287,-0.596394688378421,0.550911588034536,0.642624432361362,-0.069020735513116,0.128051073721709,"LGALS8"
"ENSG00000170088",954.896536988486,0.0744832084103406,0.124880811986347,0.596434369905312,0.55088508552935,0.642624432361362,0.078224609405911,0.11865487935817,"TMEM192"
"ENSG00000143578",155.060364603451,-0.0599287153444546,0.10057263361987,-0.595874973016664,0.551258753514016,0.642972426361228,-0.0538210986633016,0.0971478223489936,"CREB3L4"
"ENSG00000104447",56.3613174348439,0.167349112681922,0.281015709002202,0.595515152075042,0.551499173867328,0.643195865279232,0.108742601753937,0.231623826243713,"TRPS1"
"ENSG00000179632",504.342228129844,0.066715349454622,0.112057231600883,0.595368531789576,0.55159715542814,0.643253157516997,0.0614226110449995,0.107626661788348,"MAF1"
"ENSG00000181031",189.078028811232,0.0961960657486666,0.161615844141005,0.595214326045523,0.551700215332526,0.643316361267207,0.0817614419046942,0.149542650915259,"RPH3AL"
"ENSG00000067048",241.472268271891,0.694191985953211,1.16709766130195,0.594801968139333,0.551975851833388,0.643466802305506,0.0557347390158154,0.365337575361687,"DDX3Y"
"ENSG00000086200",192.743540817037,0.0773510015705335,0.130020638621771,0.594913256775695,0.55190145539933,0.643466802305506,0.0694873759489197,0.12333327555659,"IPO11"
"ENSG00000144395",182.818411890064,-0.122070656945711,0.205217189090854,-0.594836414466564,0.551952823943334,0.643466802305506,-0.0924953758884175,0.180265388912738,"CCDC150"
"ENSG00000196976",123.046640379684,0.0972062806866021,0.16347301430095,0.594631970923638,0.552089504449414,0.643542312136431,0.0818587705071405,0.151073427879053,"LAGE3"
"ENSG00000144035",800.5230100979,0.115470518685806,0.194213224512939,0.594555386098913,0.552140709428363,0.64354502304655,0.0916908989895589,0.174789374024804,"NAT8"
"ENSG00000135974",186.671734299371,0.0676230624783419,0.113770703463649,0.594380279101889,0.552257795561334,0.643624514150705,0.0622129880601764,0.109095581266755,"C2orf49"
"ENSG00000188486",57.4771431632386,-0.133527916613382,0.225050177125886,-0.59332509006954,0.552963610671283,0.644390060019305,-0.098392942779706,0.19366546332457,"H2AX"
"ENSG00000066629",129.314881726203,0.0932402842035017,0.157397110389885,0.59238879273284,0.55359026936271,0.644892009062948,0.0795536967072936,0.146068700417863,"EML1"
"ENSG00000084764",223.337493453385,-0.0869444297177649,0.146738346740151,-0.592513352162327,0.553506882359734,0.644892009062948,-0.0735260181606003,0.136567799973805,"MAPRE3"
"ENSG00000133195",838.468162906987,-0.0472164698103479,0.0797046376543135,-0.592393004973314,0.553587449354366,0.644892009062948,-0.0450589406095648,0.0779395383800689,"SLC39A11"
"ENSG00000135049",124.876942369325,-0.0706876088018717,0.119284706319283,-0.592595739915444,0.553451730801443,0.644892009062948,-0.0632057772621915,0.113556679969839,"AGTPBP1"
"ENSG00000075131",34.7113754987277,-0.083475866980603,0.140993104673829,-0.592056378740752,0.553812835878669,0.645094204828679,-0.0733385715524893,0.132081013404554,"TIPIN"
"ENSG00000125124",346.88061838149,-0.0554845296584797,0.0937570740807792,-0.591790328382852,0.553991000439716,0.645187572913694,-0.0496643160114696,0.09088047491259,"BBS2"
"ENSG00000172817",175.129736056342,0.13664386926053,0.230875931484251,0.591849780018541,0.553951185337403,0.645187572913694,0.100021158713411,0.200566606015091,"CYP7B1"
"ENSG00000116774",334.853910519541,0.0873242077869255,0.147595368622398,0.59164598863757,0.554087671426112,0.64524308172618,0.0768603392708118,0.138107343442394,"OLFML3"
"ENSG00000162191",615.088855727707,0.0721293611947464,0.121944333378086,0.591494161283497,0.554189366118906,0.645304430381314,0.0656514518608962,0.11635022573855,"UBXN1"
"ENSG00000167711",24822.0972069384,-0.0817440851186281,0.138233324461399,-0.59134861609622,0.55428686156022,0.645360878961961,-0.0630619260589853,0.129238271461948,"SERPINF2"
"ENSG00000110442",486.385573255497,-0.0375350432073236,0.0635061830542478,-0.591045491983996,0.554489940343648,0.645540238267262,-0.0365862567712931,0.0625985314228944,"COMMD9"
"ENSG00000138231",115.847019677554,-0.0567968142187002,0.0961759743457381,-0.590550962494274,0.554821329754856,0.645868932586422,-0.0522713963017514,0.0931430248863382,"DBR1"
"ENSG00000243147",467.700413464081,0.0679071237989515,0.115045485749256,0.590263262888527,0.555014164825235,0.646036291582446,0.062918732280768,0.110231579392437,"MRPL33"
"ENSG00000115977",177.176421108203,0.0669471109061568,0.11347893052779,0.589951902038433,0.555222896107631,0.646107888470308,0.0618060518540197,0.108776611970349,"AAK1"
"ENSG00000162613",582.572704972548,0.0693185161333582,0.1174979399056,0.589955161673896,0.555220710702052,0.646107888470308,0.0622806313423594,0.112415363881529,"FUBP1"
"ENSG00000173273",534.624712712104,-0.0782295996572042,0.132596116638105,-0.58998409335559,0.555201313791303,0.646107888470308,-0.0620460657893149,0.124601483741906,"TNKS"
"ENSG00000101323",9447.45432068331,0.0563812053579537,0.0956354537751748,0.589542927150194,0.555497124523182,0.646369875516766,0.05432966393981,0.0927595319242236,"HAO1"
"ENSG00000117450",6329.0372895372,0.0543302305322154,0.092294942708729,0.588658803372083,0.556090178717372,0.647002765375832,0.0530050999188498,0.089683584445881,"PRDX1"
"ENSG00000156966",20.3656212563563,0.175058552059324,0.29747783917832,0.588475943427795,0.556212876391772,0.647041642537235,0.107790666458702,0.240230760740436,"B3GNT7"
"ENSG00000213593",1122.82937039118,0.046647840979959,0.079270708451733,0.588462521542397,0.556221882898103,0.647041642537235,0.0447542852410194,0.0775970407661238,"TMX2"
"ENSG00000106268",36.0933915221921,0.10775942312567,0.183285219659516,0.587932967676566,0.556577286921288,0.647340685477533,0.0865959878057979,0.166345491510176,"NUDT1"
"ENSG00000144867",1016.11199843365,0.0590719386659789,0.100465563165421,0.587981959238256,0.556544402148062,0.647340685477533,0.0558052849788632,0.0972161812434968,"SRPRB"
"ENSG00000157570",106.351033060046,0.132290095339666,0.22513452934448,0.587604645652767,0.556797692076222,0.647539829862692,0.0979188820421707,0.196540552567659,"TSPAN18"
"ENSG00000181104",310.735852873711,-0.138564291319744,0.23636123678973,-0.58623949172771,0.557714586474815,0.648548864646477,-0.0990052569444598,0.200582674945074,"F2R"
"ENSG00000160185",12.6864990371754,0.187204504414252,0.319625370475605,0.585699765120931,0.55807729195815,0.648913329146075,0.109634471920161,0.250470100247421,"UBASH3A"
"ENSG00000164647",223.258025788129,-0.0992534551843343,0.169500415232082,-0.585564672797027,0.55816809424986,0.648961597394353,-0.0818836314545438,0.154498671174357,"STEAP1"
"ENSG00000126705",117.108804337308,0.156047456627602,0.266587447145694,0.585351854704246,0.558311154480252,0.649070610144548,0.104391130795573,0.223220173260757,"AHDC1"
"ENSG00000169231",260.852519854156,-0.159039693939198,0.271735114189605,-0.585274723929228,0.558363007604169,0.649073579208589,-0.104941290140239,0.221226726023662,"THBS3"
"ENSG00000119636",31.0372554309868,0.136679159698809,0.233639620525181,0.584999921638195,0.558547769454341,0.649231034928565,0.0990943752854072,0.201904861031308,"BBOF1"
"ENSG00000184575",846.544737864799,0.0675305892403819,0.115577420170532,0.584288774924564,0.55902604302068,0.649729597670399,0.0619807074348886,0.110724332118622,"XPOT"
"ENSG00000123374",262.523846683789,0.0459828473275418,0.0789300329771359,0.582577323144689,0.560177874780635,0.651010848209184,0.0441201876599328,0.077265099346173,"CDK2"
"ENSG00000104419",1194.00760083723,-0.120623159752273,0.207099284065687,-0.58244122038594,0.560269523252492,0.651040372308831,-0.0893894876816944,0.181310030823389,"NDRG1"
"ENSG00000117560",12.3249340105962,-0.153454511589124,0.263516685304752,-0.582333188548032,0.560342274583258,0.651040372308831,-0.103364458462641,0.217724903314804,"FASLG"
"ENSG00000133246",30.6392527146489,0.193959846965586,0.333081602714909,0.582319303692075,0.56035162532308,0.651040372308831,0.109152572697833,0.258158953452545,"PRAM1"
"ENSG00000065057",353.063354940764,-0.145064675992792,0.24935542833546,-0.581758644522609,0.560729263727168,0.651306703681685,-0.100738426010249,0.208457593585796,"NTHL1"
"ENSG00000135144",250.111370818438,-0.141118367139523,0.242526858428841,-0.581866965389847,0.560656293362709,0.651306703681685,-0.0996019577579474,0.204398425826572,"DTX1"
"ENSG00000256043",1641.91716242062,-0.0933214214323404,0.160402427096004,-0.581795569567569,0.560704388649829,0.651306703681685,-0.0757955725710209,0.147233849597869,"CTSO"
"ENSG00000134077",417.032628232103,-0.0488996167861623,0.0841788743628697,-0.580901290926876,0.561306982265413,0.651920230108189,-0.0464122715914156,0.082086653591848,"THUMPD3"
"ENSG00000103599",21.1890218277702,0.110078253967863,0.189546554496241,0.580745211963461,0.561412185376917,0.651984901885197,0.0880528349412382,0.170557343180361,"IQCH"
"ENSG00000111716",471.795684718842,-0.0796058002136353,0.137113046196734,-0.580585162548387,0.561520074625897,0.652052681471561,-0.0697357801823499,0.128715795800064,"LDHB"
"ENSG00000103363",1135.85673678941,0.111687477196416,0.192418530992323,0.580440338154708,0.56161770933444,0.652108542296255,0.0891728373654288,0.173343739587732,"ELOB"
"ENSG00000086102",762.93452932723,0.0400296946186171,0.0689769468624743,0.58033439343768,0.56168913814666,0.65213396762248,0.0401796510759132,0.0678452997864582,"NFX1"
"ENSG00000156042",98.3854178331052,-0.150406930741115,0.259340671168228,-0.579958901407907,0.561942333369396,0.652370404826865,-0.102140234010812,0.21430477043035,"CFAP70"
"ENSG00000185989",110.088044655566,0.0895023071512783,0.154906561289131,0.577782544563902,0.563410941592832,0.654017673868033,0.0770866394451731,0.14395060187678,"RASA3"
"ENSG00000109680",33.8467871844057,0.122677344125932,0.212535776372694,0.57720797043981,0.563798973419826,0.654376876935431,0.093274830871521,0.187367939617303,"TBC1D19"
"ENSG00000144407",12.5863553898535,-0.32935705792746,0.570634254655832,-0.577177158994962,0.563819785200936,0.654376876935431,-0.104366136435388,0.317690518766576,"PTH2R"
"ENSG00000129749",11.9509551771701,-0.222385429435894,0.385385802981426,-0.577046242273259,0.563908217837926,0.654421824244525,-0.111191596151994,0.272347474341063,"CHRNA10"
"ENSG00000235194",262.91805344239,0.0947290463755112,0.164368308247619,0.576321843215683,0.564397661232115,0.65493210010418,0.0798499396870634,0.151679708396526,"PPP1R3E"
"ENSG00000108733",195.524244118219,-0.065825812517873,0.114262341416413,-0.576093677950992,0.564551864424801,0.655053304575388,-0.0597733464618841,0.109250634430428,"PEX12"
"ENSG00000164241",61.3159764591093,-0.0820481908103957,0.142458646035019,-0.575943918421256,0.564653088911539,0.655067789833302,-0.0715497937549266,0.133128156574918,"C5orf63"
"ENSG00000172782",99.8541810486147,-0.138130541592027,0.239839953285096,-0.57592798739346,0.564663857422007,0.655067789833302,-0.0978589037643763,0.202879513963518,"FADS6"
"ENSG00000105246",28.5308464459875,0.176883845094671,0.307363290440047,0.575487869229372,0.564961392485405,0.65535521528307,0.106749385377254,0.245102804475628,"EBI3"
"ENSG00000135720",1130.0066174649,-0.0519928956136565,0.0903616464541758,-0.575386766995476,0.565029751730508,0.655376769560732,-0.0445801295474459,0.0876688564412435,"DYNC1LI2"
"ENSG00000167695",22.0404615676459,0.11353772429246,0.197352785148502,0.575303379716816,0.565086136181796,0.655384431727407,0.0893390843398624,0.176208692896134,"TLCD3A"
"ENSG00000131381",394.961988804301,0.0378660293843017,0.0658653178821801,0.574900882616804,0.565358332973633,0.655642368707025,0.0368209613992871,0.0648382313054443,"RBSN"
"ENSG00000172071",310.246559291519,0.0829561716133452,0.144324778205605,0.574788145492011,0.565434585025028,0.655673044428353,0.0727861561515631,0.135368789127007,"EIF2AK3"
"ENSG00000137752",291.286692278443,0.0924810081758081,0.161046778955309,0.574249350255381,0.565799078389647,0.655922397294892,0.0784890130051849,0.149019712846614,"CASP1"
"ENSG00000144895",1027.62913495779,-0.0646222456961432,0.112520205840963,-0.574316810151243,0.565753435793566,0.655922397294892,-0.0627764912023838,0.107804304943345,"EIF2A"
"ENSG00000196932",57.2414799712133,-0.126954880869668,0.221036720135787,-0.574361041874296,0.565723510074081,0.655922397294892,-0.0942340902765008,0.190974080513311,"TMEM26"
"ENSG00000138639",161.889077425229,-0.0816454989594293,0.14234235566424,-0.573585413691032,0.566248384611412,0.656385475593754,-0.070787617085772,0.133074828291266,"ARHGAP24"
"ENSG00000102125",223.631164058103,0.142055604163932,0.247814474724899,0.573233683470786,0.566486480586887,0.656545862975965,0.0997839579694657,0.211371923764182,"TAFAZZIN"
"ENSG00000171453",201.524827413088,-0.0564331890776534,0.0984362006048694,-0.573297107475537,0.566443543564176,0.656545862975965,-0.0525435141031383,0.09514796790134,"POLR1C"
"ENSG00000197050",106.585009826716,0.0701743641045063,0.122461270711136,0.573033120569483,0.566622268691683,0.656645435225305,0.063956095469349,0.116599225329647,"ZNF420"
"ENSG00000117318",251.351584961201,-0.102648232773037,0.179154799100268,-0.57295832033831,0.566672915062446,0.656646329846168,-0.0830435346019016,0.161679854586357,"ID3"
"ENSG00000180921",411.239099299272,0.0989315830861754,0.172787758635324,0.57256129639933,0.566941771708289,0.65690005863868,0.0826622556413894,0.158324637963935,"SACK1H"
"ENSG00000129467",67.9417990282993,0.169632677914873,0.296421806625476,0.57226787680031,0.567140508854562,0.657046827846205,0.105278758749822,0.239612870532541,"ADCY4"
"ENSG00000171421",366.05160892147,-0.0639844763091662,0.111816613237646,-0.572226920995888,0.567168251440994,0.657046827846205,-0.0584807715176954,0.107092991448041,"MRPL36"
"ENSG00000005243",379.085147579181,-0.0700606534878839,0.122465128155209,-0.572086556746922,0.5672633361152,0.657099162703918,-0.0629662521184532,0.11634684741129,"COPZ2"
"ENSG00000177599",31.1852332900919,0.0922602704812127,0.16143778774573,0.571491171735616,0.567666742986519,0.65750860721039,0.078038452215876,0.14910543149124,"ZNF491"
"ENSG00000149564",180.101796135647,0.10061385217806,0.176102151032453,0.57133800801512,0.567770542236783,0.65757098514158,0.0828573540295573,0.160795878200163,"ESAM"
"ENSG00000084072",460.031484950139,-0.0381085195458608,0.0667246943545049,-0.571130672302403,0.567911068386521,0.657675884103873,-0.0366392068744589,0.0656933698611037,"PPIE"
"ENSG00000197808",43.2797758889645,-0.0688957025201791,0.120709567850092,-0.570755937141123,0.56816509525801,0.657912193858132,-0.0622790467626325,0.114845095345424,"ZNF461"
"ENSG00000169738",18858.5515379228,-0.10774753918368,0.188810915588439,-0.570663718503133,0.56822761710521,0.657926726480274,-0.0782151761665666,0.168051940958229,"DCXR"
"ENSG00000149636",152.842505237282,-0.0683792403857624,0.119862077050825,-0.570482692009147,0.568350357946518,0.658010975441774,-0.061952241832928,0.11404613571004,"DSN1"
"ENSG00000099999",122.818499511735,0.0717210971191632,0.126129912820252,0.568628769460681,0.56960809658394,0.659409144431914,0.0646176980936774,0.119782439493828,"RNF215"
"ENSG00000113946",39.1955833537683,0.119866315910485,0.210854278765962,0.568479409628345,0.569709483104303,0.659468529501605,0.0913197638522837,0.186041174569521,"CLDN16"
"ENSG00000095564",737.378087704602,0.0885038179909573,0.155763339678964,0.568194147437823,0.569903145036664,0.659575092357023,0.0832350145925847,0.144665245482013,"BTAF1"
"ENSG00000146700",42.2766843237157,0.162199330974444,0.28550065961333,0.56812243864557,0.569951832427909,0.659575092357023,0.103498743176106,0.233676426683286,"SSC4D"
"ENSG00000152894",1170.53547364985,0.0916463958817805,0.161303436156657,0.568161460570339,0.569925337861479,0.659575092357023,0.0778900776508389,0.149259069939368,"PTPRK"
"ENSG00000134531",168.611957926741,-0.251596400649835,0.44326321886096,-0.567600445839732,0.570306304349347,0.659927298564204,-0.108635662257116,0.289411004696899,"EMP1"
"ENSG00000156587",1290.67157032718,0.0770853701255199,0.13603384764817,0.566663161104499,0.57094305395656,0.66054800073744,0.0681324355607723,0.128402547699919,"UBE2L6"
"ENSG00000215021",3006.85656902828,0.0531160707984389,0.0937323962428622,0.566677828878015,0.570933086716395,0.66054800073744,0.0504395530415573,0.0909949060224772,"PHB2"
"ENSG00000120262",25.0783162193906,-0.14912414135916,0.26337114276097,-0.566212910783858,0.571249054327304,0.660670739409629,-0.100569574918273,0.21673537922047,"CCDC170"
"ENSG00000122484",180.265546392467,0.0538393350477316,0.0950513770739903,0.566423514367622,0.571105913621433,0.660670739409629,0.0525187901742316,0.0922113815723421,"RPAP2"
"ENSG00000159692",889.844019426209,0.0911613874819566,0.161029319629002,0.566116702796639,0.571314449584397,0.660670739409629,0.0774172143650255,0.149033380446331,"CTBP1"
"ENSG00000171148",889.03394866982,0.0599793115291898,0.105938205043564,0.566172623979468,0.571276437960416,0.660670739409629,0.0556843541243861,0.102138786687326,"TADA3"
"ENSG00000173698",10.1013644642874,0.303501856121463,0.536161662904467,0.566064075669545,0.571350223220267,0.660670739409629,0.0982378983577681,0.321447561668295,"ADGRG2"
"ENSG00000197380",23.0994771455919,-0.166489328007624,0.294013196276486,-0.566264814355678,0.571213775498566,0.660670739409629,-0.103787536692056,0.23346116617715,"DACT3"
"ENSG00000152137",43.330214167192,0.159800191511761,0.282359715585237,0.565945433046457,0.571430875233207,0.660705972013735,0.102776886033963,0.231734128076161,"HSPB8"
"ENSG00000118193",9.74031815681367,-0.159616036959228,0.282169031326224,-0.565675248658636,0.571614563959136,0.660860322188794,-0.102715584969604,0.22784093307281,"KIF14"
"ENSG00000059145",103.255972188037,0.107342633328567,0.1900021228932,0.564954915734832,0.572104429800693,0.661368594499598,0.0858508910315075,0.171233954763151,"UNKL"
"ENSG00000103502",883.268266247655,0.0599216088756695,0.106125766651008,0.564628278000762,0.572326627068333,0.661521027786498,0.0538806543068705,0.102327526716318,"CDIPT"
"ENSG00000136816",381.684570929139,0.0424556390713494,0.0751972982286253,0.564589952983016,0.572352700577084,0.661521027786498,0.0409872212633543,0.0737452565956256,"TOR1B"
"ENSG00000183426",11.945175025901,-0.195738896542608,0.346723117160518,-0.564539503871584,0.572387023282985,0.661521027786498,-0.107270978814583,0.25767188235656,"NPIPA1"
"ENSG00000132846",420.061049235396,-0.0882351471086353,0.156652697187075,-0.563253290195604,0.573262419911645,0.662474591464646,-0.0741115925842425,0.144470423910291,"ZBED3"
"ENSG00000114013",88.1246751441988,0.164460614673834,0.29207405308891,0.563078482783853,0.573381442774832,0.662553982409464,0.103035330609919,0.237177663776938,"CD86"
"ENSG00000179299",9.9498772711093,-0.231035551031923,0.410553954215875,-0.562741020174028,0.573611247440512,0.662761358824202,-0.107469815131841,0.280967643059597,"NSUN7"
"ENSG00000148468",338.009051207589,-0.101735910412115,0.180814769741289,-0.562652655851506,0.573671428825088,0.66277273007293,-0.0817062114983972,0.162874580319515,"FAM171A1"
"ENSG00000120334",18.2898330967009,-0.114333472439316,0.203274729556776,-0.562457875057125,0.573804096753578,0.662867836962148,-0.0883843958902776,0.179447496152319,"CENPL"
"ENSG00000124444",103.635564096824,-0.0576238915392067,0.10247149174887,-0.562340711116288,0.57388390575695,0.662901869029303,-0.0533966121080904,0.0989317051014891,"ZNF576"
"ENSG00000175463",54.8907337399251,0.162847970824428,0.289738299372884,0.562051931611732,0.574080637232373,0.66307094217049,0.103528186247611,0.235779981095653,"TBC1D10C"
"ENSG00000160691",879.089380087302,-0.0445140597237833,0.079209620390304,-0.561977945411695,0.574131045582651,0.663070995275542,-0.0427101938888067,0.0774448965255796,"SHC1"
"ENSG00000152749",333.89071571305,-0.137309701056739,0.244503661625726,-0.561585459063291,0.574398489812474,0.663321683788355,-0.0963693791011161,0.205358868612263,"GPR180"
"ENSG00000142961",202.0651078581,0.0595877924296834,0.106339693758518,0.560353244621887,0.575238516351716,0.664175243908331,0.0553493077354684,0.102341637490394,"MOB3C"
"ENSG00000148384",125.319697219908,0.139115441049422,0.248239324117611,0.560408555509567,0.575200797310321,0.664175243908331,0.0974260035679814,0.211422171288407,"INPP5E"
"ENSG00000089280",1586.99147729216,-0.0720212155214913,0.128659588903293,-0.559781172436561,0.575628707280574,0.664567481590322,-0.0611473373100675,0.121427482091991,"FUS"
"ENSG00000177409",191.69963151767,0.134358417958552,0.240225886437789,0.559300331662412,0.575956769045568,0.664829635389615,0.0959932406906101,0.206295734241641,"SAMD9L"
"ENSG00000243716",26.0070252797166,0.227866134586044,0.407365654045143,0.559365111720471,0.575912566609136,0.664829635389615,0.104708305062325,0.287762196052142,"NPIPB5"
"ENSG00000109861",761.703444000068,0.0936351584794573,0.167461708097546,0.559143696449788,0.576063655129538,0.664836437888806,0.0785734496249292,0.154099159778759,"CTSC"
"ENSG00000196757",190.603998004952,-0.0953305792464699,0.17047225597953,-0.55921462820271,0.576015250949823,0.664836437888806,-0.077672966704963,0.155123085598709,"ZNF700"
"ENSG00000170909",17.6153554812342,0.163613570215653,0.29274336368026,0.558897623361174,0.576231591506062,0.664971963692595,0.102505757800884,0.236482333411981,"OSCAR"
"ENSG00000106538",9010.34079898238,0.0925404042805844,0.165808710720648,0.558115456530479,0.576765546689084,0.66547149134243,0.0813887027713714,0.152792990215175,"RARRES2"
"ENSG00000198719",43.0439740198394,-0.125828173321569,0.225427307848672,-0.55817626765093,0.576724024916926,0.66547149134243,-0.0932882356289246,0.193734304137416,"DLL1"
"ENSG00000132003",16.959710520832,-0.138325307691468,0.247991752695302,-0.557781886647752,0.576993332934912,0.665675974537421,-0.0966419679350714,0.207960607382908,"ZSWIM4"
"ENSG00000179314",46.0286106474615,0.087187580422337,0.156385665585256,0.557516445615698,0.577174626035826,0.665826787556969,0.0750106523980783,0.144903878308733,"WSCD1"
"ENSG00000172159",15.4767213746473,-0.151716707162051,0.272193464665976,-0.557385561582937,0.577264028167059,0.665871578311503,-0.0998982829825449,0.222150976648819,"FRMD3"
"ENSG00000078668",1332.14134860275,-0.0392752759180489,0.070490023322664,-0.55717495989849,0.577407896222744,0.665979181924542,-0.0378015380250374,0.0692418585821124,"VDAC3"
"ENSG00000010379",697.094467477057,-0.149196787170577,0.267905045753343,-0.556901743866148,0.57759456309417,0.666136126287478,-0.0991551588535387,0.218791120648635,"SLC6A13"
"ENSG00000140374",4765.90814365386,-0.0713556713535843,0.128197010795403,-0.556609478730084,0.577794276152906,0.666308087924074,-0.0613347581726292,0.121017682514815,"ETFA"
"ENSG00000154760",57.354767400348,-0.15150534981336,0.272478962887176,-0.556025860521545,0.578193176240828,0.666709700331646,-0.0995625981821269,0.221451652816347,"SLFN13"
"ENSG00000067798",17.8138193495169,0.198082576539456,0.35631808884795,0.555915017337172,0.578268951627934,0.666738682645887,0.104517249443785,0.267608504874358,"NAV3"
"ENSG00000120253",278.576667804953,-0.0572973908134812,0.103148515435542,-0.555484396179089,0.578563380154651,0.667019742829784,-0.0526124297370113,0.0993807139701956,"NUP43"
"ENSG00000163728",466.440423382181,-0.0864946779433486,0.155735529459688,-0.555394637584851,0.578624759654392,0.667032097505449,-0.0730475117711909,0.143714842435933,"TTC14"
"ENSG00000147041",118.880065393097,0.0971083592228855,0.174908669036078,0.555194661065399,0.578761520333348,0.66713134098309,0.0801703069091985,0.159987284353209,"SYTL5"
"ENSG00000130299",112.750683271769,0.0912117060919146,0.164603551135175,0.55412963731876,0.579490128388353,0.667912722608864,0.0767824114433397,0.151682459452967,"GTPBP3"
"ENSG00000151093",349.015118549732,-0.050910966833314,0.0918975225487248,-0.553997163594052,0.579580786901282,0.66795873952576,-0.0481638453572619,0.0892030239138272,"OXSM"
"ENSG00000166619",1537.6668628123,-0.0522792302342939,0.0943814813179599,-0.553914067720249,0.579637657033278,0.66796581115975,-0.0482604525326792,0.0914378532345556,"BLCAP"
"ENSG00000197563",383.640787311267,0.0943276742338097,0.170325547665899,0.553808136985049,0.579710158951932,0.667990893817708,0.0792522864657773,0.15630232657165,"PIGN"
"ENSG00000189108",26.6208317191409,0.167980638003426,0.30357020842379,0.553350208097236,0.580023627050655,0.668293609324312,0.102131283429276,0.242639018147348,"IL1RAPL2"
"ENSG00000180817",1408.17640934366,0.0618583365227321,0.111812778627396,0.553231368382933,0.580104989914054,0.668328867449111,0.0686281752638385,0.107095899931095,"PPA1"
"ENSG00000177885",1184.4035093032,0.0317220421821153,0.0574362867261975,0.55229966960323,0.580743056935711,0.669005432462645,0.0312877249772998,0.056784016971698,"GRB2"
"ENSG00000044524",110.348458108993,0.185305743523406,0.335741060511936,0.551930536112721,0.580995946134039,0.669238200070057,0.103594489267909,0.259072932707131,"EPHA3"
"ENSG00000162849",17.3871455291095,0.123877649604565,0.224482417806238,0.551836757707633,0.581060200872652,0.669253661507247,0.0920863575563013,0.195203941793705,"KIF26B"
"ENSG00000140092",414.269329075289,0.150786735917013,0.273282978402855,0.551760438203121,0.581112495641064,0.669255346187041,0.0996130899362798,0.226560864330288,"FBLN5"
"ENSG00000143257",2392.6827285891,-0.091961885447086,0.167008340581197,-0.550642471669703,0.581878788031818,0.670020650973143,-0.0758794655195524,0.152442890733776,"NR1I3"
"ENSG00000145907",1628.22960214175,-0.0761557699348887,0.138295544844017,-0.55067406560916,0.581857125985844,0.670020650973143,-0.0628641109117645,0.12942898199522,"G3BP1"
"ENSG00000164403",518.234712556531,0.144792805877092,0.263019430760778,0.550502316343253,0.581974888573106,0.670072705111807,0.0980031408817809,0.220458989256181,"SHROOM1"
"ENSG00000174125",126.996055082102,0.155031058031712,0.281681751412376,0.550376647597414,0.582061062381023,0.670113321730373,0.1000071751662,0.231259901439135,"TLR1"
"ENSG00000133794",268.937080568218,-0.214745224581245,0.390461920405649,-0.549977381553999,0.582334887387321,0.67036995080366,-0.104768541926405,0.272603664465673,"BMAL1"
"ENSG00000101204",743.246033782262,-0.264947107683383,0.48182832220048,-0.549878650705682,0.582402608343684,0.670389293709822,-0.102639072204809,0.298382002601075,"CHRNA4"
"ENSG00000171224",25.8231337368472,0.145133802783823,0.26418245172591,0.549369580892527,0.582751845237265,0.670732650965454,0.0977282214868058,0.220233820868868,"FAM241B"
"ENSG00000115993",474.851343992552,0.0655672982359438,0.119369941409864,0.549278130336131,0.582814593366019,0.670746235686802,0.054472454245314,0.114082922895563,"TRAK2"
"ENSG00000160408",620.634815424032,0.068162287118825,0.124265089561348,0.548523220475163,0.58333268960146,0.671283820583238,0.0587412275745637,0.118372060391369,"ST6GALNAC6"
"ENSG00000088179",290.023487312649,-0.0785359516403691,0.14354456070443,-0.547118966089428,0.584297003024422,0.672276006451065,-0.0643494296721185,0.133775763935885,"PTPN4"
"ENSG00000266714",340.486396207141,0.20699947033208,0.378301846390508,0.547180703205984,0.58425459203592,0.672276006451065,0.103350930276654,0.277295079803451,"MYO15B"
"ENSG00000103995",29.3514505634762,-0.0962509941523644,0.176142967148406,-0.546436770712906,0.58476573996075,0.672756530262429,-0.0787551911888853,0.159553859608975,"CEP152"
"ENSG00000181631",115.431963628439,-0.156226529571302,0.28595112899313,-0.546339964179875,0.584832269962831,0.672774282772446,-0.0990375247266582,0.228379415806215,"P2RY13"
"ENSG00000196150",80.8736958760682,-0.0523491028771196,0.0958357988752872,-0.5462374550166,0.584902722916437,0.672796544637237,-0.049975363766177,0.0926956090240689,"ZNF250"
"ENSG00000149212",605.020729554006,-0.14682648377992,0.26896728510602,-0.545889749089911,0.585141725174382,0.67301266302489,-0.0973203025860122,0.219300294327487,"SESN3"
"ENSG00000130707",29085.5222284975,0.110234264244637,0.202008376712175,0.545691550215767,0.585277981229128,0.673051786257551,0.0885557761265786,0.180045086197655,"ASS1"
"ENSG00000175110",686.577354932381,0.0463244809058313,0.0848849583600404,0.545732504330692,0.585249825238841,0.673051786257551,0.0451476799513981,0.0828268673977431,"MRPS22"
"ENSG00000110200",257.568307375496,-0.0630183457071455,0.115546638203684,-0.545393156277362,0.585483146318617,0.673228917417546,-0.0533380007299773,0.110267947362601,"ANAPC15"
"ENSG00000187134",7343.86643656708,0.0640699883081179,0.11767166309467,0.544481029868439,0.586110499074834,0.673891435754018,0.0593744307090387,0.112531363663982,"AKR1C1"
"ENSG00000185963",248.192442518881,-0.0427016246139256,0.0784691110443501,-0.544183871151427,0.586314949624068,0.674067641176255,-0.0385437037034473,0.0766874276722967,"BICD2"
"ENSG00000122224",21.74689004927,-0.135012485087912,0.248371051696024,-0.543591872587273,0.586722353834227,0.674477124821569,-0.0941361945044504,0.208065873464991,"LY9"
"ENSG00000112936",2459.99687308693,-0.169837872836069,0.312677937707758,-0.543171910628395,0.587011444636994,0.67469163510176,-0.10069376240867,0.241304068689664,"C7"
"ENSG00000114670",20.6406702988154,-0.111653837389492,0.205554402422656,-0.543183877715801,0.58700320589468,0.67469163510176,-0.0858176187490495,0.180914913934532,"NEK11"
"ENSG00000115109",1356.56304891684,-0.0609734119819491,0.112338649451718,-0.542764331595022,0.587292074422956,0.674820498105047,-0.0441659485611999,0.107143878610876,"EPB41L5"
"ENSG00000144381",8267.53986112337,-0.0530294836027373,0.097712138720595,-0.542711318133907,0.587328580266271,0.674820498105047,-0.0482555197639916,0.0944386294833303,"HSPD1"
"ENSG00000196715",808.392614039272,-0.0636708652393973,0.117297934637401,-0.542813182825604,0.587258435682283,0.674820498105047,-0.057870485657746,0.111854761193578,"VKORC1L1"
"ENSG00000204822",17.5875388112536,-0.121602852291596,0.224033810870814,-0.542787947135876,0.587275812754911,0.674820498105047,-0.0897359064797413,0.193123243035486,"MRPL53"
"ENSG00000197054",17.2449937830106,-0.164061536764708,0.302344663449874,-0.54263083360791,0.587384005093661,0.674825288923485,-0.10061149700256,0.237100369568583,"ZNF763"
"ENSG00000185010",600.613238475684,0.125357493707124,0.231213688377954,0.542171592809021,0.587700302772536,0.675129760605812,0.0914941722154559,0.200383374075642,"F8"
"ENSG00000106992",52.5473079537347,0.112398393827535,0.207437995909628,0.54184091653345,0.587928101651866,0.675332523673746,0.0865173843536637,0.183563195136648,"AK1"
"ENSG00000175832",12.4774152183671,-0.235377061990733,0.434536728905084,-0.541673571722742,0.588043399020985,0.675406036073479,-0.102570395825447,0.287581372463688,"ETV4"
"ENSG00000188312",28.0365975158776,0.0971257985999026,0.179692466052128,0.540511245316911,0.588844507933302,0.676267166037147,0.0793375479217222,0.163060491024623,"CENPP"
"ENSG00000087086",115141.418393652,0.061307297824697,0.113501459337233,0.540145458769318,0.589096722767093,0.676497815259621,0.0565265842331239,0.108857061310105,"FTL"
"ENSG00000143772",105.40786353225,-0.0836199161099911,0.15502138176999,-0.539408919951834,0.589604727550717,0.676953048928423,-0.068381984261806,0.143094745983549,"ITPKB"
"ENSG00000169902",364.757975666479,-0.0699342808383146,0.129637084810403,-0.539461998398029,0.589568111588331,0.676953048928423,-0.0604851185066996,0.122317306641431,"TPST1"
"ENSG00000196839",51.410323500586,0.0918621095174168,0.170320956061337,0.539347075320166,0.58964739215488,0.676953048928423,0.0761624027478581,0.15586120284398,"ADA"
"ENSG00000169045",4473.79359776242,0.0863087802803766,0.160278020485931,0.538494174177506,0.590235926068945,0.677569640127625,0.0759431924277185,0.14830255677019,"HNRNPH1"
"ENSG00000114735",484.303277269682,0.0927633640892727,0.17248053745375,0.537819312594309,0.590701797595284,0.677909712048926,0.077359024539362,0.157915754900404,"HEMK1"
"ENSG00000122299",595.432296261676,0.0369456086629532,0.0687036241922713,0.537753416902122,0.590747295880178,0.677909712048926,0.0423313447219822,0.0674399506620327,"ZC3H7A"
"ENSG00000136827",602.702283998298,-0.0322276837643092,0.0599160760585654,-0.537880413477144,0.590659611371178,0.677909712048926,-0.026084790589831,0.059041686582778,"TOR1A"
"ENSG00000143184",16.7500929522373,0.138344399817125,0.257292959467586,0.537692131581835,0.590789612338552,0.677909712048926,0.0946178611032581,0.215833447956178,"XCL1"
"ENSG00000159164",11.0158783476924,0.155219595752575,0.28864351124105,0.537755361571074,0.590745953142579,0.677909712048926,0.0978489758142998,0.233923620393477,"SV2A"
"ENSG00000181264",23.0868164083143,0.142252542826013,0.265026172833642,0.536749036161441,0.591440979258637,0.678597989796882,0.0954021022712932,0.220591654067769,"TLCD5"
"ENSG00000106479",292.688995867369,0.121647362390264,0.226777431490325,0.536417409752055,0.591670101789312,0.678801721868079,0.0897235987627662,0.197192046116796,"ZNF862"
"ENSG00000133561",311.407024459126,0.127620097725632,0.238060564812681,0.536082478952574,0.591901548714961,0.679008084898596,0.0916891915548318,0.204649192018405,"GIMAP6"
"ENSG00000140832",121.155885947891,-0.0634557265219152,0.118580664441947,-0.53512709530297,0.592561974901222,0.679706478615568,-0.0561591574049342,0.113017480562168,"MARVELD3"
"ENSG00000124491",48.9979793404724,0.184774856276487,0.345375355542694,0.5349972234879,0.592651777221721,0.679742338191815,0.100556868784759,0.262691458788966,"F13A1"
"ENSG00000151304",74.1964834131344,0.108347843487344,0.202544866642697,0.534932557330504,0.592696494185177,0.679742338191815,0.0843545945196909,0.180280951906556,"SRFBP1"
"ENSG00000198799",174.163555953549,-0.0609263334083325,0.113943240380302,-0.534707747515183,0.592851963305328,0.679861418768221,-0.0517505898891512,0.108823906320566,"LRIG2"
"ENSG00000077312",300.537958434723,-0.0917838983593677,0.171734581354986,-0.534452045914065,0.593028818618115,0.68000500138705,-0.0754216370006955,0.15606129272849,"SNRPA"
"ENSG00000081665",72.9029675597016,-0.0884222565714127,0.165506478762956,-0.534252539431123,0.593166823518089,0.680104014494397,-0.0733758690541112,0.151411111732717,"ZNF506"
"ENSG00000081803",322.872640938669,0.0801291654524551,0.150041436673873,0.534046908832405,0.593309080055786,0.680207884710421,0.0695618275455404,0.139975846506116,"CADPS2"
"ENSG00000164099",37.6960913992389,-0.147919124627853,0.2771596626179,-0.533696437752483,0.593551574149454,0.680426645646644,-0.0968477011960933,0.224325853614302,"PRSS12"
"ENSG00000058063",591.861604877124,0.0845048421171078,0.158385707878636,0.533538304995675,0.593661002479002,0.680433599602902,0.0720344058636561,0.146818697403737,"ATP11B"
"ENSG00000120054",912.125471367248,0.0715324060797707,0.134068310876102,0.533551930447431,0.593651573263066,0.680433599602902,0.0626006591062367,0.126719867284745,"CPN1"
"ENSG00000151413",256.89485359071,-0.0706932958883037,0.132652320183266,-0.532921669147116,0.594087804467842,0.680744998574727,-0.0614062098408944,0.124925283230447,"NUBPL"
"ENSG00000154743",100.419913428021,0.0600154451915657,0.11258956965209,0.533046226013809,0.594001581630676,0.680744998574727,0.0523020596117968,0.1079673910593,"TSEN2"
"ENSG00000244067",11829.145882449,-0.176390318846603,0.330975710912705,-0.53294037305694,0.594074856569378,0.680744998574727,-0.0967152476954936,0.248909763728837,"GSTA2"
"ENSG00000067840",34.2555735956078,0.167537912095199,0.314706223760328,0.5323628814624,0.59447468824467,0.680951256780001,0.09879563612436,0.248034033002312,"PDZD4"
"ENSG00000138078",657.168015838301,0.0879367762631769,0.165117629110669,0.532570487699032,0.59433093597718,0.680951256780001,0.0740282181450797,0.152149513201123,"PREPL"
"ENSG00000146112",269.184605855436,0.0784655551800375,0.147350200900312,0.532510676609953,0.594372349190462,0.680951256780001,0.0682688392867886,0.13775549331517,"PPP1R18"
"ENSG00000182504",52.4323917771183,-0.0953764741507267,0.179131933874528,-0.532437026094591,0.59442334663816,0.680951256780001,-0.0774444158010671,0.161742956446612,"CEP97"
"ENSG00000165244",76.6679803702002,0.137505608243814,0.258524222758097,0.531886748471066,0.59480443582049,0.68126970004459,0.0941809683892102,0.217196731888697,"ZNF367"
"ENSG00000102904",28.5711592918809,-0.15187953188699,0.28571487795725,-0.531577259724342,0.595018818130032,0.681455963770008,-0.0965535143360941,0.228468186104975,"TSNAXIP1"
"ENSG00000070018",1202.10028136178,-0.0870549458988018,0.163837220348714,-0.531350237226393,0.59517609864181,0.681576803924335,-0.0698763679481605,0.149939167539384,"LRP6"
"ENSG00000170085",122.798444655666,0.0718715514498539,0.135489467966262,0.530458584926693,0.595794016253876,0.682106436347698,-0.550971790397381,0.131419118898517,"SIMC1"
"ENSG00000171056",48.6511083880664,-0.128140421313602,0.241552833146045,-0.530486103783876,0.595774941232864,0.682106436347698,-0.0904002173076382,0.203573823697438,"SOX7"
"ENSG00000171617",566.94883140312,-0.0798129762274335,0.150423532378706,-0.530588365831594,0.595704059526333,0.682106436347698,-0.0672301832798223,0.139463428926546,"ENC1"
"ENSG00000198920",112.475750074048,0.0619558881370441,0.116889384455504,0.530038620920522,0.596085153810784,0.682380413448638,0.0544408399647287,0.111779536209984,"KIAA0753"
"ENSG00000112337",1689.17912643835,0.0546168517118803,0.10308823523896,0.529806835719686,0.596245865286513,0.682505048023147,0.0471861199778719,0.0995976946045856,"SLC17A2"
"ENSG00000143106",1689.60237223189,-0.0419441823814852,0.0793110562345311,-0.528856686228612,0.596904870796059,0.683140605780678,-0.0304271582542203,0.0774987455631719,"PSMA5"
"ENSG00000223865",1614.45793651288,0.103054828526812,0.194852919840565,0.528885215634103,0.596885078520606,0.683140605780678,0.0828061483115785,0.174777964241634,"HLA-DPB1"
"ENSG00000135336",311.022409318329,0.0567393082378368,0.107392755562546,0.52833459706499,0.597267122885023,0.683495779218097,0.0528308204521509,0.103382787470297,"ORC3"
"ENSG00000162804",432.028984281276,-0.109580009068043,0.207997465336064,-0.526833386603982,0.598309295828364,0.684628905690617,-0.0828208809469555,0.181906004824094,"SNED1"
"ENSG00000181656",105.869890643916,-0.229451490911972,0.435983608118198,-0.526284673642515,0.598690430163297,0.685005492615797,-0.0997643981901532,0.286308726416903,"GPR88"
"ENSG00000125378",59.644076462473,-0.0830277188366642,0.157807152482501,-0.526134066362239,0.598795060773789,0.685065673457395,-0.0709663816607556,0.14570622245992,"BMP4"
"ENSG00000130935",555.510751969903,0.0685537890032769,0.130570178476202,0.52503404531818,0.599559523983253,0.685839776656139,0.0621687842715129,0.123695915184403,"NOL11"
"ENSG00000197714",12.1823589041593,-0.134151104753526,0.255520784207364,-0.525010539434859,0.599575864295318,0.685839776656139,-0.0918619057304648,0.21262225420008,"ZNF460"
"ENSG00000157379",2567.45872028666,0.0822002990841052,0.156622079648487,0.524832126278686,0.599699896271692,0.68592206014361,0.0728750887904281,0.145278574200454,"DHRS1"
"ENSG00000179029",37.2732662820415,0.072692803947834,0.138539761981306,0.524707151999026,0.599786784713104,0.685961849160243,0.0641224826494826,0.130144703588117,"TMEM107"
"ENSG00000163629",55.1618956566895,-0.130837590698252,0.24949181280452,-0.524416369529386,0.599988973446513,0.686133486006843,-0.0904920777050596,0.208304772001642,"PTPN13"
"ENSG00000127452",162.454271062237,-0.087137495827864,0.166230088852907,-0.524198094515668,0.600140766090876,0.686247466245655,-0.0725338093584458,0.151894526727246,"FBXL12"
"ENSG00000172497",2156.05794123563,0.0756765479471459,0.144404014399941,0.524061247615681,0.600235940916808,0.68629669110818,0.0693823898151227,0.135244274572727,"ACOT12"
"ENSG00000198829",100.839679898393,-0.152904267191731,0.291899189715308,-0.523825596572775,0.600399848437395,0.686424488062413,-0.095621471095269,0.231188899394986,"SUCNR1"
"ENSG00000126368",195.14842473124,-0.200388903997803,0.382714644306604,-0.523598735974328,0.60055766086399,0.686545295036493,-0.0993612253073947,0.269373633138043,"NR1D1"
"ENSG00000106052",1245.31953480471,-0.0588531496163782,0.112574830715905,-0.522791366792288,0.601119448066541,0.687127856680333,-0.0459735539923923,0.107410507905096,"TAX1BP1"
"ENSG00000171206",633.344139691084,-0.0597651788291423,0.114412920810108,-0.522363893920117,0.601416990182554,0.687408290020272,-0.0520412555008513,0.109265736229054,"TRIM8"
"ENSG00000164483",12.7557356212248,-0.143377926396196,0.274569515372168,-0.522191716009888,0.601536853239344,0.687485608485174,-0.0937372561129029,0.223128664603673,"SAMD3"
"ENSG00000129003",656.867833136915,-0.0936829107656857,0.17960328497084,-0.521610229906964,0.601941739179145,0.687828930570441,-0.0747824484460842,0.161824812368946,"VPS13C"
"ENSG00000135407",91.0120546697331,-0.160232080446799,0.307172273060596,-0.52163588480914,0.601923873205115,0.687828930570441,-0.096494611014083,0.238650353056031,"AVIL"
"ENSG00000145147",34.8730522264068,-0.128867030658248,0.247410230316401,-0.520863791660703,0.602461660507724,0.688363292740145,-0.0899069388067633,0.207102792499054,"SLIT2"
"ENSG00000182197",743.405474867244,-0.0578260942079687,0.111181515595185,-0.520105288171419,0.602990192824077,0.688907400097345,-0.0517640536209676,0.106452608018501,"EXT1"
"ENSG00000118260",287.853430450134,-0.073097932130408,0.140565833039935,-0.520026314713625,0.603045234258072,0.688910503621846,-0.0643519209422174,0.13152153108819,"CREB1"
"ENSG00000106477",60.3969146766108,0.0586527691053145,0.113004562902894,0.519030095764501,0.603739754217466,0.689633614669369,0.0539139225033093,0.108229134058962,"CEP41"
"ENSG00000111554",103.349790931307,-0.0634608349407872,0.12230042514034,-0.518893003584947,0.60383535697315,0.689633614669369,-0.0585969150991124,0.116213595297379,"SAXO6"
"ENSG00000115956",255.425197368399,-0.130572712424721,0.251619718907803,-0.518928774706105,0.60381041092826,0.689633614669369,-0.0899143175724578,0.209283859223509,"PLEK"
"ENSG00000145386",22.1285746369183,-0.13928537068453,0.268491050665651,-0.518770999402808,0.603920443665606,0.689670965504499,-0.0925458965001219,0.219305322911715,"CCNA2"
"ENSG00000121281",142.734136836233,0.0973844099687615,0.187783821893635,0.518598508576113,0.604040749337035,0.689748526085985,0.0782938697253369,0.169392952075862,"ADCY7"
"ENSG00000171310",56.2047098066761,-0.109396035129509,0.211129011035456,-0.518147812055719,0.604355143496531,0.690047681838117,-0.0795861688581855,0.183923893548866,"CHST11"
"ENSG00000104756",189.617315609221,-0.0807977564299013,0.155998309828716,-0.517939947673895,0.604500169023052,0.690153418778833,-0.0672991427051242,0.14389012318243,"KCTD9"
"ENSG00000147475",1345.6408572568,-0.0689123079010654,0.133221241713135,-0.517277177534901,0.604962683359241,0.690621580604159,-0.059825065564752,0.125347796912304,"ERLIN2"
"ENSG00000176597",33.5169689622233,0.201519110964399,0.389661196536448,0.517164944201853,0.605041021129778,0.690651125732153,0.0970491976808191,0.279883113125516,"B3GNT5"
"ENSG00000142634",342.990896128008,0.0775319184019424,0.149986206498373,0.516926990901548,0.605207125249099,0.690780841875131,0.0672530126958093,0.139973740563382,"EFHD2"
"ENSG00000135801",286.140078573962,-0.0379862974366895,0.0735844497480131,-0.516227240494044,0.605695706793117,0.691278577985279,-0.0336384522201711,0.0721357861545432,"TAF5L"
"ENSG00000134107",1412.93074449656,0.0732748941928778,0.141986832082829,0.516068237582288,0.605806750837329,0.691345382813927,0.0694402785554946,0.133191596523,"BHLHE40"
"ENSG00000111684",1588.94806169357,0.0759517092372409,0.147336402292251,0.51549860085891,0.606204647050321,0.691739502779037,0.0662161268250729,0.137749361414413,"LPCAT3"
"ENSG00000214114",122.542778205475,0.057763190943411,0.112101007801665,0.51527806998496,0.606358721169612,0.691855353403164,0.0535084241957889,0.107537198699039,"MYCBP"
"ENSG00000115365",575.409075187755,0.109994432924931,0.213887806345808,0.51426228920734,0.60706862341759,0.692545316343123,0.0827815816329328,0.188186125800878,"LANCL1"
"ENSG00000141738",143.830455560112,0.136283584061315,0.264985295017434,0.514306214812216,0.607037917299962,0.692545316343123,0.0915812721618413,0.220896264331792,"GRB7"
"ENSG00000140386",181.789972267838,0.0691864758200591,0.134693210401163,0.513659713165927,0.607489923155997,0.692905858812428,0.064128887999139,0.127094060239413,"SCAPER"
"ENSG00000189241",1476.16400420701,-0.0601279091321711,0.117043660268777,-0.513722050336555,0.607446333173121,0.692905858812428,-0.045463358686459,0.111229157663339,"TSPYL1"
"ENSG00000086205",847.443267141343,-0.0723442386326665,0.141138982449255,-0.512574466509826,0.608249017910018,0.693711587820799,-0.0633621371095942,0.131965906565878,"FOLH1"
"ENSG00000076650",120.658730305219,0.0511721505618968,0.099877245622568,0.512350438209662,0.608405771039979,0.693830262582275,0.0478822804641234,0.096458283715898,"GPATCH1"
"ENSG00000141068",109.100106040569,0.111258274986083,0.217203283591513,0.512231091291063,0.608489285706831,0.693865402357192,0.0837970577556157,0.190330518656023,"KSR1"
"ENSG00000140455",432.041524087362,-0.0489370048706667,0.0955744348691277,-0.512030282341478,0.608629816085319,0.693959785827786,-0.0450338509487294,0.0924974099471352,"USP3"
"ENSG00000197381",180.531797419147,0.0581000239672694,0.113484990213226,0.511962188639268,0.608677472788947,0.693959785827786,0.0535277501565032,0.108745964562204,"ADARB1"
"ENSG00000088305",38.5286542000792,0.112672546125842,0.220202378736385,0.511677243326821,0.608876915335915,0.694127064448234,0.0842448292565936,0.192134649406411,"DNMT3B"
"ENSG00000166233",680.665689217387,-0.0604139307585241,0.118088353478295,-0.511599399763232,0.608931405650885,0.694129081108186,-0.0611876192970502,0.112709158115022,"ARIH1"
"ENSG00000167100",17.2733355075656,0.127293755535,0.24913293277888,0.510947124152313,0.609388082327179,0.694589515359678,0.0886295640644478,0.210527104402397,"SAMD14"
"ENSG00000064726",557.840293434422,0.0735454130685264,0.144058731813928,0.510523813048142,0.609684535911819,0.694853358449672,0.0643813380262922,0.135022636384194,"BTBD1"
"ENSG00000174738",753.401056872632,-0.154513453280544,0.302735737228134,-0.510390529691929,0.609777890287674,0.694853358449672,-0.0936368241988765,0.236203636420468,"NR1D2"
"ENSG00000234745",8986.25623689645,-0.092216731387875,0.180661743981988,-0.510438620569659,0.609744205725557,0.694853358449672,-0.0684591332401137,0.162360055079338,"HLA-B"
"ENSG00000068976",9.23214944540475,0.230559797447364,0.451871219066495,0.510233419874957,0.609887941356794,0.694918618425232,0.25113345211923,0.354928634225541,"PYGM"
"ENSG00000186472",11.7418785251325,-0.234211768242093,0.459349069774232,-0.509877528123017,0.610137266282224,0.695142544814102,-0.0960197319065731,0.29292017933026,"PCLO"
"ENSG00000128245",641.81605822118,0.0638449540010449,0.12541531595547,0.509068238712678,0.610704393647792,0.695728480294785,0.0576435014317741,0.119234372706475,"YWHAH"
"ENSG00000237172",41.822199381321,-0.0928027490952095,0.18247895051055,-0.508566872154628,0.611055854549927,0.6960686434508,-0.0746893960727476,0.164173920200079,"B3GNT9"
"ENSG00000118473",12.2139687160873,-0.143935206122788,0.283259046579608,-0.50813983828875,0.611355278480167,0.696349476292921,-0.0920844002430906,0.227657571256422,"SGIP1"
"ENSG00000124216",21.2569147743562,0.13203482731108,0.259942686557043,0.507938226921825,0.611496665186572,0.696390026282018,0.0899174629708708,0.216636809801247,"SNAI1"
"ENSG00000198826",22.9312463826858,0.138222740936693,0.272112655660983,0.507961456628832,0.611480373840346,0.696390026282018,0.0910847369968774,0.224264209748976,"ARHGAP11A"
"ENSG00000163354",20.7227922806469,-0.183493179361506,0.361601800275012,-0.507445425387684,0.611842319668855,0.69672340259126,-0.0963122961295693,0.261926953595287,"DCST2"
"ENSG00000125835",446.235423205903,0.070729102409482,0.139585552268849,0.506707902500211,0.612359784922698,0.697252350453364,0.0624424020725945,0.13131117541369,"SNRPB"
"ENSG00000115226",730.749956228544,-0.0799417640096642,0.1581011101681,-0.505636955519581,0.613111533487363,0.69804794620327,-0.067018843990857,0.145585999473466,"FNDC4"
"ENSG00000170631",103.363760599722,0.0456546785046493,0.0903589502968316,0.505259062380345,0.613376891857694,0.698289680778072,0.043130550686477,0.0878438662967233,"ZNF16"
"ENSG00000079462",35.5036887892256,0.102863790950926,0.203657507751807,0.505082243647426,0.613501072221061,0.698370665473153,0.0797774920408002,0.180597958167162,"PAFAH1B3"
"ENSG00000103479",2114.43091043796,-0.0616961796542342,0.122307132596698,-0.504436481702784,0.613954687101204,0.698778279797775,-0.054750792048461,0.116125871934286,"RBL2"
"ENSG00000147162",1811.71950278548,0.0719889820166815,0.142737338554971,0.504345833721407,0.614018374523809,0.698778279797775,0.0655149854220294,0.133855696188689,"OGT"
"ENSG00000174840",368.414222980322,0.0764193675691362,0.151500708479837,0.504415908915083,0.613969140866738,0.698778279797775,0.0663203681487064,0.141100223938576,"PDE12"
"ENSG00000152767",1449.02799827561,0.0544688002103606,0.108021475189789,0.504240477318619,0.614092399441968,0.698802120229296,0.0527681497461417,0.103893032391935,"FARP1"
"ENSG00000173801",1181.37503235871,0.0765359966587984,0.151837723488142,0.504064437351601,0.614216096420195,0.698882475625987,0.0660919783774244,0.141435256605701,"JUP"
"ENSG00000129493",241.547856049266,0.0807281415678381,0.160279207709565,0.503671952971728,0.614491920647003,0.699135899346565,0.0688964152199469,0.148147711593851,"HEATR5A"
"ENSG00000066455",845.717209330773,0.0500574570409799,0.0994814558740048,0.503183800449992,0.614835053166916,0.699405418178298,0.0478996349131684,0.0962319010111062,"GOLGA5"
"ENSG00000169914",83.7273982076626,-0.0693115786005846,0.137725736179296,-0.503258000453541,0.614782891013173,0.699405418178298,-0.060809775737017,0.129135592623453,"OTUD3"
"ENSG00000106609",1682.31421654215,0.0297295584510858,0.0592090343976946,0.502111861027805,0.61558883729262,0.70020238719608,0.0296775646460157,0.0584812485842731,"TMEM248"
"ENSG00000146833",466.628884914742,0.0460059220645833,0.0916995902908976,0.50170259123993,0.61587674149004,0.700469348519166,0.0428503046366562,0.0891890116091429,"TRIM4"
"ENSG00000204564",189.3784941472,0.0858998799013247,0.171431305085357,0.501074642455499,0.616318592159103,0.700911340102509,0.071384120970436,0.156886968057967,"C6orf136"
"ENSG00000150672",84.3219301515286,0.103570376465426,0.206741241734302,0.500966210692163,0.616394903302811,0.700937579623839,0.0800649193518874,0.183133313774716,"DLG2"
"ENSG00000048649",320.512757951285,-0.0750934584368748,0.150016567089271,-0.500567769906298,0.616675350019262,0.70110610538617,-0.0643894823946757,0.139153907158998,"RSF1"
"ENSG00000058668",440.277804931305,-0.0850342049230069,0.169862234670611,-0.500606889388341,0.616647812885433,0.70110610538617,-0.0689968568058026,0.154504429245327,"ATP2B4"
"ENSG00000145979",167.037156158319,0.05642342184434,0.11272764660861,0.500528694972598,0.616702856332769,0.70110610538617,0.0541762051582298,0.108000733850325,"TBC1D7"
"ENSG00000066056",235.999052308253,-0.077251018671995,0.154554744364877,-0.499829487534971,0.617195145623035,0.701605187987642,-0.0651497542328799,0.142703662702818,"TIE1"
"ENSG00000174564",158.770113447369,0.288476818299401,0.577644891176176,0.499401661307896,0.617496449068728,0.701887097335654,0.0834671079058723,0.326960489621395,"IL20RB"
"ENSG00000188582",214.990448143117,0.0723880083314015,0.145076352334375,0.498964904801025,0.617804108218514,0.702176181699323,0.0657492133118139,0.135842242481337,"PAQR9"
"ENSG00000091436",663.134515990064,-0.0621594127227074,0.124648381336326,-0.498678057880182,0.618006204839806,0.702345247554673,-0.0437635719677893,0.117634955105311,"MAP3K20"
"ENSG00000138795",10.5304297885741,-0.175434341596003,0.351858246729144,-0.498593803688932,0.618065571219468,0.70235208964919,-0.0944189882978612,0.258405546183876,"LEF1"
"ENSG00000137074",379.051156793077,-0.04600515588073,0.0923420693376512,-0.498203648788842,0.618340510929509,0.702603880805896,-0.0428188700854796,0.0895692769905624,"APTX"
"ENSG00000149582",395.618104801402,0.0924454589509987,0.185631270915837,0.498005850495482,0.618479918564383,0.702701640301921,0.0749748858936687,0.167762885846565,"TMEM25"
"ENSG00000183011",440.912608579403,-0.0938045497893716,0.188402196631412,-0.497895202214069,0.618557909126296,0.702729608383537,-0.0737967837673747,0.168203736452656,"NAA38"
"ENSG00000254996",21.6906123250521,-0.12881187186787,0.258771036171347,-0.497783190011173,0.618636865426241,0.702758668697316,-0.0875285490460655,0.213602549331993,"ANKHD1-EIF4EBP3"
"ENSG00000166002",446.268888388277,-0.0591240429095156,0.11880106920611,-0.497672649788532,0.618714788457936,0.702786550326735,-0.0541898546681836,0.113190159990363,"SMCO4"
"ENSG00000175084",29.5285265980232,0.509599166112694,1.0245582369407,0.497384284991296,0.618918085402737,0.702896188425122,0.0825133096991773,0.369565872161172,"DES"
"ENSG00000198837",396.002138599776,0.0855608219062707,0.172012516496757,0.497410442267925,0.618899643341448,0.702896188425122,0.0707759624107571,0.15733048982766,"DENND4B"
"ENSG00000131386",33.5180052953742,-0.154003598230566,0.309929455055634,-0.496898877207144,0.619260363341643,0.703102961689899,-0.0920222207665133,0.239931806128172,"GALNT15"
"ENSG00000175054",307.756474139468,-0.0571389761306141,0.114987384433777,-0.496915173886064,0.619248870645781,0.703102961689899,-0.0506353326958675,0.109797391164497,"ATR"
"ENSG00000185344",196.941352719927,-0.0380169919609757,0.0764948275245751,-0.496987746638976,0.619197692233018,0.703102961689899,-0.0374389972876132,0.074925092418214,"ATP6V0A2"
"ENSG00000100106",123.970566277795,-0.082122528288368,0.165446290046399,-0.496369717721304,0.61963358619294,0.703466051204298,-0.0685380011194504,0.151248891411533,"TRIOBP"
"ENSG00000180182",549.489157616055,0.0564082169603323,0.113872308389586,0.495363778587378,0.6203433580181,0.704211127062106,0.0503900355370559,0.109166262103975,"MED14"
"ENSG00000103942",1258.15540433998,-0.0592237533499174,0.119696234398677,-0.49478376364505,0.620752766537789,0.704615132704244,-0.0427422844050539,0.11345581096152,"HOMER2"
"ENSG00000168209",1001.45879237759,-0.132149842751771,0.267146076617092,-0.494672594204651,0.620831249863347,0.704643468594898,-0.0865851020760228,0.21771853942892,"DDIT4"
"ENSG00000123268",168.502825568271,-0.0587343859264919,0.118881204808965,-0.494059477449564,0.62126417513473,0.705074056531666,-0.0524889176815116,0.113212263760307,"ATF1"
"ENSG00000204149",171.816413731689,-0.152177626057748,0.308555115836328,-0.49319430548178,0.621875301138649,0.705706793207331,-0.0910068841266852,0.238836088191622,"AGAP6"
"ENSG00000109991",22.1464975986088,0.14342803425165,0.290982724969799,0.492909104025115,0.622076814250211,0.705813800104988,0.0899425798590968,0.235051497797712,"P2RX3"
"ENSG00000120333",455.91467158253,-0.0379331062336289,0.0769504586009694,-0.492954907914623,0.622044448956164,0.705813800104988,-0.0363246638819956,0.0753565266570567,"MRPS14"
"ENSG00000147459",696.070036763994,-0.0797360122766439,0.161977714396487,-0.492265325348814,0.62253178928504,0.706195623021352,-0.0653929556640344,0.148431278232768,"DOCK5"
"ENSG00000151233",408.523781563076,0.088637793947575,0.180076248663942,0.492223680830839,0.622561225510095,0.706195623021352,0.0725200202509693,0.1635495629246,"GXYLT1"
"ENSG00000173011",353.43052682582,-0.0380218404245058,0.0772479371593049,-0.492205252628236,0.622574251588093,0.706195623021352,-0.0358321198502953,0.0756304104328593,"TADA2B"
"ENSG00000168890",399.623030236722,0.060457121324729,0.122850389068189,0.492119901152057,0.622634584296869,0.706203216475929,0.0548899011662222,0.117027397084517,"TMEM150A"
"ENSG00000147324",236.758141902889,-0.0512972284447761,0.104438367090513,-0.491172256650838,0.623304619410049,0.706902284361505,-0.047423043010649,0.10050268406678,"MFHAS1"
"ENSG00000091428",636.871287745062,0.0814313931671967,0.165984754434817,0.490595617919689,0.623712486381737,0.707303927278377,0.0696921087058606,0.152831584748557,"RAPGEF4"
"ENSG00000166813",18.4634247712995,0.145554933679508,0.29704703392557,0.490006352717797,0.624129403501492,0.707715763198746,0.0898911444042924,0.237496942815875,"KIF7"
"ENSG00000134245",12.1482251778881,-0.15879488403065,0.32458238740064,-0.489228282847787,0.624680088192426,0.708251418529986,-0.0915053730112676,0.246889844909191,"WNT2B"
"ENSG00000165699",507.918523560632,0.0664919882203226,0.135923484484389,0.48918690153179,0.624709381998232,0.708251418529986,0.0590789315794977,0.128144885916405,"TSC1"
"ENSG00000138778",11.2308360300975,0.165741186557177,0.338862602699974,0.489110292008006,0.624763615393779,0.708251916675951,0.0916166041287299,0.257334890315881,"CENPE"
"ENSG00000124788",511.910275299881,-0.0457577166232555,0.093611888289237,-0.488802410243833,0.624981591469946,0.708418155881298,-0.0422787810504751,0.090725411604179,"ATXN1"
"ENSG00000131378",942.317350141012,-0.0718259987747399,0.146985725061955,-0.488659689534238,0.625082646909013,0.708418155881298,-0.0617179278640075,0.136692060264796,"RFTN1"
"ENSG00000145414",58.5514253606925,-0.0617156769892138,0.126291487574613,-0.48867645931205,0.625070772462606,0.708418155881298,-0.0553814395985228,0.119757436176171,"NAF1"
"ENSG00000179715",35.9124706782088,-0.1022423608404,0.209272406422181,-0.488561117962867,0.625152446034507,0.708418155881298,-0.0778292329046231,0.182751544719379,"PCED1B"
"ENSG00000258289",541.394854700305,-0.0795025907121556,0.162740663086246,-0.488523207442152,0.62517929159842,0.708418155881298,-0.0659448904055663,0.149097649757611,"CHURC1"
"ENSG00000166987",384.760796277188,0.145753604875636,0.299065965069706,0.487362728960694,0.626001301234376,0.709288565581049,0.0908000038885126,0.239504824512878,"MBD6"
"ENSG00000173436",44.188540399509,-0.0648373936184831,0.13327523942113,-0.486492418997699,0.626618079028359,0.709926308277031,-0.0573537835234055,0.125563411032984,"MICOS10"
"ENSG00000123975",96.1509521315533,-0.0879461738998665,0.180953625571711,-0.486014986558055,0.626956540400359,0.710075176277735,-0.0710478960545847,0.162847720906959,"CKS2"
"ENSG00000136451",335.31893286713,0.0353244059056631,0.0727063084091275,0.485850632202205,0.627073072655417,0.710075176277735,0.0339571788363789,0.0713556995680516,"VEZF1"
"ENSG00000139620",243.714728825499,-0.0367063578221855,0.0755427980821312,-0.485901485701891,0.62703701497757,0.710075176277735,-0.0350731409995043,0.0739853593738606,"KANSL2"
"ENSG00000158321",569.233698760546,-0.0840779421742529,0.172920398228961,-0.486223389694759,0.626808789599805,0.710075176277735,-0.0675933297729458,0.156791466239772,"AUTS2"
"ENSG00000178307",193.872384012276,0.0429304656230238,0.0883392551489622,0.485972691875568,0.626986527731886,0.710075176277735,0.0454521064992334,0.0859084066728987,"TMEM11"
"ENSG00000186951",2632.04441336148,-0.053497006396217,0.110069593066996,-0.486028928658392,0.626946655453907,0.710075176277735,-0.0479362274382753,0.105518043508156,"PPARA"
"ENSG00000113657",109.006367957486,-0.121237375505268,0.249787079978545,-0.485362875916885,0.62741896152793,0.710227940578723,-0.0829532539333984,0.208002639772979,"DPYSL3"
"ENSG00000137221",208.620979133514,0.0958113743546671,0.197344304185268,0.485503621450958,0.627319144432626,0.710227940578723,0.0760429089188296,0.176268706119669,"TJAP1"
"ENSG00000181885",192.340638702794,0.0946873689210843,0.195088443213594,0.48535611521291,0.627423756408258,0.710227940578723,0.0750826908338113,0.174641744632699,"CLDN7"
"ENSG00000198851",75.1894140497648,0.118556645072718,0.244261183893428,0.4853683388534,0.627415087072071,0.710227940578723,0.0837245286688938,0.20773434335964,"CD3E"
"ENSG00000196972",24.8574377439154,0.102334656167673,0.211513768557421,0.483820305721097,0.628513402877578,0.711400228876048,0.0778772827755728,0.186057833060002,"SMIM10L2B"
"ENSG00000101974",1801.95579106199,-0.0949528934032292,0.196362403864957,-0.483559436706276,0.628698568211316,0.711548641714965,-0.0735725309314021,0.173781457886844,"ATP11C"
"ENSG00000154262",2829.09148890515,0.0797185854727704,0.164945478493823,0.483302641580173,0.628880864705911,0.71169378242376,0.0688705698406945,0.151803186774992,"ABCA6"
"ENSG00000122787",8166.95247121732,0.0875747604989243,0.181444146214494,0.482654096734527,0.629341361427134,0.712153705590859,0.0743982748415473,0.164573738751823,"AKR1D1"
"ENSG00000112667",456.089525430746,0.0874647433127243,0.181340652681046,0.48232286594095,0.629576606179244,0.712358679697141,0.071305033146251,0.164482035445836,"DNPH1"
"ENSG00000049130",55.9969937729185,-0.136234447530746,0.282663205045323,-0.481967391224132,0.629829111117875,0.712583146599463,-0.0868125581723796,0.226248715359018,"KITLG"
"ENSG00000221978",2002.92017966319,0.122775433872851,0.254779771077355,0.481888469220635,0.629885177784014,0.712585345480695,0.0858436546725321,0.214494969738465,"CCNL2"
"ENSG00000169660",244.014250299555,0.145041871433645,0.301530895024622,0.481018276491375,0.630503509247897,0.713223576145529,0.0891094549944896,0.24061237189414,"HEXD"
"ENSG00000002726",184.12904676976,0.367488712646255,0.765029803324415,0.480358688052862,0.630972364451955,0.713692624602615,0.066185484160282,0.346668216681875,"AOC1"
"ENSG00000145569",42.5252438546703,0.125305304933188,0.260929465275611,0.480226734074789,0.631066179128814,0.713737420703545,0.0846987414095205,0.21759634004087,"OTULINL"
"ENSG00000138459",456.766372669265,-0.0831547649613936,0.173222719841028,-0.480045371864079,0.631195131036648,0.713821945991111,-0.0661403932324048,0.157005375312818,"SLC35A5"
"ENSG00000181192",5476.41453428355,0.0576650629812411,0.120204500708915,0.479724657905131,0.631423192110887,0.714018530218324,0.0621524845525156,0.114353217267759,"DHTKD1"
"ENSG00000000419",486.005407208552,0.062188056246722,0.12967833330694,0.479556257864039,0.631542956154979,0.714092628026147,0.0531102073362429,0.122839587492524,"DPM1"
"ENSG00000121858",3641.10312974991,-0.0682536390133505,0.142490483177175,-0.479004895565432,0.631935145922825,0.714474721444389,-0.0591936641629767,0.133031131828331,"TNFSF10"
"ENSG00000085433",69.3249552370629,0.0558900246975453,0.11676465110376,0.478655347909019,0.632183836486886,0.7146945209674,0.0513368484062599,0.111716318529951,"WDR47"
"ENSG00000139436",433.407229290289,0.0313533469172813,0.0655216854896058,0.478518626054806,0.63228112048297,0.714743129756914,0.0308184724988054,0.0645390082978817,"GIT2"
"ENSG00000158769",1282.90695921205,-0.0346296322734373,0.0724383344763393,-0.478056715740041,0.632609838351625,0.715053325183508,-0.0383430500685605,0.0711736191635349,"F11R"
"ENSG00000198483",69.8896668157954,0.0965830480563365,0.202128759756788,0.477829321134461,0.632771690093101,0.715174870955942,0.0751165871423308,0.179725579937485,"ANKRD35"
"ENSG00000121274",295.371360764658,-0.0918134793209257,0.19254264874431,-0.476847492852613,0.633470723872421,0.715903480729983,-0.0717981054304022,0.171123247434649,"TENT4B"
"ENSG00000120265",992.37790038829,-0.0542220993358653,0.113730556051783,-0.476759291594224,0.63353353668911,0.715913015539338,-0.0494297155241701,0.108717206130968,"PCMT1"
"ENSG00000158805",250.939718112383,0.110248366978549,0.231760159571863,0.475700254876479,0.634287939328411,0.716704000102802,0.080509765814733,0.199815752292954,"ZNF276"
"ENSG00000165118",313.251483789803,-0.0465016167323187,0.0978187138969595,-0.475385689299726,0.634512092731024,0.716895753273549,-0.043328851727034,0.0946066259441598,"QNG1"
"ENSG00000136877",695.766697690116,0.0774715010787302,0.163058190487507,0.475115667891983,0.634704531551026,0.717051644276712,0.0671352018856093,0.150277986922499,"FPGS"
"ENSG00000204428",13.7648472237093,0.103028713067436,0.216897101714858,0.475011940006841,0.634778462890624,0.717073637273098,0.0775327340958003,0.188876512362736,"LY6G5C"
"ENSG00000142507",1483.89536434605,0.0484350573902958,0.102034852683091,0.47469130514384,0.635007016224,0.717270279307239,0.0435223612389257,0.0986072463168756,"PSMB6"
"ENSG00000171067",793.75285382496,-0.0532562257545432,0.112272516870697,-0.474347838980735,0.63525188264268,0.71748531241945,-0.0486400765965619,0.107447548749988,"C11orf24"
"ENSG00000198467",116.657636838115,-0.203408058394343,0.429108748407464,-0.47402449646912,0.635482438819972,0.717684147324048,-0.0892932762750914,0.283186917824931,"TPM2"
"ENSG00000104689",54.7959604376993,0.0966794031433587,0.204647548630738,0.472419062872847,0.636627700338254,0.718854228357929,0.0748433084085691,0.181269529113892,"TNFRSF10A"
"ENSG00000147883",18.3318643452127,0.127972224370955,0.270845888594831,0.472490924764945,0.636576417923644,0.718854228357929,0.0845550132631953,0.222914512728742,"CDKN2B"
"ENSG00000012174",425.347094425345,-0.0942651623426144,0.199576755752821,-0.472325356663093,0.636694574010754,0.718868086907263,-0.0727179135593814,0.176003882283795,"MBTPS2"
"ENSG00000156127",10.2166445463142,0.147837746866689,0.313124879662948,0.472136698386353,0.636829219442728,0.71895845508343,0.087528255654501,0.244683690118761,"BATF"
"ENSG00000205339",1334.48326594697,0.0849044605663941,0.179862617811354,0.472051733704024,0.636889862662768,0.718965268954643,0.0701546029819096,0.1634193871369,"IPO7"
"ENSG00000162520",12.8709937949016,-0.103201105110548,0.218756435772697,-0.471762600931114,0.637096248303648,0.719136591663737,-0.0768808340758053,0.189556039899495,"SYNC"
"ENSG00000082684",12.9360063933461,-0.147881341534109,0.314036762973888,-0.470904553128403,0.637708896437967,0.719670009878923,-0.087414882712979,0.241874192251396,"SEMA5B"
"ENSG00000130649",163081.924603544,0.0676044064898786,0.143565930554796,0.470894495850292,0.637716078826761,0.719670009878923,0.115862544160312,0.133148422725912,"CYP2E1"
"ENSG00000145692",23933.3438959553,-0.0847101056358234,0.179900843643225,-0.470871086095731,0.637732796996612,0.719670009878923,-0.0634085919815876,0.161626461503403,"BHMT"
"ENSG00000102763",959.443148319283,0.0601399755742921,0.128142209090797,0.469322138279035,0.638839393431249,0.720856998107287,0.0539147296753818,0.12154908155905,"VWA8"
"ENSG00000015133",91.7968258022958,-0.098281544551553,0.209568115160229,-0.468971839902317,0.639089764599768,0.721006119105139,-0.074108678847155,0.182893886353089,"CCDC88C"
"ENSG00000100196",208.697999716567,0.120342076980057,0.256742809043975,0.468726183327865,0.639265368952611,0.721006119105139,0.0824608240170193,0.215353461873866,"KDELR3"
"ENSG00000155093",62.7173708912705,-0.0894664695405631,0.190891298952199,-0.468677566927585,0.639300124140467,0.721006119105139,-0.0705680425410219,0.170224231483454,"PTPRN2"
"ENSG00000186088",845.218318580818,-0.100365131133936,0.214015811077667,-0.468961291357644,0.639097304671777,0.721006119105139,-0.0740373173374686,0.185599397240985,"GSAP"
"ENSG00000187699",124.757271831071,-0.0955004246704539,0.203729989548847,-0.468759777988189,0.639241353060277,0.721006119105139,-0.0733908427407981,0.17892206254934,"AKAP19"
"ENSG00000197312",1484.88880374924,-0.0501698338656183,0.106998572566873,-0.468883207149915,0.639153120218174,0.721006119105139,-0.056283316199717,0.103017031430833,"DDI2"
"ENSG00000136114",32.3644138592332,0.0877835917726432,0.187370548970623,0.468502612896793,0.639425202894154,0.721085415101022,0.0705738243415932,0.168383559255967,"THSD1"
"ENSG00000135365",188.646429282851,-0.0569494441691651,0.121599252022862,-0.468337125613716,0.639543523082704,0.721095317710617,-0.051367911978407,0.115586515910506,"PHF21A"
"ENSG00000160180",27.6871793624178,-0.234049995756804,0.499681231541933,-0.468398612920811,0.639499559783293,0.721095317710617,0.187100767190068,0.347623804881357,"TFF3"
"ENSG00000178149",143.280657212658,0.0515625417015532,0.110293803164899,0.467501711084009,0.640140968171529,0.721707140516043,0.0478117154256741,0.105920012175481,"DALRD3"
"ENSG00000177189",1290.80102800951,-0.0930568212096418,0.199177015177484,-0.46720662585851,0.640352053594497,0.721883306586621,-0.0688901259989993,0.175476187403446,"RPS6KA3"
"ENSG00000151806",448.682677210756,-0.0533553900818367,0.114289071568266,-0.46684594904568,0.64061009864101,0.722112376601673,-0.0476590387703552,0.109188970688633,"GUF1"
"ENSG00000077585",204.188645517832,-0.0881781958454266,0.188959452059269,-0.466651415869731,0.640749294806225,0.722207449312453,-0.0697515447359515,0.168596822313311,"GPR137B"
"ENSG00000105426",222.433325172868,0.136183528915749,0.292026764266545,0.466339204414322,0.640972720838375,0.722335602375934,0.0855790322716229,0.235278441249901,"PTPRS"
"ENSG00000204356",368.112076633745,-0.0497602542032445,0.106689942079572,-0.466400611279105,0.640928774037343,0.722335602375934,-0.045783615683349,0.102575851219615,"NELFE"
"ENSG00000110768",446.169505331088,0.0482489285183183,0.103526470936035,0.466054025430169,0.641176830213051,0.722503778379411,0.0450448948767562,0.099874977764041,"GTF2H1"
"ENSG00000104812",190.87471031497,-0.0944789262163697,0.202869426263611,-0.465712985719211,0.641420956057458,0.722655169215514,-0.0715744335331717,0.17824544395295,"GYS1"
"ENSG00000136463",773.970987101905,-0.0477263348486692,0.102477318433833,-0.465725836488245,0.64141175641133,0.722655169215514,-0.0435327708847024,0.0987482193920413,"TACO1"
"ENSG00000135905",171.660669552229,-0.0951376779807936,0.204324927424803,-0.465619536391646,0.641487856491293,0.722668701853715,-0.0729710190699713,0.179268754622328,"DOCK10"
"ENSG00000149716",127.178428678105,0.078286145557924,0.168298777909791,0.465161699509701,0.641815664269516,0.722976132424063,0.0654627590201085,0.154304209946753,"LTO1"
"ENSG00000136122",39.23108519815,-0.0774626816830069,0.166695043676472,-0.464696969835224,0.642148478639986,0.723289149608526,-0.0653071198631797,0.152331275961605,"BORA"
"ENSG00000067208",523.408528806392,-0.0711370261066709,0.153124718659151,-0.464569187323825,0.642240002196468,0.723330356622643,-0.0595504267275458,0.141514437566694,"EVI5"
"ENSG00000102265",1311.90496244954,-0.104029071998111,0.224083205882965,-0.464243054664455,0.64247361763782,0.723531575555516,-0.0739154205854534,0.192100008060808,"TIMP1"
"ENSG00000085788",308.685189956539,-0.047591581050132,0.102536917137094,-0.464140939467694,0.642546772097948,0.723552069914607,-0.0444255710913358,0.0988318737347825,"DDHD2"
"ENSG00000122696",48.7102298720555,0.0557136931337764,0.120110501257352,0.463853639361664,0.64275261005385,0.723721958776105,0.0505694897810608,0.114469445101316,"SLC25A51"
"ENSG00000128536",71.4848482889698,-0.0778700508467843,0.16795734297873,-0.463629928086238,0.6429129083926,0.723840546596287,-0.0642719105062907,0.153292587700235,"CDHR3"
"ENSG00000108798",86.6595741727577,0.102689758626883,0.221688018467254,0.463217450076364,0.643208509453769,0.724111435268774,0.0764892618938536,0.192939230364497,"ABI3"
"ENSG00000075239",16022.6277236776,-0.0600854220375573,0.129845780028009,-0.462744511408813,0.643547508962748,0.724369197486838,-0.0523709432555432,0.1224918962141,"ACAT1"
"ENSG00000154380",244.608296526407,-0.0792094604964601,0.17115874844433,-0.46278359252097,0.643519493050351,0.724369197486838,-0.0651359493842185,0.155571437790063,"ENAH"
"ENSG00000100664",4770.03717834834,0.0622730198828361,0.13471082758875,0.462271823263868,0.643886403037823,0.724688697418018,0.0556684680367484,0.127116450616959,"EIF5"
"ENSG00000135052",342.198026806428,0.132846626387268,0.287604208390791,0.461907797283546,0.644147442185254,0.724858566137697,0.0846246457660347,0.232852593168936,"GOLM1"
"ENSG00000171603",264.506681822097,0.0790667994003998,0.171149006017471,0.461976386776844,0.64409825403416,0.724858566137697,0.0658541448136812,0.156589410816676,"CLSTN1"
"ENSG00000121068",62.6580461995535,0.121617047461695,0.263854278681956,0.4609250532878,0.644852376558975,0.725589811962692,0.0818015774199251,0.219221195536503,"TBX2"
"ENSG00000112655",28.4932865725554,0.149729196654116,0.325098752099031,0.460565276511753,0.645110528766396,0.725818255147698,0.0860556229823665,0.251169688787096,"PTK7"
"ENSG00000148671",913.867709989642,0.139996933286215,0.304082659526211,0.460391044672997,0.645235561478157,0.725896898438129,0.0857169963126822,0.241506367498787,"ADIRF"
"ENSG00000197893",10.0980051398655,0.210508549712074,0.457526738279117,0.460101087214825,0.645443663747885,0.726068974445031,0.181043228496957,0.326945398152503,"NRAP"
"ENSG00000108107",3013.77848564122,0.0780408287452357,0.169667209665003,0.459964119757273,0.645541974854735,0.726117525923746,0.0681317909998239,0.15534794682757,"RPL28"
"ENSG00000073754",1169.95126067797,0.169919835149072,0.369579361172882,0.459765487471544,0.64568455811794,0.726201572560822,0.0959610602844405,0.272230164824074,"CD5L"
"ENSG00000197045",468.245658124798,-0.135189663731066,0.294078302824814,-0.459706351786178,0.645727009719698,0.726201572560822,-0.0837214773266694,0.231532302764266,"GMFB"
"ENSG00000157510",125.011051790442,0.0738321281809117,0.160969677379972,0.458671032846949,0.646470418669355,0.726975532302761,0.0625743742703169,0.148551532299761,"AFAP1L1"
"ENSG00000112877",26.4746569867016,0.0705422177095433,0.153904826725975,0.45834961261574,0.646701285761068,0.72717304025367,0.0605165964682661,0.142688897038619,"CEP72"
"ENSG00000063854",3975.45600301335,0.0513027275048859,0.112036101656605,0.457912465234917,0.647015330988133,0.727339809408279,0.0495192964737221,0.107427275161026,"HAGH"
"ENSG00000102805",576.989165673346,0.0549062731595626,0.119895300912339,0.457951835824718,0.64698704471027,0.727339809408279,0.0521271748622802,0.114353375560042,"CLN5"
"ENSG00000170348",4398.41797990328,0.0637922674388934,0.139296322698646,0.457960886569144,0.646980542165234,0.727339809408279,0.0566342519958641,0.13088549908445,"TMED10"
"ENSG00000136444",892.713302187997,-0.0500939434991731,0.109433543757243,-0.457756751534032,0.647127210382224,0.727353932745507,-0.0444007025733498,0.104901166124064,"RSAD1"
"ENSG00000139187",29.502003953363,-0.0933069063376393,0.20384205373963,-0.457741200237423,0.647138384336995,0.727353932745507,-0.0717568307293023,0.179308601456846,"KLRG1"
"ENSG00000168137",891.686490083574,0.0522538042923701,0.114211117575109,0.457519420191352,0.647297746920041,0.727470946303821,0.0468229080837153,0.109436175410732,"SETD5"
"ENSG00000139131",150.026478304921,-0.0404080852961446,0.0883602639755517,-0.457310599562322,0.647447812147522,0.72757749186875,-0.0377137618775822,0.0860073613333717,"YARS2"
"ENSG00000113905",71486.4112285581,-0.0489030196798051,0.106955643815787,-0.457227107753494,0.647507816060359,0.7275828203679,-0.0364814756478735,0.102469437447495,"HRG"
"ENSG00000122335",96.0743843025958,0.065266837874898,0.142899323941582,0.456733006669642,0.647862963622957,0.727919762677919,0.0571701096847154,0.13385033506384,"SERAC1"
"ENSG00000169291",165.766639373309,0.074720090603315,0.164146129838707,0.45520470495854,0.648961975956304,0.729092360733911,0.0629712519452345,0.151056297525464,"SHE"
"ENSG00000137825",14.6856216815299,0.133789528530383,0.294087892742475,0.454930419891645,0.649159297254872,0.729251818059526,0.0831985144455542,0.23527711836175,"ITPKA"
"ENSG00000161643",17.5592062413714,-0.183950500369932,0.404724082157637,-0.454508413211459,0.649462937899245,0.729504569889723,-0.0858267314103712,0.276035966190357,"SIGLEC16"
"ENSG00000214212",25.0279633742237,-0.0911590475525821,0.200585977722223,-0.454463709715649,0.649495106201377,0.729504569889723,-0.0706691841852532,0.176944382991069,"C19orf38"
"ENSG00000101158",840.879938118137,0.0346751251043571,0.0763349632555696,0.454249581391226,0.649649200408093,0.729615403273305,0.0335533807908635,0.0748309614470144,"NELFCD"
"ENSG00000132294",1218.98177233846,-0.0839298948316115,0.185164048671903,-0.453273167408049,0.650352051873647,0.73034246971754,-0.0588217840611461,0.165318768554301,"EFR3A"
"ENSG00000183793",20.048214955661,0.229229573914279,0.50590697092935,0.453106177788348,0.650472287077888,0.730415192466309,0.0794817123446317,0.31096079127285,"NPIPA5"
"ENSG00000092529",30.8324275199094,0.131533582968444,0.29039169971479,0.452952281685843,0.650583102795587,0.730477326573998,0.0825485932451804,0.233686026615317,"CAPN3"
"ENSG00000182484",54.7832692475056,-0.141159438533703,0.311788800968041,-0.452740566997378,0.650735564472111,0.730586206347729,-0.0840882424201954,0.240233465866273,"WASH6P"
"ENSG00000135517",16.2988325493043,-0.104294378227524,0.230759971822782,-0.451960439255122,0.651297482407473,0.73115472828929,-0.0754421099711185,0.197221304241882,"MIP"
"ENSG00000106692",195.698561982378,0.0785425593997739,0.173861777774333,0.451752883268683,0.651447016220628,0.731260245166748,0.0655631116097751,0.158618526226008,"FKTN"
"ENSG00000100099",379.460330707613,-0.0417978757193035,0.0930589804254708,-0.449154670814158,0.653320084376874,0.73330027543955,-0.0391798388725879,0.0902649232536094,"HPS4"
"ENSG00000004777",21.6752702313902,0.205722256904513,0.458147949725415,0.449030181249986,0.653409884696424,0.733338551011263,0.0815241261359976,0.298947586415388,"ARHGAP33"
"ENSG00000083720",23.9432613871694,-0.112196576572477,0.250189570815587,-0.448446256999161,0.65383116436468,0.733748816060806,-0.0776484863724764,0.208266973507209,"OXCT1"
"ENSG00000109606",977.490116476809,0.050515504793968,0.112698654470905,0.448235207697261,0.653983455751492,0.733857170239848,0.0459163722830331,0.108082976708796,"DHX15"
"ENSG00000127990",344.957768566253,-0.122545763769576,0.273750729861741,-0.447654564542962,0.654402517257498,0.734236013874204,-0.0794970764708175,0.221035203492504,"SGCE"
"ENSG00000173918",408.732687439701,0.0833632152481209,0.186239533411333,0.447612887130697,0.654432600851723,0.734236013874204,0.0675899082485628,0.16793737711057,"C1QTNF1"
"ENSG00000127083",10.4881060586787,0.226070959699724,0.505316711949101,0.447384688362523,0.654597329259211,0.734260537868373,0.079500268711019,0.309778420618666,"OMD"
"ENSG00000151718",658.821919015104,-0.0658056809829138,0.147078153624575,-0.447419819743499,0.654571968095027,0.734260537868373,-0.0548861301185366,0.13668973009976,"WWC2"
"ENSG00000172171",121.572273409145,-0.0483292834878994,0.108034409753141,-0.447350835704402,0.65462176769702,0.734260537868373,-0.0439750881037375,0.103748800684368,"TEFM"
"ENSG00000151376",82.9139558732744,-0.100468210112065,0.225024141693026,-0.446477472844323,0.655252381482674,0.734905260635564,-0.0735858110265683,0.19294684017237,"ME3"
"ENSG00000146070",60.6194328502606,-0.135707813034981,0.304050141721198,-0.446333661503174,0.655356244406658,0.73495914087377,-0.081675559468756,0.236262977766995,"PLA2G7"
"ENSG00000081479",33.7844494342967,-0.183499884892347,0.412259993098496,-0.445107184699596,0.656242296903327,0.735890135510536,-0.0839518138055736,0.277910164344184,"LRP2"
"ENSG00000204272",108.892603524952,-0.0534605553076874,0.120150202181915,-0.44494769327766,0.656357555016489,0.735956699825165,-0.0481650767802478,0.114394686576717,"NBDY"
"ENSG00000128482",10.0588108549002,0.176639663859992,0.39720150109208,0.44471046401973,0.656529006305551,0.736086255387796,0.0832428898160572,0.27926193378156,"RNF112"
"ENSG00000178105",163.563108613433,-0.0362952966463649,0.0816396216876219,-0.444579432095383,0.656623713983427,0.736129752921135,-0.0352206331514257,0.0797606453037822,"DDX10"
"ENSG00000135063",10.4229582622348,0.218196650315175,0.490915690273516,0.444468682990364,0.656703765881951,0.736156814099767,0.0794799663076031,0.306564089172668,"ENTREP1"
"ENSG00000091106",31.4304986656793,-0.114372009025361,0.25742212391725,-0.444297511359692,0.656827500267874,0.73623283403089,-0.0775238827824169,0.212514195991228,"NLRC4"
"ENSG00000163754",181.665630812792,-0.055003426349435,0.123847609100151,-0.444121826404866,0.65695450697448,0.736312508625692,-0.0492800988925109,0.117414645888813,"GYG1"
"ENSG00000115561",262.734204389253,-0.0673008738069183,0.151860106296226,-0.443176785848141,0.65763786854669,0.737015677331096,-0.0570241091472887,0.140548455131938,"CHMP3"
"ENSG00000159921",3567.96649692116,-0.0665501093619849,0.150387117898933,-0.44252533256678,0.658109103018648,0.737481015434804,-0.0521537803185071,0.139170188104424,"GNE"
"ENSG00000182903",212.690827859374,0.05266137918628,0.119076490901417,0.442248329520208,0.658309516791815,0.73764281685796,0.0527750373949107,0.113462679492741,"ZNF721"
"ENSG00000198774",31.9678892370099,0.113811825230466,0.257528565198472,0.441938645302329,0.658533604705043,0.737831115611148,0.0775821434105983,0.215299178014586,"RASSF9"
"ENSG00000089177",234.569412797615,0.0712378526352738,0.161228144856187,0.441845018429113,0.658601359274329,0.737844238955566,0.0607360617687755,0.148739299027331,"KIF16B"
"ENSG00000166819",884.199733172154,0.118628149624664,0.268563808508138,0.441713089651354,0.658696836380713,0.737888415535477,0.0763468509471347,0.221882683520171,"PLIN1"
"ENSG00000132300",1263.8461861402,0.0299313306682859,0.0678621274484426,0.441060894989268,0.659168912609133,0.738354424316135,0.0309413384126576,0.0667892503412923,"PTCD3"
"ENSG00000004897",584.421107958682,-0.0697080197215578,0.158204498176157,-0.44061970756318,0.659488333085582,0.738649374173098,-0.0584448131534745,0.145528449041767,"CDC27"
"ENSG00000173597",759.460753055884,-0.114782063974598,0.260564521193759,-0.440513019380887,0.659565584844327,0.738673059719327,-0.0768486661757642,0.213797545066638,"SULT1B1"
"ENSG00000115446",411.94667882295,-0.0389947517257376,0.0885491580307609,-0.440374054287352,0.65966621340977,0.738722919601347,-0.0363310623316637,0.0861036718744381,"UNC50"
"ENSG00000128272",3398.75489920274,-0.0625112809743931,0.142117269723435,-0.439857035644172,0.660040655337983,0.739079373037922,-0.0532192173748683,0.132653525442495,"ATF4"
"ENSG00000124074",110.740320308767,-0.0994080868863397,0.226111510430015,-0.43964186828564,0.66019651172585,0.73919102588507,-0.0720884086380512,0.193461882443295,"ENKD1"
"ENSG00000196214",164.609789745893,-0.0363835055752903,0.0827796251497178,-0.439522473186922,0.66028300187764,0.739225000231378,-0.0350705090644304,0.0808541319454869,"ZNF766"
"ENSG00000133106",195.033391606513,0.0956104000009863,0.21769576707749,0.439192738033135,0.66052188654183,0.739429568761988,0.0718852805242208,0.190124650551755,"EPSTI1"
"ENSG00000112425",198.854207702732,0.0398143104778214,0.0909226450805661,0.437892127341237,0.661464482808622,0.740421814373262,0.0399288760412704,0.0883130563044219,"EPM2A"
"ENSG00000107282",545.218325548098,0.0794885642681217,0.181601119685925,0.437709659530709,0.66159676634369,0.740506930687836,0.0656558311641682,0.164433595410105,"APBA1"
"ENSG00000161010",226.81973367708,-0.0867528769353093,0.198510985592017,-0.437018015283069,0.662098282989312,0.741005269792357,-0.0657560097656003,0.175127661730852,"MRNIP"
"ENSG00000013297",39.2124321432841,0.136486561275539,0.31297429273963,0.436095118486568,0.662767718754268,0.741691439449103,0.0812038831987853,0.2450462952541,"CLDN11"
"ENSG00000102543",246.221985893146,0.0428681792924463,0.09841235500842,0.435597535378343,0.663128759284089,0.742018298922497,0.0401687969987829,0.0951851847962269,"CDADC1"
"ENSG00000142632",27.7828974051738,0.132058875464692,0.303263223398245,0.43545957859609,0.663228872984957,0.742018298922497,0.0800849185705626,0.240129350823709,"ARHGEF19"
"ENSG00000166796",19.0420514799857,0.277830754428012,0.637917948908454,0.435527413679784,0.663179645068299,0.742018298922497,0.0691056123386119,0.332383384711285,"LDHC"
"ENSG00000087076",402.024094654375,0.161608398455124,0.371453237704733,0.435070641606807,0.663511152603117,0.742254721147581,0.0824710699903864,0.270887406498119,"HSD17B14"
"ENSG00000129083",1579.3966103168,-0.0511104736247103,0.117491813004787,-0.435013064464569,0.663552944547093,0.742254721147581,-0.0462319739697287,0.111985691154329,"COPB1"
"ENSG00000164761",106.675879689807,0.089022031771194,0.204772141347514,0.434737026166644,0.663753319446509,0.742352718640225,0.0691791300757369,0.181200721761916,"TNFRSF11B"
"ENSG00000169992",67.7481759978166,0.129139174309287,0.29704880332222,0.434740597723279,0.663750726716798,0.742352718640225,0.0797183633880396,0.23721849560035,"NLGN2"
"ENSG00000042088",134.099282398344,0.0400847000203911,0.0923207841431741,0.434189336587809,0.664150955907669,0.742648100233385,0.037892744302048,0.0896474898931501,"TDP1"
"ENSG00000100201",5807.64041201753,-0.054507933217565,0.125553761475671,-0.434140184865168,0.664186645924967,0.742648100233385,-0.0446401652499918,0.118733744099766,"DDX17"
"ENSG00000175197",378.934334275302,0.0847861680612753,0.195246937934161,0.434250948866947,0.66410621911486,0.742648100233385,0.0671635282947332,0.174449731565506,"DDIT3"
"ENSG00000143434",137.024425876389,-0.148099613762412,0.341696387408218,-0.433424581646162,0.664706345498794,0.743102975701547,-0.080912624191433,0.252660703165157,"SEMA6C"
"ENSG00000213139",66.8820201792377,-0.123782173768563,0.28557183205429,-0.433453722932416,0.664685178785116,0.743102975701547,-0.0779875150326113,0.227135656608073,"CRYGS"
"ENSG00000165650",821.504798598689,0.0727774602618951,0.167977843145208,0.433256308684608,0.664828575448917,0.743176517605743,0.0610958183188871,0.154032199843647,"PDZD8"
"ENSG00000174791",10.0273867670706,0.146342612929487,0.337835814574897,0.43317672850533,0.664886383926098,0.743178039797182,0.0812096628030679,0.255073271905804,"RIN1"
"ENSG00000104904",2827.42046375879,-0.0469210979369974,0.108367052526108,-0.432983059363852,0.665027077008263,0.743272198292936,-0.0553489998006243,0.104285490734132,"OAZ1"
"ENSG00000235169",32.6011258539587,-0.112298039678193,0.259467791667623,-0.43280146239517,0.665159010845678,0.743356551803259,-0.0755995091934217,0.213819046771591,"SMIM1"
"ENSG00000017260",816.02234463975,0.0580869835064287,0.134246730519711,0.432688254541141,0.665241263868112,0.743362418146459,0.0515603708296962,0.126685474465635,"ATP2C1"
"ENSG00000182827",398.895096844588,-0.0717445340862274,0.165830088611495,-0.432638821380056,0.66527718160563,0.743362418146459,-0.0589568497099122,0.151394771854492,"ACBD3"
"ENSG00000113578",15.0707603605501,-0.110744912157363,0.256061285283004,-0.432493775991813,0.665382574852337,0.743376995410195,-0.0751036104840949,0.212814750042615,"FGF1"
"ENSG00000196418",33.3397786810022,-0.0808178402049811,0.186876982931043,-0.432465459027679,0.665403151367853,0.743376995410195,-0.0644880208227516,0.167118002161305,"ZNF124"
"ENSG00000089685",24.4657758014258,0.134596205470195,0.31133671174459,0.432317167853346,0.66551091123053,0.743434299784588,0.0799472837660368,0.243807036300908,"BIRC5"
"ENSG00000176945",63.5957521487279,-0.131867118970921,0.305210482584144,-0.432053046980674,0.665702859040278,0.743585631808289,-0.0787855450661212,0.236952592513311,"MUC20"
"ENSG00000013619",120.860586948999,-0.0763891530372386,0.177374900372496,-0.430664952464061,0.66671200586311,0.74458650175534,-0.0609572036425252,0.160177057867938,"MAMLD1"
"ENSG00000183801",163.233152512566,0.0812512691141025,0.188643273542115,0.4307138419964,0.666676452836839,0.74458650175534,0.0651475815462837,0.169648011863266,"OLFML1"
"ENSG00000101413",671.044344750317,-0.038711675288053,0.0900637504695452,-0.429825263618611,0.667322753962405,0.745205375629264,-0.0365858105587087,0.0875096657276657,"RPRD1B"
"ENSG00000078246",112.83508760427,0.0530880616999186,0.123542231672362,0.429715903471047,0.667402313354368,0.745231011587109,0.0490913594980867,0.117394288700533,"TULP3"
"ENSG00000205937",476.950444336612,-0.0573019779555949,0.133639592171853,-0.428779952290694,0.668083369700604,0.74592822638044,-0.0520639546055505,0.125764516562192,"RNPS1"
"ENSG00000184743",837.318462714729,-0.0568925425206781,0.132769741163643,-0.428505335794517,0.668283249653667,0.7460881255779,-0.0499337682949141,0.124966300980964,"ATL3"
"ENSG00000037897",83.3000151724136,-0.0789783476564266,0.1844293954522,-0.428230800533616,0.668483093991284,0.746247957901411,-0.0591311429270309,0.165068569040383,"METTL1"
"ENSG00000127334",163.819540417642,0.0680719225173582,0.159035154750758,0.428030661673776,0.668628797254442,0.746284057701931,0.0582344944373731,0.146975199193338,"DYRK2"
"ENSG00000170248",1442.20720569797,-0.055847920549112,0.130462080965102,-0.42807779958723,0.668594479217687,0.746284057701931,-0.0486856627631018,0.123041481401135,"PDCD6IP"
"ENSG00000198786",196099.220832455,-0.188392471806599,0.44027265309017,-0.427899553797668,0.668724251978947,0.746327329113742,-0.0780970638482081,0.285013890385245,"MT-ND5"
"ENSG00000005483",431.689751417859,-0.0516873730166088,0.1208727363406,-0.427618126150151,0.668929166971325,0.74649274557929,-0.0456077383211771,0.114864856546576,"KMT2E"
"ENSG00000105137",54.9866281645511,-0.090265016439502,0.211314397151244,-0.427159803858025,0.669262936462232,0.746801917235507,-0.0681483906807039,0.18396879297349,"SYDE1"
"ENSG00000107669",503.842093680562,0.0756937323498596,0.177537122060007,0.426354395472713,0.669849626874451,0.747393236222799,0.0625656650465525,0.161336750961626,"ATE1"
"ENSG00000100053",12.4721324236745,0.204390789649394,0.480148751315853,0.42568222678755,0.670339414637113,0.747876343793935,0.0768089147234768,0.303274984425258,"CRYBB3"
"ENSG00000155254",77.4614661224421,0.0863565083371391,0.203102863346171,0.425186070321184,0.670701037865748,0.748216392521644,0.0670931140172911,0.179832434775283,"MARVELD1"
"ENSG00000105643",218.872663490158,-0.101445358281713,0.238950092469436,-0.424546218975365,0.671167505617658,0.748573147847146,-0.0717084776713094,0.201254812613939,"ARRDC2"
"ENSG00000189042",59.5391886855383,-0.0524354044955669,0.123518831377703,-0.424513443907406,0.671191402881328,0.748573147847146,-0.0471533974728961,0.117138102512452,"ZNF567"
"ENSG00000229117",3738.17271315148,0.0611267141240233,0.143949844731513,0.424638972261715,0.671099878277321,0.748573147847146,0.056148985146185,0.134709695260788,"RPL41"
"ENSG00000111665",18.104316926536,0.0848641826829132,0.200082166875272,0.424146659386272,0.67145885891324,0.748808007492099,0.0663126204185564,0.177038047575332,"CDCA3"
"ENSG00000213949",2745.4890139053,0.063106021567587,0.148911438278103,0.423782231219418,0.671724637923848,0.749040957305444,0.0575833289802516,0.138753549767676,"ITGA1"
"ENSG00000158163",13.1236645537418,0.138814833802311,0.327858519284052,0.423398587004672,0.672004475632725,0.749226092487125,0.0789834832405814,0.250860417027814,"DZIP1L"
"ENSG00000198924",293.16817393685,0.0588851642768884,0.139053199521816,0.423472199700447,0.671950777545094,0.749226092487125,0.0492849929408463,0.130489354558209,"DCLRE1A"
"ENSG00000135392",291.095395352055,-0.0282660930321727,0.0668439303799054,-0.42286701083439,0.672392292972251,0.749594998244933,-0.0272640546569927,0.0657979787571756,"DNAJC14"
"ENSG00000111880",219.424810927664,-0.064535205680975,0.152671254435354,-0.422706985146973,0.672509058579943,0.749622936103965,-0.0538611951517367,0.141169348961619,"RNGTT"
"ENSG00000153132",85.7319838605945,-0.181693348095678,0.429875666370307,-0.422664882685315,0.672539780707387,0.749622936103965,-0.079183907786916,0.282541168175753,"CLGN"
"ENSG00000182168",27.6801527823311,0.0894499914507714,0.21166656850699,0.422598580785408,0.67258816225096,0.749622936103965,0.0676137190227929,0.185273737467437,"UNC5C"
"ENSG00000114654",15.0497504096591,-0.105352773809342,0.249692598174656,-0.421929903327171,0.673076182503281,0.750103353549873,-0.0728866060915214,0.208245843290014,"EFCC1"
"ENSG00000165698",31.7130708561955,-0.0675996184784669,0.160246987436238,-0.421846423199468,0.673137118400595,0.75010776985715,-0.0569231405075362,0.147435628437738,"SPACA9"
"ENSG00000147403",12043.5612735542,-0.0494517695624509,0.117256438705657,-0.421740333480425,0.673214561151248,0.750130578208982,-0.0446631919105244,0.111776407162025,"RPL10"
"ENSG00000126777",2365.52475971823,-0.0582855952015427,0.138547816157,-0.420689382324832,0.673981915376438,0.750922052792264,-0.0485423467072153,0.129655010150344,"KTN1"
"ENSG00000159592",1766.47765250282,-0.0263606466556749,0.0626872752229966,-0.420510327844088,0.674112686238676,0.751004199273854,-0.0304394806566069,0.0618522664208264,"GPBP1L1"
"ENSG00000077549",1378.53706759024,-0.0353421113682127,0.0842250946221672,-0.419614979677458,0.674766743536471,0.751654878624289,-0.0220896662686682,0.0818734373597988,"CAPZB"
"ENSG00000119969",30.0657073957727,0.120966457914626,0.288367722564967,0.419486816480902,0.674860387652139,0.751654878624289,0.0763211316533149,0.231881872810814,"HELLS"
"ENSG00000164080",552.999847068487,0.0600983185838732,0.14327142178585,0.419471781844275,0.674871373235985,0.751654878624289,0.052770554225699,0.134198628658118,"RAD54L2"
"ENSG00000215218",31.5242363403742,-0.114838762282543,0.273817938682417,-0.41939824262477,0.674925108240646,0.751654878624289,-0.0746173387468143,0.22114353795152,"UBE2QL1"
"ENSG00000166167",306.563684488361,-0.0394149223293268,0.094077125737603,-0.418963930076496,0.675242493600411,0.751944740822381,-0.036844161110483,0.0912024071989697,"BTRC"
"ENSG00000110844",122.953837750946,-0.0897265644822679,0.21436663567855,-0.418565903216469,0.675533412957313,0.75220508415054,-0.0670492638750957,0.185833162690084,"PRPF40B"
"ENSG00000133134",9.88809863085313,0.153596592196262,0.367156229207271,0.41834123998902,0.675697641574423,0.752324325494195,0.0784602014300632,0.26733601800356,"BEX2"
"ENSG00000147872",5674.38520850048,-0.100182112201662,0.239586620860178,-0.418145687108831,0.675840603119477,0.752419869835196,-0.0641547904749255,0.201016009884162,"PLIN2"
"ENSG00000065600",31.2552143962057,-0.0703752876501206,0.168357323348754,-0.418011442866297,0.67593875093361,0.752465510678271,-0.0583670400789761,0.153393793506546,"PACC1"
"ENSG00000236104",173.641412215995,0.0443600996458321,0.106141588801237,0.417933254503114,0.675995918060765,0.75246552732398,0.0415517281324795,0.102167453072843,"ZBTB22"
"ENSG00000125844",3020.94069950934,0.0846139024262463,0.202582967176817,0.417675304125615,0.676184530753615,0.752611846470716,0.066264511266836,0.179619280181028,"RRBP1"
"ENSG00000134265",345.417438902931,-0.0567575462625503,0.136095829368191,-0.417041040317257,0.676648389314906,0.753002695856855,-0.0480578007127749,0.127664280838995,"NAPG"
"ENSG00000220201",12.7549905387867,-0.185587101750747,0.445011664884434,-0.417038734926066,0.676650075549328,0.753002695856855,-0.0779330429216842,0.287337048993926,"ZGLP1"
"ENSG00000117114",1033.28529466109,-0.0715010164574044,0.171507017393617,-0.416898489309658,0.676752658579721,0.753053203419592,-0.0559576027464307,0.155505117250737,"ADGRL2"
"ENSG00000100629",19.2034891335076,0.0808580369990598,0.194102218468085,0.416574512322511,0.676989655340664,0.753189606406556,0.0639912784250288,0.172844555118755,"CEP128"
"ENSG00000134253",23.7498814648308,0.101884846659,0.244566995625717,0.416592788402746,0.676976285108007,0.753189606406556,0.0720397435704249,0.206528432759009,"TRIM45"
"ENSG00000140937",21.7134383273219,-0.179217234531963,0.431427002896101,-0.415405696279802,0.677844937395286,0.754077435213041,-0.0777237298419134,0.283165337361233,"CDH11"
"ENSG00000153822",28.6731589555967,0.167941543154755,0.40479799682289,0.414877406688931,0.678231650073896,0.754443891929107,0.0788045832520233,0.282141909757895,"KCNJ16"
"ENSG00000119684",255.776636496803,-0.0426367007636396,0.102905708381872,-0.414327848610879,0.678634021427868,0.754768841039345,-0.0394123343455861,0.0991352326917559,"MLH3"
"ENSG00000157168",114.36407595986,0.135784146220276,0.327746068738786,0.41429679612266,0.678656759944127,0.754768841039345,0.077825413338288,0.251658207463498,"NRG1"
"ENSG00000171557",170127.229327112,0.0739993277305378,0.178637250390677,0.414243544214337,0.678695754903905,0.754768841039345,0.06113371422549,0.162132699726473,"FGG"
"ENSG00000150477",45.361308834027,-0.0470169429880608,0.113599508662131,-0.413883330498366,0.678959552436936,0.75499843474533,-0.0428922453509384,0.10865444184591,"KIAA1328"
"ENSG00000206503",7392.30549052443,0.0720940636560154,0.174595742852728,0.412919939959973,0.679665271360092,0.755719361770709,0.060269627450259,0.159065467029454,"HLA-A"
"ENSG00000132471",1439.95310855207,0.0529596253358714,0.128682503512842,0.411552650050722,0.680667343317123,0.756769653953153,0.0476807828314849,0.121935795769009,"WBP2"
"ENSG00000101052",117.096150678861,-0.0383218990270128,0.093159692038676,-0.411357081462905,0.680810719559906,0.756802999165983,-0.0359639211691147,0.0903655425206937,"IFT52"
"ENSG00000130429",406.82151282212,0.0621935793361472,0.151192012367534,0.411354927831507,0.680812298505385,0.756802999165983,0.0544461349392809,0.14064584541393,"ARPC1B"
"ENSG00000142530",21.2863863142068,0.0866087523299742,0.210603201847629,0.411241384604567,0.680895545262853,0.756831637731593,0.0659454309645963,0.185105369485147,"GARIN5A"
"ENSG00000146433",600.744855653768,0.0538586041022379,0.131300039316055,0.410194881759279,0.681662995145389,0.75762071535406,0.0493507421484228,0.124099481806529,"TMEM181"
"ENSG00000148110",286.035848173302,-0.0518455969977059,0.126571343038952,-0.409615602970655,0.682087949322168,0.758029031887875,-0.0461560854419564,0.119761855227258,"SLC71A2"
"ENSG00000001561",201.568490878909,-0.105499733962146,0.257645021611404,-0.409477091008059,0.682189575507944,0.758033791888639,-0.0711347591403546,0.212023116660034,"ENPP4"
"ENSG00000189221",4052.67957953979,0.0511860951343022,0.125010971841238,0.409452821463606,0.682207382659007,0.758033791888639,0.046553696643226,0.118781837970996,"MAOA"
"ENSG00000155313",455.286068071773,0.0556824564059241,0.136096814529447,0.409138572408513,0.682437970758724,0.758226018819356,0.0505703178587619,0.128149667423879,"USP25"
"ENSG00000178498",62.7659887208701,0.1050050887358,0.256963660755935,0.408637892326473,0.682805418527837,0.758570259078348,0.0721663334079642,0.214592837197696,"DTX3"
"ENSG00000113361",31.5224907879572,0.173351453681301,0.425005483547981,0.407880510703412,0.683361401735423,0.75912387911311,0.0759900245572492,0.288336843083346,"CDH6"
"ENSG00000115267",425.182931362536,-0.046618043533363,0.114454372188283,-0.407306795206338,0.68378267258151,0.759463697250562,-0.0423650594897193,0.109353349951855,"IFIH1"
"ENSG00000175198",1644.23613020311,0.0392178422117427,0.0962760842953772,0.40734770736439,0.683752628124525,0.759463697250562,0.039281771500408,0.0932326967418308,"PCCA"
"ENSG00000162433",3762.20545818509,0.0446768337024937,0.109758652902322,0.407046119108743,0.683974115740109,0.759548178798437,0.0415007309449956,0.105443010396468,"AK4"
"ENSG00000204851",11.1530384667205,-0.112297456230031,0.275839751371769,-0.407111214651145,0.683926307012897,0.759548178798437,-0.0726603806081619,0.223100717847877,"PNMA8B"
"ENSG00000089234",229.899754937588,-0.0240312615647519,0.0590545138906145,-0.40693352601741,0.68405681152624,0.759569538565503,-0.0246109621243107,0.0582733259945655,"BRAP"
"ENSG00000169554",306.423339687314,-0.0947870996340961,0.232970651336272,-0.406862834826691,0.684108733731561,0.759569538565503,-0.0677344087412321,0.197546602933443,"ZEB2"
"ENSG00000185480",11.8048757450399,0.127088299864413,0.313132493621211,0.405861104974142,0.684844658005096,0.760322520220515,0.0751694286471089,0.243522136683637,"PARPBP"
"ENSG00000134775",17.0012729223094,-0.0928812624137764,0.229089210739074,-0.405437087648642,0.685156253969545,0.760540193892845,-0.0674686775235737,0.195449120244148,"FHOD3"
"ENSG00000146085",5306.18799264306,0.0601352988401485,0.14831198610937,0.405464861051774,0.685135842596619,0.760540193892845,0.0524031801527304,0.138311019831321,"MMUT"
"ENSG00000175573",294.055725033669,0.0517406233444324,0.127744848222,0.405030997841225,0.685454725831204,0.760807361346622,0.0495813246090896,0.121048788593759,"C11orf68"
"ENSG00000108094",442.120258166455,0.044720509438295,0.110495694359731,0.404726262841541,0.685678735191251,0.760991842495829,0.0411864609254863,0.106077216611631,"CUL2"
"ENSG00000171970",53.554616175885,0.0589070317816218,0.145649063069836,0.404444975752278,0.685885532618272,0.761157191710399,0.0513605936516988,0.135890885257734,"ZNF57"
"ENSG00000146830",547.574612306137,0.0908371589470208,0.224754397364315,0.404161876307045,0.686093686213735,0.761324017925835,0.0655876645258255,0.194481644764556,"GIGYF1"
"ENSG00000012124",22.636687602264,0.158322458495829,0.392123574114452,0.403756542445515,0.686391756165725,0.761590583320237,0.0757174029322397,0.276868990722209,"CD22"
"ENSG00000148814",77.245013759211,0.0561816119624222,0.139737484877321,0.402051117577689,0.687646406689579,0.762918394748041,0.0511113876014601,0.13116083015469,"LRRC27"
"ENSG00000134262",184.866299028113,0.0505593218526587,0.126058191560487,0.401079225608268,0.688361795350374,0.763519073090398,0.0457113850186841,0.119594849938806,"AP4B1"
"ENSG00000136141",294.482501772204,0.0502278915372626,0.125209665902604,0.401150272027186,0.688309490161631,0.763519073090398,0.0584662380317562,0.11855317695586,"LRCH1"
"ENSG00000197838",15.5915956923634,-0.129811234521565,0.323561453516486,-0.401194991278376,0.688276568100261,0.763519073090398,-0.0746146332986973,0.244757959965369,"CYP2A13"
"ENSG00000156958",383.069720211865,-0.0369868379268542,0.0922547002880884,-0.400920904965856,0.688478358184842,0.763584033683905,-0.0349809932361904,0.0894880567453768,"GALK2"
"ENSG00000143891",1539.38207116681,0.0267087391984406,0.0666515137173481,0.400722169817559,0.688624686483567,0.763681993113431,0.0268795382229471,0.0656189681680402,"GALM"
"ENSG00000237441",502.492224985814,-0.0659863792188041,0.164864913283108,-0.400245133453541,0.688975974970015,0.764007216916973,-0.0545904154699527,0.15063973790857,"RGL2"
"ENSG00000162601",355.281290680391,-0.0658094941741276,0.164585094851276,-0.399850874914249,0.689266356687393,0.764264851957741,-0.0547188231340477,0.150431290390264,"MYSM1"
"ENSG00000137727",48.8566077009782,0.0802257484609745,0.200698361838846,0.399732951110946,0.689353219546357,0.764296799035565,0.0620260112830616,0.177927262716645,"ARHGAP20"
"ENSG00000139146",51.7134953212132,-0.0846513240589624,0.212021559057373,-0.399258096371491,0.689703039725405,0.764620261116932,-0.0626168536890027,0.184245761551153,"SINHCAF"
"ENSG00000127124",53.5999405433349,-0.0573703544468509,0.143903707349008,-0.398671830654865,0.6901350266162,0.765034752919836,-0.049749651086817,0.134213144605643,"HIVEP3"
"ENSG00000171475",326.696275827965,-0.0290580562424588,0.0730202324034534,-0.397945271961152,0.690670527771479,0.765563913844022,-0.0274950587789347,0.0716443856466873,"WIPF2"
"ENSG00000182362",124.032135477032,-0.0571572011192604,0.143805336244955,-0.397462309895788,0.691026574719088,0.765894088959635,-0.0495593282494696,0.13419301632371,"YBEY"
"ENSG00000132330",30.321095966531,-0.0980446597968021,0.246963547511198,-0.397000532203469,0.69136706814858,0.766142481209006,-0.0681677935726952,0.206048644947922,"SCLY"
"ENSG00000165471",4268.58886005664,0.119248970002588,0.300335727161503,0.397052229282276,0.691328946018674,0.766142481209006,0.0636339233865436,0.238070357539372,"MBL2"
"ENSG00000159753",13.0238927210916,0.14363986189977,0.362285490759786,0.396482513275726,0.691749105545547,0.766496603811254,0.0744962799859349,0.264884833450364,"CARMIL2"
"ENSG00000176444",509.151926670109,-0.0865309462107606,0.218286840657599,-0.396409357293743,0.691803064187234,0.766496603811254,-0.0637545149541,0.188244893137069,"CLK2"
"ENSG00000106565",17687.7074099677,0.0456506321906702,0.115246535292423,0.39611283822839,0.692021787765571,0.766674424244489,0.0596092086436924,0.109761701776871,"TMEM176B"
"ENSG00000187522",188.227126636727,-0.0329634027826583,0.0832543854985346,-0.39593593280727,0.692152292073231,0.766689977909823,-0.0323359265856333,0.0811876635250857,"HSPA14"
"ENSG00000197181",33.717609373226,0.10471283879113,0.264446549919564,0.395969767134343,0.692127331557673,0.766689977909823,0.0702123009094562,0.218371501223663,"PIWIL2"
"ENSG00000123496",144.41305611667,-0.115001101236117,0.290739480856275,-0.395546903012346,0.692439314094343,0.766943384316154,-0.0713381561351769,0.229446713791084,"IL13RA2"
"ENSG00000135205",110.757896360528,0.0798596218915846,0.20207452793952,0.395198854135075,0.692696138269751,0.767163303874457,0.0622160200350426,0.178932999399097,"CCDC146"
"ENSG00000204610",82.1458417475849,0.0774329780701943,0.196030344765682,0.395005059868416,0.692839153765038,0.767257153542812,0.0610516659590807,0.174897816785883,"TRIM15"
"ENSG00000170242",1401.0417416377,0.0372862065674205,0.0944146553249632,0.394919691642003,0.692902156931314,0.767262388406869,0.0376618315838977,0.0915244360053148,"USP47"
"ENSG00000125520",2077.73181720484,0.0759106280349336,0.192569648446093,0.394198299926708,0.693434640751593,0.767722879257944,0.0612014719454545,0.172348486185148,"SLC2A4RG"
"ENSG00000198270",181.30987240886,-0.0488305244800019,0.123862217608696,-0.394232603151566,0.693409316940447,0.767722879257944,-0.0437050040270536,0.117574287871208,"TMEM116"
"ENSG00000115514",246.945217330012,0.0730772263924731,0.185610299309529,0.393713208072616,0.693792788760586,0.768054810125442,0.0591561009442617,0.167201269439086,"TXNDC9"
"ENSG00000185420",92.3025496903396,-0.0451763233846077,0.114823110103435,-0.393442777711838,0.693992479815218,0.768211282095776,-0.0411898189638336,0.10969848632809,"SMYD3"
"ENSG00000187790",40.9039995096645,-0.0739899060328567,0.188160808749817,-0.39322697709721,0.694151846443129,0.768323094600272,-0.0588211959670793,0.167949100003992,"FANCM"
"ENSG00000075391",187.01164644069,0.0558097319145324,0.142123756998529,0.392684045884812,0.694552855595617,0.768702328242426,0.0495733638813558,0.133104946048625,"RASAL2"
"ENSG00000119326",374.032273094595,-0.0526261764309806,0.134093384939783,-0.392459154153005,0.694718985744308,0.768821565630795,-0.0467531889342244,0.125995806958081,"CTNNAL1"
"ENSG00000144029",845.607444984658,-0.0311667775111065,0.0795474969858749,-0.391800857249358,0.695205361610538,0.769180735850925,-0.0310864979490532,0.0777626923035862,"MRPS5"
"ENSG00000158286",132.402834019205,0.101160198051601,0.258204883600732,0.391782667472812,0.695218802721101,0.769180735850925,0.0690209049671696,0.215175346749203,"RNF207"
"ENSG00000205138",187.828090706722,-0.0679823117597286,0.173506888397155,-0.391813330224203,0.695196144915299,0.769180735850925,-0.0555379097452924,0.157188424859624,"SDHAF1"
"ENSG00000080823",49.2262853365093,0.0774872443792067,0.198075505712154,0.391200537898977,0.695649010739882,0.769592040618544,0.060778582120643,0.175854501512584,"MOK"
"ENSG00000148288",16.9748963831347,0.104396044795827,0.267055528239108,0.390915123473334,0.695859974798387,0.76976074846207,0.0694973487321695,0.21964267738247,"GBGT1"
"ENSG00000185361",1090.4491391998,0.0494993201743597,0.126670434175691,0.390772483701323,0.695965415801303,0.769812708093754,0.0463843152005572,0.120165475904915,"TNFAIP8L1"
"ENSG00000167705",259.044810008091,-0.056409432828288,0.144445438903038,-0.390524154010525,0.696148998061655,0.769951084381699,-0.0480103252618333,0.134631461669204,"RILP"
"ENSG00000260802",243.711441258728,-0.176959655499568,0.453300846240781,-0.390380156946743,0.696255458677526,0.77000414690872,-0.0717937546973079,0.288129499342174,"SERTM2"
"ENSG00000163297",714.728145822522,-0.0457870409262801,0.117336430550381,-0.390220161901213,0.696373754018675,0.770070287704509,-0.0360003482511245,0.111643459645347,"ANTXR2"
"ENSG00000197506",11.4581436632104,-0.167754396146768,0.430019632868069,-0.390108691149539,0.696456176377636,0.770096751338537,-0.0728318501849305,0.283129298078793,"SLC28A3"
"ENSG00000185630",254.688928055328,0.081996809986208,0.210487483832598,0.389556701867464,0.696864374438747,0.770483402238877,0.0623493106262223,0.184908007968722,"PBX1"
"ENSG00000090539",770.669528800193,-0.158356844729163,0.406910179671484,-0.389169041819036,0.697151102920335,0.770735697459831,-0.0711052828573834,0.274865034840249,"CHRD"
"ENSG00000100350",253.835704998669,-0.0516479300173781,0.13281704368987,-0.388865228305915,0.697375845475512,0.770902654492986,-0.0453813723202723,0.125129594216948,"FOXRED2"
"ENSG00000159658",1266.34651484141,-0.0389839135460669,0.10026556773536,-0.388806590603073,0.697419225099951,0.770902654492986,-0.037362468711827,0.0967785896407398,"EFCAB14"
"ENSG00000049167",99.1309505973134,0.0536159573620712,0.137951485616926,0.38865806426294,0.697529107922948,0.770959388424574,0.0473892141675432,0.129668399782451,"ERCC8"
"ENSG00000134852",366.027134651589,-0.0682803902602333,0.175815238041816,-0.388364461583207,0.697746339849217,0.771134752829245,-0.0545598512695461,0.158820440457215,"CLOCK"
"ENSG00000119227",58.6283544752204,0.0795627906831685,0.205019266570674,0.388074701534168,0.697960752961639,0.771306972762543,0.0615281533170299,0.181140829944824,"PIGZ"
"ENSG00000132718",38.6526117433744,0.0903185998146346,0.232792646931907,0.387978748491371,0.698031760440789,0.771320701465668,0.0654661206804165,0.19938969487972,"SYT11"
"ENSG00000147168",149.058055769303,0.0874897697808161,0.225698853575312,0.387639407089954,0.698282902157273,0.771533458358733,0.0649685486112213,0.194996946166759,"IL2RG"
"ENSG00000166529",161.486857433721,-0.0401992687010066,0.103769960178627,-0.387388302277545,0.698468762506783,0.771674056152077,-0.0368365138866719,0.0998571128167357,"ZSCAN21"
"ENSG00000064201",10.6980516394551,0.134074006307734,0.34665987986814,0.386759512980654,0.698934253034483,0.771993991229195,0.0722942580804944,0.258512523352315,"TSPAN32"
"ENSG00000100722",1044.53143436918,-0.0289263179918714,0.0747812962009597,-0.386812203871643,0.698895241803007,0.771993991229195,-0.0300456034507275,0.0733028123584886,"ZC3H14"
"ENSG00000166171",53.2548651225024,-0.0513672560728207,0.132772749180666,-0.386881015794322,0.69884429609473,0.771993991229195,-0.0455125497861643,0.12514766546132,"DPCD"
"ENSG00000140104",66.5410861787131,0.0745290174472668,0.192775003970549,0.386611417000166,0.699043904452011,0.772050335208051,0.0625053980049948,0.172271097312456,"CLBA1"
"ENSG00000112339",805.21084664288,0.0567015142471933,0.146806005065184,0.386234297582154,0.699323154951308,0.772293965617255,0.0498198302901207,0.137023402473923,"HBS1L"
"ENSG00000266173",24.8548240242645,0.109153147050691,0.282734592167514,0.386062229647583,0.699450581839327,0.772369903589414,0.069865017630733,0.228254058250024,"STRADA"
"ENSG00000152558",6497.46509188298,-0.0865020456783271,0.224131531964912,-0.385943222356902,0.699538719009432,0.772402446702296,-0.0624388443736554,0.191902283605834,"TMEM123"
"ENSG00000160294",875.124824966802,0.043243745347278,0.112259649262622,0.385211833738343,0.700080476549191,0.772935811676868,0.0436667432327534,0.107521652360497,"MCM3AP"
"ENSG00000078081",14.7635055799208,-0.127689596592846,0.331850298641739,-0.384780719244425,0.70039988518604,0.773158790002465,-0.0717095649290027,0.248489439408231,"LAMP3"
"ENSG00000163631",3498731.1887938,0.0532935806068381,0.13849002846161,0.384818901395572,0.700371594253193,0.773158790002465,0.0475837307343769,0.130165200524782,"ALB"
"ENSG00000165478",328.940512040756,0.154234631055869,0.401053186233388,0.384574007513591,0.700553054743569,0.773263038124902,0.0722657461131482,0.28003870773713,"HEPACAM"
"ENSG00000123505",538.31695664303,-0.0679247680384973,0.176893829788091,-0.383986078654453,0.700988765670591,0.773679108795289,-0.0548219531522815,0.159652871793192,"AMD1"
"ENSG00000109519",1067.87659066717,-0.02998910813141,0.0781324791554464,-0.383823839401614,0.701109017635944,0.77374696782857,-0.0288888539796267,0.0764569337481895,"GRPEL1"
"ENSG00000119699",71.885579440622,0.0679976638699263,0.177293291071907,0.383532075347101,0.701325292409704,0.773920777794498,0.0558240190707205,0.160718491520424,"TGFB3"
"ENSG00000035681",169.024762140675,0.0334312924611008,0.0872481415703559,0.383174837416361,0.701590133699199,0.774083273299561,0.0321911100514339,0.0849818506803891,"NSMAF"
"ENSG00000153902",61.29926226663,-0.128938861482615,0.336437056791139,-0.383248096129497,0.70153581979132,0.774083273299561,-0.071168774118732,0.250185351310203,"LGI4"
"ENSG00000163681",372.958429265892,-0.0408764543408034,0.106759270610221,-0.38288435380983,0.70180551284666,0.774256023306446,-0.0375580472531765,0.102580692536068,"SLMAP"
"ENSG00000167641",21.5322435066005,-0.132787490761487,0.347252121423622,-0.382395045470422,0.702168364800592,0.774591427814377,-0.0714235227329371,0.254759061561201,"PPP1R14A"
"ENSG00000089012",11.1486062465803,0.129366588852242,0.338443457911699,0.382239886244142,0.702283439005474,0.774653464975374,0.0714667397031349,0.254657331070521,"SIRPG"
"ENSG00000159399",31.8049151645648,-0.106907847357292,0.280321693695484,-0.381375575853316,0.702924581672714,0.775295722736278,-0.068899875307664,0.224281364285716,"HK2"
"ENSG00000124602",390.337537615271,0.0900978970500156,0.236299115909721,0.381287491081591,0.702989934548416,0.775302854604158,0.0650243617590225,0.201800185671251,"UNC5CL"
"ENSG00000197948",49.3729072067111,-0.0923174010837913,0.242282792271364,-0.381031604507814,0.703179797332019,0.775447291370581,-0.064526009003575,0.203163856127213,"FCHSD1"
"ENSG00000186409",16.7635966498985,0.0971513085992681,0.255087892314942,0.380854252695464,0.703311399736393,0.775527461384367,0.0667014036505622,0.212345765713854,"CCDC30"
"ENSG00000061676",1226.25423579985,-0.0777849003522277,0.204352758771629,-0.380640324210916,0.703470155377505,0.775637556795932,-0.0573614953980411,0.178873144873375,"NCKAP1"
"ENSG00000112282",400.827721061249,0.0543724690257596,0.142942914158437,0.380378904025236,0.703664172008338,0.775786508847913,0.0496573645845385,0.133775387993274,"MED23"
"ENSG00000173320",109.220245995978,0.0703304663197024,0.184956369061228,0.380254363105604,0.703756608571867,0.775823453776873,0.0568421770326579,0.166555869409474,"STOX2"
"ENSG00000188060",18.1755555400704,0.109940040297507,0.289191994586562,0.380162806562749,0.703824566315795,0.775833409252659,0.0691095324127512,0.231709632939721,"RAB42"
"ENSG00000109929",5650.80572555628,0.107864526206601,0.284053162332598,0.379733586913223,0.704143185661349,0.776119646916477,0.0661481358075272,0.229690907820542,"SC5D"
"ENSG00000165376",596.346928443397,-0.078845088114464,0.208098573810367,-0.378883366045136,0.704774476909426,0.776750440565001,-0.0592980398186354,0.181520380225157,"CLDN2"
"ENSG00000116874",164.434560304198,-0.0501403003274067,0.132377856469275,-0.378766522322745,0.704861249588385,0.776758823848742,-0.0435646934825704,0.124568867574215,"WARS2"
"ENSG00000182866",65.7888043533098,-0.0839129639233464,0.22157330027566,-0.378714239571962,0.704900078030136,0.776758823848742,-0.061328597131747,0.190415302332042,"LCK"
"ENSG00000107566",1818.13369146814,0.0377863008761535,0.0998962436669547,0.378255472769624,0.705240819920771,0.777069263961576,0.043533036958865,0.0963672905156109,"ERLIN1"
"ENSG00000163904",504.317214023993,0.0248675415164425,0.0657685509877297,0.378106878484855,0.705351198691011,0.777125847863251,0.0244149239742895,0.064790387701266,"SENP2"
"ENSG00000169021",1717.13784300021,0.0418133798523714,0.110648056820634,0.377895293002324,0.705508379269349,0.777233982215735,0.0492166557117045,0.105851873331876,"UQCRFS1"
"ENSG00000147133",396.640729936326,0.0347781163455027,0.0921574095018301,0.377377321405851,0.705893218034674,0.777592880576014,0.0330996700634237,0.0895076396433787,"TAF1"
"ENSG00000174796",201.653247234923,-0.0457628724112104,0.121339020417919,-0.377148853300388,0.706062987519507,0.777714824201609,-0.0411461344873037,0.115299554820686,"THAP6"
"ENSG00000072952",33.9327489806708,-0.113095202797089,0.300047323793606,-0.376924550991442,0.706229675726549,0.777833353740651,-0.0686946694633733,0.234041989757625,"IRAG1"
"ENSG00000168743",91.6211440290235,0.145707740802818,0.386798136782477,0.376702282009076,0.706394866787785,0.777950214648932,0.0708782966808223,0.274753474709389,"NPNT"
"ENSG00000026751",121.177547319687,-0.0910209022396954,0.241766041536672,-0.376483403794694,0.70655755133579,0.778064295825277,-0.06295368329287,0.202766233156,"SLAMF7"
"ENSG00000179271",296.99818573227,-0.0654734975223974,0.174388020586297,-0.37544721995395,0.707327892518091,0.778847456125549,-0.0528867708499411,0.157827208483253,"GADD45GIP1"
"ENSG00000142252",131.187242014266,-0.053449549903511,0.14276700270362,-0.374383077961442,0.708119330906668,0.77965371389172,-0.0464949339543308,0.133262294839479,"GEMIN7"
"ENSG00000048342",57.5347079314527,0.0541727192933841,0.145155535981236,0.373204638232929,0.708996144353141,0.780553828627265,0.0472463354924916,0.135696363197604,"CC2D2A"
"ENSG00000144199",53.8134043894436,0.0763991445455853,0.204789727174607,0.373061410841405,0.709102738439747,0.780605907549975,0.0589734473813734,0.180994338610457,"FAHD2B"
"ENSG00000144481",1577.73296157054,-0.0597317263879808,0.160165569329817,-0.372937371233513,0.709195057009192,0.780642264073491,-0.0475845355689193,0.14688760750755,"TRPM8"
"ENSG00000155100",81.7089378722014,0.0761943466792867,0.204567265563078,0.372465978217773,0.709545938153042,0.780963201949753,0.0589792268037949,0.180609689305236,"OTUD6B"
"ENSG00000072818",60.9260149100268,0.108770731519127,0.292240575020186,0.372195857853121,0.709747029877216,0.781053944781296,0.0684411998244206,0.233480805110417,"ACAP1"
"ENSG00000143387",153.252495088826,-0.0841951364496305,0.226172995727417,-0.372259898573842,0.709699352787033,0.781053944781296,-0.0611982357075029,0.193223137021309,"CTSK"
"ENSG00000235387",11.2703779362715,-0.088864283104708,0.238898547593714,-0.37197498268527,0.709911475927759,0.781169619061,-0.062937523852918,0.202039767805987,"SPAAR"
"ENSG00000104611",557.161366462901,0.0381016351934144,0.102571727699067,0.371463326670287,0.710292466117655,0.781523534088671,0.036589600017862,0.0990161084382495,"SH2D4A"
"ENSG00000118007",460.020172919486,-0.0456290154397807,0.122953319433159,-0.371108447093094,0.710556759702927,0.781749001274232,-0.0401531470271622,0.11665262642421,"STAG1"
"ENSG00000144712",59.3798891619556,0.0959430559173683,0.258963916866555,0.370488124671084,0.71101882320291,0.782191997517506,0.0660442048459198,0.215297428831177,"CAND2"
"ENSG00000168795",325.506618202277,-0.0311631486300765,0.0841664324094717,-0.370256261765582,0.711191559672703,0.782316657586332,-0.0292785864107325,0.0820339276845383,"ZBTB5"
"ENSG00000173846",38.6861034659087,0.0822036892710139,0.222163223102334,0.370014839193923,0.711371433795747,0.782449147648689,0.0617649576699248,0.19221002449574,"PLK3"
"ENSG00000184863",721.760911257308,0.0495442655306956,0.133963819024786,0.369833182506756,0.711506789387803,0.782532653001404,0.0441450795496217,0.126342362263318,"RBM33"
"ENSG00000126088",1704.32677262703,0.0312999216757087,0.0847139391051466,0.369477821552594,0.711771601375268,0.782758511836517,0.0299621100322015,0.0826503974975115,"UROD"
"ENSG00000196693",595.071943408068,-0.0380171961534929,0.10302823204909,-0.368997850369583,0.71212932704823,0.783086504628498,-0.035059974771143,0.0992779364393848,"ZNF33B"
"ENSG00000141540",40.7061659655239,0.0662816283212785,0.179679547607341,0.368887996457591,0.712211210803012,0.783111140924708,0.0531827954868986,0.162438684620108,"TTYH2"
"ENSG00000164134",294.877976130432,0.0650251952835694,0.176338532411675,0.368752049788887,0.712312548371779,0.7831571617422,0.0533230102152705,0.160153219370876,"NAA15"
"ENSG00000103175",42.5507986294523,0.0982573646902244,0.266708092931274,0.368407885978712,0.712569118179676,0.783373831826454,0.0654399775412053,0.219447581433551,"WFDC1"
"ENSG00000171174",512.40863894604,0.0310990637846685,0.0844347969990039,0.368320466087405,0.7126342937956,0.783380071145769,0.0302586118816272,0.0824052182794675,"RBKS"
"ENSG00000167232",215.799798226341,0.0478321752964323,0.130016323714516,0.367893614662265,0.712952561620949,0.783664503782052,0.0430024824559702,0.122946318998067,"ZNF91"
"ENSG00000152413",11.0703281048989,-0.122525365641543,0.333463293153807,-0.367432842405924,0.713296177504145,0.783976748728573,-0.0683752208653153,0.249221732837811,"HOMER1"
"ENSG00000143379",343.035598497491,0.0354577023039201,0.0965281734220098,0.367330086615264,0.713372814450229,0.783995532141211,0.0333624527673489,0.0934984479334011,"SETDB1"
"ENSG00000132388",607.66872676329,0.0435818158002711,0.118708101718357,0.367134299760533,0.713518843488727,0.784090567846805,0.0397006433694411,0.113274868919796,"UBE2G1"
"ENSG00000185798",79.9217214763104,0.0457552125582769,0.124658884552292,0.367043333674974,0.713586694771916,0.784099684807799,0.0413318908776933,0.118272700765476,"WDR53"
"ENSG00000101343",311.93297886616,0.0389285086806303,0.106138320850232,0.366771476774734,0.713789485377783,0.784257061210372,0.0398356446038745,0.102110476270449,"CRNKL1"
"ENSG00000197857",256.097012423757,-0.0476107886859938,0.129956659780362,-0.366358975111088,0.71409722801728,0.784529714959572,-0.0417919318059593,0.12254493020255,"ZNF44"
"ENSG00000170439",2099.97049937633,0.0637515972115552,0.174470901521512,0.365399597615393,0.714813141567813,0.785250715217507,0.0539827791236142,0.158766173130881,"TMT1B"
"ENSG00000162910",491.136151929546,0.076147944338679,0.208494110987469,0.365228274208933,0.714941014179424,0.785325662663633,0.0586114805856639,0.183384108822372,"MRPL55"
"ENSG00000211456",683.649568034316,-0.0563260226922471,0.154297644572889,-0.365047845339202,0.715075691590513,0.785408071701068,-0.0474835186133217,0.142415775401695,"SACM1L"
"ENSG00000256294",87.3829302360111,0.0393503153623061,0.107867989013491,0.364800676476731,0.715260200092532,0.785545194729586,0.03647675382276,0.10359758872753,"ZNF225"
"ENSG00000163638",72.0333404353199,0.0632666161117348,0.17361232392321,0.364413163086961,0.715549507536147,0.785797382285505,0.052339531751041,0.157766402252831,"ADAMTS9"
"ENSG00000138061",167.961356170012,-0.0787220485125976,0.216367786898539,-0.363834421200197,0.7159816572785,0.786206380294306,-0.0585141725420642,0.186943554923335,"CYP1B1"
"ENSG00000160767",106.996154500338,0.0645885671764741,0.177751259495258,0.363364891814997,0.716332324318494,0.786525842880268,0.0530934042414984,0.161252233187433,"ENTREP3"
"ENSG00000084731",23.2223439306416,0.0897964676986467,0.247727034503583,0.362481502588479,0.71699224384576,0.78718478005948,0.0626989096065131,0.208373305767376,"KIF3C"
"ENSG00000129675",202.00784692428,-0.0589772772849125,0.162843708985087,-0.362171051325745,0.71722421091151,0.787373798120649,-0.0491455636454215,0.149092410229179,"ARHGEF6"
"ENSG00000158156",216.083529056991,-0.0368302321186626,0.101757399474383,-0.361941562077109,0.717395700480466,0.787496397575939,-0.0264271432379295,0.0979661761297988,"XKR8"
"ENSG00000125246",1240.58642495688,0.0367514744096999,0.101672749029067,0.361468286838523,0.717749408062409,0.78781898345558,0.0354078644920104,0.098191194082519,"CLYBL"
"ENSG00000215883",27.3038816782825,0.0751287576272577,0.208280158604138,0.360710103788854,0.718316170803359,0.788375350516591,0.057255363844584,0.182643312177274,"CYB5RL"
"ENSG00000198001",203.660593486841,-0.0331502774557308,0.0919260338672379,-0.360619033163199,0.718384259042144,0.788384358968814,-0.0311057207085027,0.08918627507791,"IRAK4"
"ENSG00000144455",620.026521493542,0.0312230482637616,0.0867237538883195,0.360028791004248,0.718825603151944,0.788802958084556,0.0311149829481096,0.0844918553618755,"SUMF1"
"ENSG00000150995",154.188232890708,0.0692692894743696,0.192565801743952,0.359717503560027,0.719058401133618,0.788992658498643,0.0551187759189408,0.172023093018864,"ITPR1"
"ENSG00000125656",422.814983525482,-0.0538902986865708,0.150039946149638,-0.359173007385811,0.719465668181212,0.789373748939486,-0.0459884519433402,0.13910434387593,"CLPP"
"ENSG00000164830",650.873501764394,-0.084553566732551,0.235479831449186,-0.359069251120968,0.719543283840016,0.789393123492846,-0.0597617019930182,0.198870796122433,"OXR1"
"ENSG00000134121",18.5874842189495,-0.231273977798049,0.644458817990553,-0.358865409769969,0.71969577732501,0.78949463458266,-0.0600513842967828,0.322199116376139,"CHL1"
"ENSG00000204267",179.159233335284,0.0473153980033829,0.131916572642449,0.35867667765769,0.719836977551545,0.78958374126832,0.0424006897015096,0.124577110109387,"TAP2"
"ENSG00000083799",663.582923063842,0.0360600936458296,0.10066485396436,0.358219301232946,0.720179204085432,0.789893318976074,0.0354347616754391,0.0972743990628044,"CYLD"
"ENSG00000149179",70.8860832962696,-0.0456902813611624,0.127581685867665,-0.358125706291065,0.72024924231419,0.789904333553405,-0.041038805427772,0.120749736639128,"CSTPP1"
"ENSG00000068366",686.844310751321,0.184491587364412,0.515431929649633,0.357935891728363,0.720391290058599,0.789994313252667,0.0639214859274185,0.309792535657221,"ACSL4"
"ENSG00000111203",214.47758200574,-0.0580092176180801,0.162187348496161,-0.357667957186272,0.720591815322023,0.790148400144062,-0.0484575001678602,0.148583191123386,"ITFG2"
"ENSG00000244734",1369.6995286896,0.177349184592345,0.496330658790299,0.357320631823542,0.720851786180787,0.790367639644924,0.0647992525191969,0.305656934136126,"HBB"
"ENSG00000156256",597.798193180223,-0.0476018351094725,0.13332610650023,-0.357033114961549,0.721067015162765,0.790487839044154,-0.0419162717620257,0.125419885176377,"USP16"
"ENSG00000186654",215.271459182757,-0.0876073818585493,0.245389360581204,-0.357013774562399,0.721081493765783,0.790487839044154,-0.0603263151979184,0.204784196865958,"PRR5"
"ENSG00000149050",35.9590412622989,-0.0686788859242363,0.192456950240977,-0.356853238286498,0.721201678236395,0.790553767018598,-0.0539775084447723,0.17116059184178,"ZNF214"
"ENSG00000010818",208.195564776746,0.0495822870946395,0.139307576918324,0.355919528509993,0.721900830568183,0.791220993091089,0.0450681525540161,0.130727802578294,"HIVEP2"
"ENSG00000186642",399.126177946094,-0.0624547121448717,0.175493824526422,-0.355879828326772,0.721930562813554,0.791220993091089,-0.0502047944342353,0.15857035575279,"PDE2A"
"ENSG00000095596",324.766633222628,-0.151646714920728,0.426442557349774,-0.355608773812752,0.72213357207486,0.791377610282805,-0.0655594048311916,0.280453081407579,"CYP26A1"
"ENSG00000102710",312.30135610677,0.0353381205829369,0.0994775289677821,0.355237217385868,0.722411885144928,0.791550838866355,0.0331620955826039,0.0961958157676285,"SUPT20H"
"ENSG00000138785",271.589778854348,0.0278158871082398,0.0782905451906411,0.355290502071569,0.722371970176207,0.791550838866355,0.025904068389361,0.0767058633264097,"INTS12"
"ENSG00000065325",31.7848574368133,0.110702639374572,0.311767752407255,0.355080467815554,0.722529308894487,0.791613620779297,0.065503596138331,0.242880476555966,"GLP2R"
"ENSG00000163938",634.67159547546,-0.0368467833082244,0.104004620752368,-0.354280252566426,0.723128865444091,0.792204579999742,-0.0325363436722537,0.100062561212795,"GNL3"
"ENSG00000025423",22717.9126926241,0.0413298741199702,0.116783409345006,0.353901931376844,0.723412379565854,0.792330529955366,0.0418855294371773,0.111473112145575,"HSD17B6"
"ENSG00000104290",30.6962926007473,-0.0794175658978644,0.224466653515637,-0.353805630609324,0.723484553480435,0.792330529955366,-0.0580426269464439,0.192397566516814,"FZD3"
"ENSG00000146021",160.591635226233,-0.0710349024347515,0.200737821397783,-0.35386905138314,0.723437021645973,0.792330529955366,-0.0546872074484988,0.176574664996446,"KLHL3"
"ENSG00000161944",10871.9194555395,-0.0439072612443194,0.124053547648616,-0.353937973371688,0.723385368037175,0.792330529955366,-0.037520988752537,0.117541612926264,"ASGR2"
"ENSG00000155066",12.5725147830406,0.157764533086224,0.446274803793184,0.353514318409372,0.723702896322972,0.792503728935228,0.0647302365867586,0.29237882899703,"PROM2"
"ENSG00000136932",165.980921704544,-0.0304105604465594,0.0860543324654,-0.353387907096794,0.72379765048583,0.792541572379943,-0.0298388406233103,0.0837920586729414,"TRMO"
"ENSG00000155906",509.416253972037,-0.0264039748429875,0.0747654187400976,-0.353157586594599,0.72397030277026,0.792664699066381,-0.0258417814942915,0.0732983292892211,"RMND1"
"ENSG00000203867",10.881599191059,0.183893070402361,0.520934244782491,0.353006300208087,0.724083717339217,0.792722952144365,0.0622049695905131,0.30964291083413,"RBM20"
"ENSG00000175906",374.994267890439,0.0765728817328315,0.217035583487532,0.352812568807318,0.724228960423066,0.79281603832461,0.0577984600281084,0.189054840154182,"ARL4D"
"ENSG00000169570",98.8069199039297,-0.0733907439919039,0.208287842060532,-0.352352510189122,0.724573912440784,0.793127712936096,-0.0556123510226343,0.181699280321691,"DTWD2"
"ENSG00000134686",939.951523943399,0.0417192528165905,0.118529557904622,0.35197341113987,0.724858202991557,0.793372940442833,0.0425545670135532,0.113001026978457,"PHC2"
"ENSG00000162409",94.652127662817,0.118772532891294,0.338520937808364,0.350857272404611,0.725695427848421,0.794223275399195,0.0663622906910513,0.255096704725245,"PRKAA2"
"ENSG00000117118",3207.26251554881,-0.0312985777604387,0.0892805100830568,-0.350564504294631,0.725915089945396,0.794397645600622,-0.032117673921334,0.0868536215026438,"SDHB"
"ENSG00000078804",795.182620138376,0.0516358882814805,0.147402359642494,0.350305710211946,0.726109280314245,0.794478083987148,0.0467069117680783,0.137387150811693,"TP53INP2"
"ENSG00000135318",967.0813992751,-0.0646345230820641,0.184473627183436,-0.350372701339,0.726059010738093,0.794478083987148,-0.0515447510373392,0.165148815153426,"NT5E"
"ENSG00000132622",37.5243735407776,0.0944600156866946,0.269851959269842,0.350043838637607,0.726305797850004,0.794595413352203,0.0619925996797389,0.220986551605637,"HSPA12B"
"ENSG00000133401",32.3521478000879,0.106922630167287,0.305491507066613,0.35000197286654,0.726337217051023,0.794595413352203,0.0644177482239523,0.239709714578783,"PDZD2"
"ENSG00000125388",30.6791416639741,-0.0557149209848478,0.15940681748569,-0.349514041266456,0.726703431299015,0.794908335747973,-0.0469338440709046,0.146559319771838,"GRK4"
"ENSG00000171659",53.5793674117026,-0.128895630455685,0.36884232142174,-0.349459980511032,0.726744010132033,0.794908335747973,-0.0652295256692711,0.262116781005466,"GPR34"
"ENSG00000101236",35.964340129782,0.064307135127899,0.184622054909708,0.348317730291483,0.727601579743714,0.795780229183065,0.0519663463187052,0.165915688401364,"RNF24"
"ENSG00000065559",512.528009042355,0.0356309130692262,0.102354897790252,0.348111461575996,0.72775647694916,0.795883526498267,0.0316819824898901,0.0987901557874023,"MAP2K4"
"ENSG00000179532",233.77475381885,0.113200777688167,0.325491374669224,0.347784262496066,0.728002209457257,0.796086137019456,0.0642964570284843,0.24932975058304,"DNHD1"
"ENSG00000175857",15.7085593557447,-0.102738251299376,0.295651768447307,-0.347497503021655,0.728217594074814,0.796255530569637,-0.0630405451576821,0.232385746674153,"GAPT"
"ENSG00000114107",426.031349608965,0.0445425229523021,0.128332669861734,0.347086388838417,0.728526418770281,0.796527057758638,0.0398134874721994,0.121548487686824,"CEP70"
"ENSG00000082175",14.9822192859226,-0.084319541497656,0.243006532932889,-0.346984669424269,0.728602836138177,0.79654446073198,-0.059123806286573,0.204039482785291,"PGR"
"ENSG00000005075",410.299634633854,-0.0473232546496113,0.136470582399691,-0.346765242863933,0.728767690944934,0.79665853694628,-0.0388077196519323,0.12800228621244,"POLR2J"
"ENSG00000108389",2398.76427812376,-0.0430170184773018,0.124095898190103,-0.346643354894808,0.72885927059154,0.796692499510852,-0.0368977416981586,0.117591604440795,"MTMR4"
"ENSG00000014824",793.598671519713,0.0601320676164681,0.173597113029149,0.346388638423792,0.729050662466052,0.796835548898227,0.0499937354632433,0.158052632201112,"SLC30A9"
"ENSG00000197646",51.983116685118,-0.114555330269625,0.330945127361954,-0.346145994602714,0.729232998756015,0.796968677813704,-0.0638684379087649,0.247459337095072,"PDCD1LG2"
"ENSG00000160323",448.604371680562,-0.0809583166598007,0.234056902136308,-0.345891601234015,0.729424180765859,0.797111451192173,-0.0575477830635462,0.197991319724965,"ADAMTS13"
"ENSG00000041982",133.233189134676,0.114304858426949,0.330936373422275,0.345398292864882,0.729794960396048,0.797408999437026,0.0646640146302615,0.251659815529665,"TNC"
"ENSG00000099783",1363.37166680164,-0.0320996381355677,0.0929866262757499,-0.345207041283301,0.729938725597375,0.797408999437026,-0.0277432136180822,0.0901140483675067,"HNRNPM"
"ENSG00000147099",237.271132207513,0.0269460589650985,0.0780469913738999,0.345254294762086,0.729903203931505,0.797408999437026,0.0259090991635511,0.0763534844373321,"HDAC8"
"ENSG00000205643",77.5253305327124,0.053785050326049,0.155751255802148,0.345326591744292,0.729848857536046,0.797408999437026,0.0458570714799745,0.144108538145525,"CDPF1"
"ENSG00000179914",269.815467392542,-0.230584370542722,0.668131450606071,-0.345118270264864,0.730005458641564,0.797415736204665,-0.0553583650801492,0.324338631519084,"ITLN1"
"ENSG00000148942",122.781753403025,0.189813454021464,0.550274164043335,0.34494342352318,0.730136904537866,0.797493154566579,0.0598782108687824,0.315984725830266,"SLC5A12"
"ENSG00000100077",129.283215600438,0.068196631966984,0.197948330122488,0.344517339069164,0.730457258558346,0.797776878156714,0.0536184835091868,0.175853829526993,"GRK3"
"ENSG00000101363",402.052212716726,0.031269080451845,0.09081396438672,0.344320178763362,0.730605510574586,0.797872607185219,0.0299349875928233,0.0882616620227148,"MANBAL"
"ENSG00000146243",34.1675581993257,0.0653085772693396,0.189987817080872,0.343751395604171,0.731033255733214,0.79827352118964,0.0521364489503749,0.170021129822555,"IRAK1BP1"
"ENSG00000159713",19.2632902648729,0.126341623647896,0.368634047741521,0.342729122342178,0.731802251747044,0.799046976820499,0.0643077122831137,0.266852124101697,"TPPP3"
"ENSG00000243989",82.6883626629534,0.0955411076017193,0.279260051426969,0.342122359118396,0.732258811497053,0.799479186679675,0.061812469995567,0.226252808483413,"ACY1"
"ENSG00000137265",23.8914063593292,-0.0984172875069364,0.288460880117196,-0.341180708687263,0.732967545187386,0.800186625202084,-0.0614166090880994,0.228256927962281,"IRF4"
"ENSG00000103266",848.537704756105,0.0506262030830329,0.148453656659126,0.34102361789093,0.733085801837357,0.800249371278554,0.0446980886610989,0.138280030008728,"STUB1"
"ENSG00000145949",22.8035746325176,-0.0750907336215215,0.220412459100903,-0.340682799546942,0.733342388842361,0.800463098283745,-0.0554874185478829,0.18961250100932,"MYLK4"
"ENSG00000036530",22.66962267036,0.0832705054802253,0.244997075470261,0.339883671347469,0.733944133781545,0.801022370034222,0.0585652702098667,0.20633892878381,"CYP46A1"
"ENSG00000069399",300.265527340449,0.110350895665148,0.324713530843192,0.339840767887304,0.733976444789067,0.801022370034222,0.065302258483508,0.248887448565232,"BCL3"
"ENSG00000110492",44.7797878923686,-0.0932697881476705,0.274593693313653,-0.339664713424914,0.734109038026459,0.801100670920544,-0.0608323971067511,0.221125431764068,"MDK"
"ENSG00000075826",191.522348910567,0.115025724917854,0.338814367015092,0.33949482700871,0.734236993393727,0.801173898145351,0.0633860894778699,0.255028695021288,"SEC31B"
"ENSG00000197249",354679.552376781,0.0400295454615893,0.117949870838365,0.339377611667286,0.734325282165668,0.801203834009545,0.0368524832947203,0.112597973056907,"SERPINA1"
"ENSG00000177098",11.4093139306377,-0.128132483046788,0.377679266162143,-0.339262688017879,0.734411848202521,0.801231885435399,-0.0633462398560645,0.266096951146055,"SCN4B"
"ENSG00000167562",30.568426267525,-0.056971541656063,0.16809172949338,-0.338931259900605,0.734661514748072,0.801437857583323,-0.0476936559240807,0.153569913367662,"ZNF701"
"ENSG00000078967",469.624889442734,-0.0238371883410565,0.0704229506091676,-0.338486077832038,0.734996916878141,0.801698513364402,-0.016233004013634,0.069124919496325,"UBE2D4"
"ENSG00000176049",88.8838342934058,-0.0719451312395499,0.212570852970838,-0.338452474711667,0.735022235669276,0.801698513364402,-0.053954216497583,0.184600751570194,"JAKMIP2"
"ENSG00000128563",198.426180228628,-0.0634610808999851,0.187621416609356,-0.338240069000847,0.735182282701263,0.801806654576278,-0.0502660598525352,0.167426254765398,"PRKRIP1"
"ENSG00000136231",10.0922773556927,0.0963578664243822,0.285478264493686,0.337531358456585,0.735716377011911,0.802274946321389,0.0611260025870448,0.228618732222352,"IGF2BP3"
"ENSG00000155729",214.211599009273,-0.024241144782583,0.07182378491477,-0.337508595674105,0.735733533486591,0.802274946321389,-0.0232748876048374,0.0705291854322837,"KCTD18"
"ENSG00000136492",58.339485977184,-0.073383874887016,0.217960467966863,-0.336684333501123,0.736354874619487,0.802885985858399,-0.0538293559605204,0.187964049936024,"BRIP1"
"ENSG00000105877",20.0408306028977,0.128775108990117,0.38267712259123,0.336511124882877,0.73648546380202,0.802895389286859,0.0629113043444262,0.272074331746094,"DNAH11"
"ENSG00000160179",154.037570589546,0.0913878982403559,0.271557586961973,0.33653229601408,0.736469501597114,0.802895389286859,0.060377863756178,0.222099604082192,"ABCG1"
"ENSG00000172771",29.5328879586654,0.108061798881503,0.322063638797107,0.335529336019146,0.737225819018241,0.803635960688373,0.0624678727552136,0.246977723731283,"EFCAB12"
"ENSG00000143297",15.8319067498229,-0.112642237693036,0.336190644672453,-0.335054646754914,0.737583864022485,0.803959694819111,-0.0621876378544703,0.24996730746956,"FCRL5"
"ENSG00000173992",874.251306613445,-0.0644091644426839,0.192423977651722,-0.334725252168217,0.737832350738641,0.804163967700741,-0.0504011552278153,0.17077051244744,"CCS"
"ENSG00000143420",1608.40728964249,-0.0241253030836468,0.0720981008742399,-0.334617733215031,0.737913466175268,0.804185803796339,-0.0200770117576301,0.0706917307268961,"ENSA"
"ENSG00000140326",183.327171674217,0.0412070465700843,0.123261877041478,0.33430487640731,0.738149511080673,0.804376466055962,0.0372060329985325,0.117166962731151,"CDAN1"
"ENSG00000115750",67.1480815483401,0.0560473960655887,0.167926480293169,0.333761512584199,0.738559528099687,0.804756662001199,0.0469113828895204,0.153584511356684,"TAF1B"
"ENSG00000029725",851.710436013179,0.0325503553115728,0.0975638558694198,0.333631292259897,0.7386578021316,0.80479713860184,0.0309051835825847,0.0944583173680769,"RABEP1"
"ENSG00000167244",4637.23151377184,-0.0607432198437544,0.182698211461834,-0.332478459190849,0.739528002551764,0.805678583499919,-0.0461561871904855,0.163710276591665,"IGF2"
"ENSG00000145934",139.656424092621,0.145626422408957,0.438195397175197,0.332332159004249,0.739638459140903,0.805732248307887,0.0617614906719586,0.289938115691851,"TENM2"
"ENSG00000112796",17.6798235443569,0.129649080928783,0.39052536439273,0.331986325985223,0.739899584296651,0.805882321938792,0.0622209862127969,0.274510515883977,"ENPP5"
"ENSG00000144476",88.8347094209645,-0.0982515581282553,0.296021781851548,-0.331906515506104,0.739959850365947,0.805882321938792,-0.0599846621143348,0.231535476850249,"ACKR3"
"ENSG00000187630",930.22304400137,0.0669941046801489,0.201808721471071,0.331968332150365,0.739913171567198,0.805882321938792,0.0531700513324431,0.178528895636127,"DHRS4L2"
"ENSG00000102098",26.9718184787637,-0.0593793714177818,0.179404717575538,-0.33097998882209,0.740659601078718,0.806577692953052,-0.04793500477377,0.161659051438859,"SCML2"
"ENSG00000124107",952.700840598339,0.0651916885157336,0.197057796185709,0.330825218679987,0.740776510731956,0.806638288007356,0.0517876211903723,0.17520750983476,"SLPI"
"ENSG00000065978",3623.88057005217,-0.0245892801773177,0.0743683777150987,-0.330641610490925,0.740915211717139,0.806722599856752,-0.0250031597635544,0.0729156246044366,"YBX1"
"ENSG00000183386",49.8060468353077,-0.0706523689890259,0.214115980996727,-0.329972422703497,0.741420799656058,0.807206338234653,-0.0527330975024615,0.185497101755377,"FHL3"
"ENSG00000126870",110.260071781466,0.0525240429891203,0.159568276517018,0.329163441102395,0.742032154338785,0.807805138417765,0.0446894766099461,0.147036473525746,"DYNC2I1"
"ENSG00000116120",401.394845476054,0.0324108236407546,0.0986270694447996,0.328619960252338,0.742442959167519,0.808118716964249,0.0303795792661656,0.0954022447521549,"FARSB"
"ENSG00000132953",303.977966642347,0.0483726014435685,0.147194975263863,0.328629434237516,0.742435797368625,0.808118716964249,0.0406424827323326,0.137285125041109,"XPO4"
"ENSG00000023892",70.9150819200265,-0.07721561825472,0.235207719069137,-0.328286922556411,0.74269473106181,0.808259119619754,-0.0548936953804033,0.198717888308909,"DEF6"
"ENSG00000125810",346.572905055927,-0.0671020598054528,0.204360492319009,-0.328351429593866,0.742645962482826,0.808259119619754,-0.0506716264221183,0.178906258836421,"CD93"
"ENSG00000173914",220.502913415539,0.025889987866986,0.0790316621220568,0.327590071774036,0.743221629652573,0.80876568113115,0.0248803235138849,0.0773669703637141,"RBM4B"
"ENSG00000083814",73.2982917106071,0.0599781688466694,0.183270320297635,0.327266132067994,0.743466605951919,0.808965399501071,0.0493692677927046,0.165029307702775,"ZNF671"
"ENSG00000112902",375.38900832125,-0.0596121907555869,0.18225503393146,-0.327081175590492,0.743606489165652,0.809026923747708,-0.0451787345905679,0.163425851897619,"SEMA5A"
"ENSG00000164109",34.4868020838605,-0.0807271592508349,0.246850248475065,-0.32702887580439,0.743646045206955,0.809026923747708,-0.0558456587861183,0.205794651065576,"MAD2L1"
"ENSG00000203326",39.5038841330019,-0.0642378892299685,0.196568077184851,-0.32679715928421,0.743821308138725,0.809150734772738,-0.0498899140284381,0.173694906511749,"ZNF525"
"ENSG00000058799",545.061101395306,0.029101154513887,0.0892134924176983,0.326196786217438,0.744275472761376,0.809377879152062,0.0278233440427767,0.0868064546161823,"YIPF1"
"ENSG00000115827",179.21669442239,-0.0464369778178052,0.142300672573779,-0.326329995339474,0.744174696282278,0.809377879152062,-0.0395154740357961,0.132804785660513,"DCAF17"
"ENSG00000204287",5017.04330756329,0.0760623663452823,0.233179896215827,0.326196072558847,0.744276012676137,0.809377879152062,0.0576389582252606,0.199334277915559,"HLA-DRA"
"ENSG00000213380",369.956971223903,-0.0437475160633531,0.134067863498574,-0.326308743361294,0.7441907737129,0.809377879152062,-0.0426707534824464,0.126110154496357,"COG8"
"ENSG00000237440",12.3337377649231,0.0856539757115736,0.262946071612844,0.325747310793404,0.744615545975484,0.809668354670093,0.0574228590606271,0.216783939524466,"ZNF737"
"ENSG00000259417",418.431762554209,0.0613973805909944,0.188520298874982,0.32568047556359,0.744666117780659,0.809668354670093,0.0502161373074244,0.169070035650995,"CTXND1"
"ENSG00000167780",48.5129568821846,-0.0952761475297113,0.292871257792598,-0.325317507248126,0.744940782016464,0.809900110324423,-0.0575095307053968,0.23021509326922,"SOAT2"
"ENSG00000100105",466.953852091893,0.0397119228005301,0.122179106878703,0.325030390342886,0.745158071190127,0.810069454651904,0.0362795920945376,0.116285497188818,"PATZ1"
"ENSG00000129534",91.1640185409935,-0.0723767842061544,0.223369110145308,-0.324023246361465,0.745920434818677,0.81083127846951,-0.0528593292295501,0.191414114650412,"MIS18BP1"
"ENSG00000197976",504.082955960661,0.0795450936528553,0.245673684464252,0.323783533536861,0.746101923553545,0.810937968417418,0.056279630715756,0.207011837276344,"AKAP17A"
"ENSG00000240771",44.3556688506557,0.0823361348662931,0.254335107982011,0.323730905731335,0.746141770424472,0.810937968417418,0.0580230228633345,0.212039054681169,"ARHGEF25"
"ENSG00000070814",155.746410076132,0.0605672707033219,0.187201076306485,0.323541252530842,0.746285370995616,0.811027089932174,0.0488184536285678,0.168114476932419,"TCOF1"
"ENSG00000138613",74.2031325581945,0.0564982661635877,0.174853036282118,0.32311858784328,0.746605433622591,0.811307951392789,0.0466638781931366,0.158685090531894,"APH1B"
"ENSG00000180776",427.058875186697,-0.0715533270991158,0.221818037719992,-0.322576684180391,0.747015853850225,0.811686946586784,-0.05223943229259,0.190341281538194,"ZDHHC20"
"ENSG00000101109",333.635531542136,-0.0404721903972791,0.125618328073942,-0.322183800865874,0.747313455780586,0.811876306527534,-0.0366253490195053,0.118964780807346,"STK4"
"ENSG00000112763",224.405779479462,-0.0343160205774908,0.106489094059295,-0.322249155001573,0.747263948603964,0.811876306527534,-0.021517010158855,0.101986833852305,"BTN2A1"
"ENSG00000124357",564.995048150281,-0.0350475925824668,0.108907408534751,-0.321810913086629,0.747595946304866,0.812065551277595,-0.0315505426579043,0.104430470694564,"NAGK"
"ENSG00000148965",15.7852950243989,-0.0863658892096051,0.268391225375142,-0.3217910313159,0.747611009193053,0.812065551277595,-0.0567117879279221,0.218079332948736,"SAA4"
"ENSG00000172345",658.627386786426,0.0683706965477318,0.212583942789355,0.321617407460915,0.747742554726039,0.812074443250271,0.0522738033671402,0.185873853468834,"STARD5"
"ENSG00000196724",53.8794296145784,-0.0509430452331848,0.158369359645433,-0.321672357249149,0.747700921408083,0.812074443250271,-0.0434808071084535,0.145538587733047,"ZNF418"
"ENSG00000162692",596.936330391221,0.124914944730495,0.388868439289682,0.321226749485424,0.748038562287529,0.812328910514485,0.0636368030212526,0.274239256325471,"VCAM1"
"ENSG00000083312",853.286171368705,0.0711930566619428,0.221840280160269,0.320920333361052,0.748270764499662,0.812514052404334,0.0538021264048954,0.192007063576573,"TNPO1"
"ENSG00000071189",449.293546849713,-0.0683094745382026,0.212937695760701,-0.320795593726011,0.74836529876602,0.812549688566173,-0.0508502485879509,0.184623589017375,"SNX13"
"ENSG00000011426",16.0750199779227,0.113680531480639,0.354652120045671,0.320540961283412,0.74855828438568,0.81269220518033,0.0601211643251519,0.260511220206734,"ANLN"
"ENSG00000157578",14.6807626754755,-0.0721242787394239,0.225094613868396,-0.320417612398278,0.748651776020473,0.812726688908769,-0.0526588219023162,0.192840207058009,"LCA5L"
"ENSG00000084453",52.4041055838781,-0.199524719423238,0.623189910494442,-0.320166799980657,0.748841889359577,0.812866049576073,-0.0532995485480901,0.318810401203153,"SLCO1A2"
"ENSG00000123219",10.5206735778726,0.106538823671236,0.33298235019411,0.31995336572383,0.749003682445591,0.812974648234019,0.0598213585778484,0.250754084101927,"CENPK"
"ENSG00000141401",272.481990718904,-0.0476688622564352,0.149100390731673,-0.31970984128554,0.749188298782646,0.813107999486631,-0.0391316088680402,0.13824100136674,"IMPA2"
"ENSG00000089022",240.895154193224,0.0189816691006193,0.0594551279034464,0.319260419916092,0.749529043707066,0.813343722858916,0.0178706723489424,0.0587633721721187,"MAPKAPK5"
"ENSG00000188215",276.913921853776,-0.0368163448389911,0.115295328166028,-0.319322087239951,0.749482285518895,0.813343722858916,-0.0260181324145228,0.109795239356874,"DCUN1D3"
"ENSG00000140749",165.17562670938,-0.0815080841095313,0.255490079239417,-0.319026415241552,0.74970648210178,0.81346922229702,-0.0544188830562369,0.210415838996737,"IGSF6"
"ENSG00000064300",380.387754563905,0.0701394520958989,0.220138098438779,0.318615689848001,0.750017954292307,0.813740122473219,0.052603550751507,0.190869652163215,"NGFR"
"ENSG00000070159",1242.86255489259,0.0284383771916292,0.0894375682261487,0.317969034217488,0.750508425959812,0.814138084879862,0.02881026347036,0.0869647909724309,"PTPN3"
"ENSG00000111879",164.852563001154,0.0570049685006184,0.1792430966219,0.318031598287249,0.750460968311706,0.814138084879862,0.0470402154046347,0.162218495886048,"FAM184A"
"ENSG00000111371",151.0305599834,-0.0873120029700897,0.274824943780165,-0.31770043056911,0.750712184578805,0.814157876619814,-0.0560828970670782,0.220884957613936,"SLC38A1"
"ENSG00000147912",52.6567524577727,-0.0489845920753156,0.154161094961027,-0.317749378257201,0.75067505231531,0.814157876619814,-0.0418095852536735,0.142398870633048,"FBXO10"
"ENSG00000165494",707.309250101412,-0.0309464660544901,0.0973747164599602,-0.317808022241739,0.750630565093372,0.814157876619814,-0.0287469844342441,0.0941473051968312,"PCF11"
"ENSG00000118369",158.234591819446,-0.0739406710205489,0.232903394532034,-0.317473565248441,0.750884294686876,0.81421039563889,-0.0516753335032725,0.197205776600508,"USP35"
"ENSG00000177694",83.0510794983343,-0.0719862514660266,0.226718383173404,-0.317513959205366,0.75085364912979,0.81421039563889,-0.0521928756112421,0.193531425749398,"NAALADL2"
"ENSG00000107249",78.1719938137626,-0.0518794473541549,0.163528536406522,-0.31725011728342,0.751053824354984,0.814327155682922,-0.042746816802266,0.149587873305643,"GLIS3"
"ENSG00000164107",88.8945735668577,-0.0564418632040187,0.178048445343842,-0.317002842091767,0.75124144571617,0.814463510729504,-0.0454496658187065,0.160615929594439,"HAND2"
"ENSG00000156531",187.005505019586,0.0824955965136509,0.260305039092955,0.316918937878078,0.751305111825105,0.814465467458982,0.0559556778025093,0.215537020480004,"PHF6"
"ENSG00000175518",10.5737671611373,0.13321325725347,0.420517042116766,0.316784443700335,0.751407168884188,0.81450903882177,0.0585660765091258,0.283824826351309,"UBQLNL"
"ENSG00000168807",167.599421855209,-0.0439772491230689,0.138901524497569,-0.316607389891092,0.751541527731784,0.814587614564638,-0.0377139252165946,0.130026179016881,"SNTB2"
"ENSG00000125968",495.035632727619,-0.108960863011867,0.344795768935504,-0.316015661527007,0.751990620657893,0.81494020179289,-0.0593532089599163,0.25275653123865,"ID1"
"ENSG00000174469",325.01409253014,0.0640726507590289,0.202744571623519,0.316026467421317,0.751982418758625,0.81494020179289,0.0493221311276391,0.179063111599312,"CNTNAP2"
"ENSG00000125386",197.283905441719,0.06225715247876,0.197644615106827,0.314995439896553,0.752765116196488,0.815645257167555,0.0493426332914314,0.175511345224827,"FAM193A"
"ENSG00000126264",54.4427001971734,-0.0654250788145117,0.207661352823597,-0.31505659538917,0.75271868332566,0.815645257167555,-0.0496396106738877,0.181369595568108,"HCST"
"ENSG00000104177",10.3117617429602,-0.110340828192609,0.350496322757889,-0.314813083699107,0.752903577127915,0.81569151487161,-0.0585840646296285,0.25573639040278,"MYEF2"
"ENSG00000146067",474.456671629411,0.106727421551157,0.339108976283945,0.314728978043305,0.752967440249117,0.81569151487161,0.0607013254230079,0.25465033503716,"FAM193B"
"ENSG00000150054",52.9030189904855,0.0763259541119879,0.24253989247064,0.314694433705281,0.75299367095166,0.81569151487161,0.0551562471659218,0.204869223447507,"MPP7"
"ENSG00000164294",33.2512384484876,0.0766805364718305,0.244251425133329,0.313940999238687,0.753565850509756,0.816177030915716,0.0547096468522174,0.205872595953364,"GPX8"
"ENSG00000222009",55.3948361499828,0.0578395529986472,0.184222679395318,0.313965431338293,0.753547293953529,0.816177030915716,0.0459400693153458,0.165914597586123,"BTBD19"
"ENSG00000060982",30.048262961621,-0.112732363518372,0.360546570263017,-0.312670741635773,0.754530826575141,0.817154961148993,-0.0581974980266872,0.258916884851566,"BCAT1"
"ENSG00000136807",537.452072881246,-0.0385098135793601,0.123344228010109,-0.312214152219623,0.754877777399141,0.817463465803347,-0.0312399200393729,0.116902397478998,"CDK9"
"ENSG00000148459",69.5051538131794,0.0439063540013899,0.140693395488204,0.31207118037798,0.754986428281068,0.817513883933592,0.0379360271582421,0.131603980318378,"PDSS1"
"ENSG00000011478",82.0743882018692,0.0666393821183664,0.213653619657312,0.311903829316125,0.755113612212469,0.817584360064916,0.0505996521892695,0.186552556575221,"QPCTL"
"ENSG00000198796",544.402314173835,0.126265518921,0.405495118524036,0.31138603932051,0.755507165745118,0.817943207318495,0.0623841113430621,0.279636343976873,"ALPK2"
"ENSG00000088899",170.009483366753,0.0408329940386331,0.131267294671565,0.311067536973308,0.755749279440448,0.818138054030007,0.0383118572695817,0.123987191396401,"LZTS3"
"ENSG00000100055",131.646853684762,0.0609368668992344,0.196179590721778,0.310617769539825,0.756091216846437,0.818440924196349,0.0481369732925509,0.174398811762294,"CYTH4"
"ENSG00000177932",70.0637552034016,-0.0489186083261888,0.158400411805861,-0.308828795130561,0.757451763773173,0.819846261249391,-0.0431933827116261,0.145739921615296,"ZNF354C"
"ENSG00000132522",12.3442597673095,0.0842012705569145,0.272888991758447,0.30855502823451,0.757660034810666,0.820004276063891,0.0552346904054054,0.221233246541707,"GPS2"
"ENSG00000186141",173.075215436051,0.021547809540998,0.0699017546289456,0.308258493014641,0.757885646938389,0.820181031365349,0.0209497951637262,0.0687193084730018,"POLR3C"
"ENSG00000243364",56.1856237423791,-0.0441550937223893,0.143289641953356,-0.308152725629413,0.757966122656606,0.820200704437977,-0.0382678871638523,0.133676243555556,"EFNA4"
"ENSG00000213015",66.0574824816552,0.0854294180172016,0.27740510404547,0.307959070584363,0.758113476661134,0.820292737813978,0.0560589048942025,0.224843163326062,"ZNF580"
"ENSG00000203933",11.1779991755497,-0.0807087522662813,0.262149476169611,-0.307873025136479,0.758178952298265,0.820296169443582,-0.05364287000064,0.21556679514337,"CXorf66"
"ENSG00000103429",559.436534333154,-0.0236302451157923,0.0767757232012581,-0.307782774691012,0.758247629560471,0.820303064157203,-0.0214171809440233,0.0751596344117132,"BFAR"
"ENSG00000172116",18.0531995085802,0.113315305589253,0.368492856414073,0.307510182672095,0.758455073619406,0.82046006895679,0.0576944799729288,0.265751240175108,"CD8B"
"ENSG00000107186",2425.31018585627,-0.0480215218100285,0.156209892208875,-0.307416650322098,0.758526256271367,0.82046965905922,-0.037559274431826,0.143757773451792,"MPDZ"
"ENSG00000150764",285.422842655728,0.046099152833974,0.150339697817474,0.306633267880734,0.759122528587541,0.821022177443725,0.039190486028389,0.139761615419217,"DIXDC1"
"ENSG00000181666",308.524143641135,0.0488386622117455,0.159300640390172,0.306581706715842,0.759161779447054,0.821022177443725,0.0417088572060479,0.146861702991422,"ZNF875"
"ENSG00000019144",118.195632409227,0.0746975307001488,0.244244263128348,0.305831259835552,0.759733126195379,0.821167912280467,0.052557296024709,0.205870332421192,"PHLDB1"
"ENSG00000081014",106.830145179957,-0.0383618436373374,0.125387571516343,-0.305946141020343,0.759645653812713,0.821167912280467,-0.0340904027052603,0.11865855810126,"AP4E1"
"ENSG00000131711",44.4388183892084,0.0997171624726888,0.325563002622062,0.306291444880326,0.759382752409773,0.821167912280467,0.0571397281213919,0.248274123195633,"MAP1B"
"ENSG00000136305",5072.2264693425,0.0333341994424197,0.108892867076557,0.306119219167811,0.759513875131552,0.821167912280467,0.0321618703342984,0.104579987747087,"CIDEB"
"ENSG00000138642",147.340762904456,-0.0457549254321813,0.149557807587318,-0.305934716283318,0.75965435265367,0.821167912280467,-0.0389808999038969,0.138705248568045,"HERC6"
"ENSG00000185386",66.3962604324717,0.0618910487613857,0.20210473882534,0.306232546159505,0.759427593719868,0.821167912280467,0.0481967651278314,0.178501542076301,"MAPK11"
"ENSG00000185513",39.0234346827722,-0.0785598678155559,0.256811663591187,-0.3059045945071,0.759677287641607,0.821167912280467,-0.0530685763780148,0.211305309254981,"L3MBTL1"
"ENSG00000141298",200.785813411769,0.0279255125950032,0.091412392951467,0.305489350987994,0.759993479274325,0.821370319130053,0.0268510823839252,0.0888046817707912,"SSH2"
"ENSG00000173852",458.595254135004,-0.0507497805637575,0.16616310027058,-0.305421483356513,0.760045161625508,0.821370319130053,-0.041426414181499,0.151544190814981,"DPY19L1"
"ENSG00000086289",184.50568693112,0.0514935038968961,0.168793169261729,0.305068647754641,0.760313869171619,0.821593269986338,0.043381927596595,0.154191029300438,"EPDR1"
"ENSG00000239382",19.7831951953756,-0.0895804301918394,0.293724251832203,-0.304981388608709,0.760380327219938,0.821597651881633,-0.0550328813653771,0.230711145718451,"ALKBH6"
"ENSG00000103647",13.6947505903601,-0.0760594769993131,0.249974792849519,-0.304268586973487,0.760923275250189,0.822080833304792,-0.0522937542361637,0.207755360814538,"CORO2B"
"ENSG00000148291",95.419993610493,-0.0521673633620893,0.171473225209259,-0.304230373566639,0.760952386107056,0.822080833304792,-0.0421649046655839,0.155764013872848,"SURF2"
"ENSG00000152672",15.9260188023311,-0.10917445350788,0.359405388470002,-0.303764097618678,0.761307620950427,0.822397123189475,-0.0565824276106895,0.258561276546994,"CLEC4F"
"ENSG00000205060",547.165086080393,0.0347506698894851,0.114483967808412,0.303541802007072,0.761476995777122,0.822512603691984,0.0303911284768202,0.109539929750145,"SLC35B4"
"ENSG00000065491",99.238808004259,-0.0421245234248469,0.139220588270609,-0.302573950793596,0.762214568686913,0.823241756466932,-0.0351313885030808,0.130181563257546,"TBC1D22B"
"ENSG00000185291",16.3133006381646,-0.0836486142026895,0.276610511399917,-0.302405768238331,0.762342758056005,0.823312669392615,-0.05375442383573,0.222343842950284,"IL3RA"
"ENSG00000071205",252.580988860437,0.0765337723584634,0.25327466436364,0.302176976725077,0.762517154265177,0.823345454095649,0.0530723150022294,0.211329383227239,"ARHGAP10"
"ENSG00000116667",639.127653237069,0.0565145710095404,0.187060122656353,0.302119822263578,0.762560722105601,0.823345454095649,0.0456904331398537,0.16792138431552,"C1orf21"
"ENSG00000213424",14.8058042197504,0.128139814311018,0.424062757072892,0.302171818141984,0.762521086531418,0.823345454095649,0.0560298296306352,0.284439907178382,"KRT222"
"ENSG00000064703",157.509049217034,0.0363123885503364,0.120376016163513,0.301658002213758,0.76291278699175,0.823658036370101,0.0331209781447439,0.114586436514881,"DDX20"
"ENSG00000061273",170.65247302369,-0.0642778395470822,0.213815495078528,-0.300622925029241,0.763702048015473,0.824442535599518,-0.0478616908362616,0.18519349004999,"HDAC7"
"ENSG00000196405",654.055051043649,0.0663351278256372,0.220848818103345,0.300364423026235,0.763899197818899,0.824587754241504,0.0510560968236042,0.191186613043166,"EVL"
"ENSG00000135766",907.168542242408,-0.0485787908219931,0.162475988150906,-0.298990585469612,0.764947228889196,0.825651353955989,-0.0404329529369963,0.148755383964101,"EGLN1"
"ENSG00000138035",298.162688469264,0.0297030787547084,0.0994573473219287,0.298651427516601,0.765206021648165,0.825862979016291,0.027907816691933,0.0961311809091021,"PNPT1"
"ENSG00000198169",199.502086047231,-0.0543421412699596,0.182046431915785,-0.298507038551013,0.765316204874642,0.825914192899962,-0.0433591677400766,0.16335644715249,"ZNF251"
"ENSG00000153551",74.7727609689659,-0.0515759184773878,0.173146518969181,-0.297874417484349,0.765799013999567,0.826367495969043,-0.0399237346297198,0.156737702463744,"CMTM7"
"ENSG00000145050",809.50530763212,0.0790004172719695,0.265343980004051,0.297728319560004,0.765910527195221,0.82642009515262,0.054244835063849,0.218189434598268,"MANF"
"ENSG00000154914",55.138503065958,0.0907704682693723,0.305517890025984,0.297103610730135,0.766387407808696,0.826757666879631,0.0554152385050061,0.23911356661072,"USP43"
"ENSG00000204681",84.3851647077953,-0.0945708440400705,0.318343493873255,-0.297071703553404,0.766411766995739,0.826757666879631,-0.0542770580077838,0.241641257611774,"GABBR1"
"ENSG00000213930",1180.28191654074,0.0519858364164857,0.174979864867772,0.297096105633469,0.766393137472348,0.826757666879631,0.0431884253321439,0.158947525479787,"GALT"
"ENSG00000182195",23.1258949064796,0.0842783386297025,0.283829405088114,0.296933077119118,0.766517602519756,0.826804092640923,0.05374187324375,0.227991447416176,"LDOC1"
"ENSG00000151849",71.6645059546796,-0.05221358245002,0.175990267379023,-0.296684488452818,0.766707400549641,0.826810053966567,-0.0424140712005955,0.158880212378904,"CPAP"
"ENSG00000152484",652.797602646329,-0.0361553324247387,0.121861703448661,-0.296691506860238,0.76670204178703,0.826810053966567,-0.0333760369887657,0.115749990650359,"USP12"
"ENSG00000174669",24.601133282903,0.105407210167385,0.355290329828967,0.296679085575245,0.766711525814812,0.826810053966567,0.0557363234589411,0.2604859822439,"SLC29A2"
"ENSG00000103018",979.897054184502,-0.0395934262068459,0.133597620699819,-0.296363258562878,0.766952681054765,0.827002375001395,-0.0346817412334836,0.125641878333411,"CYB5B"
"ENSG00000107338",157.374457162469,-0.0541636995116904,0.182969024332121,-0.296026607287218,0.767209761879391,0.827140502915496,-0.0426385668899826,0.164046421944299,"SHB"
"ENSG00000203760",18.6387087684092,-0.0627071902744508,0.211885330786842,-0.295948709811981,0.767269251261351,0.827140502915496,-0.0471291744672992,0.18438165285271,"CENPW"
"ENSG00000258311",36.8514881450005,0.0623949318349215,0.210811873431515,0.295974466804364,0.767249580798645,0.827140502915496,0.0476068676431155,0.184210680629915,NA
"ENSG00000152207",14.2706660304329,0.0809610600125302,0.273873412749868,0.295614894485844,0.767524197611176,0.82734759994668,0.0528996580238766,0.222570873672086,"CYSLTR2"
"ENSG00000198816",314.521179435554,0.0847081865170276,0.286783823828549,0.295372958579664,0.767708988185914,0.827479045309516,0.0541390435202343,0.229740025493179,"ZNF358"
"ENSG00000243696",397.993160834434,0.0946151655582717,0.320647721227957,0.295075122305351,0.767936493579781,0.827656505768778,0.0557254403124773,0.246195573453964,NA
"ENSG00000099840",53.8156233151357,-0.063605503152739,0.215642357151516,-0.294958300367901,0.768025734714982,0.827684932737779,-0.0466596486445839,0.186777358080148,"IZUMO4"
"ENSG00000105887",747.077007762567,-0.0605829921629588,0.205742986765141,-0.294459573643282,0.76840675029198,0.827969168365404,-0.0453508015551368,0.179801069524241,"MTPN"
"ENSG00000161249",25.5108894874513,0.0962224881952619,0.326834360652611,0.294407503553569,0.768446533852832,0.827969168365404,0.0548816002186013,0.248665966584728,"DMKN"
"ENSG00000169612",155.713067364003,-0.0257124019113168,0.0873483702372798,-0.294366132321298,0.768478143507918,0.827969168365404,-0.0229329206968348,0.0850402018324551,"RAMAC"
"ENSG00000160991",55.0461404511888,0.0572678274595563,0.195259411413642,0.293290997063587,0.769299734540855,0.828786539969307,0.0450415356315953,0.173668523222168,"ORAI2"
"ENSG00000136273",202.930852193808,-0.030942244047397,0.105549411108712,-0.293154113531981,0.769404356068865,0.828831431189877,-0.0276788159273034,0.101500007728581,"HUS1"
"ENSG00000184056",148.844604950939,0.0265210968573082,0.090519584662049,0.29298739003635,0.76953179026708,0.828900887724484,0.0251247075050175,0.0879520361140955,"VPS33B"
"ENSG00000116824",72.3462081233699,-0.071888947792349,0.246248767351627,-0.291936274709129,0.770335347762923,0.829630690277844,-0.049650060454617,0.205150419671078,"CD2"
"ENSG00000196236",411.739807713992,0.0262022410946437,0.0897442036767861,0.291965832010847,0.77031274839927,0.829630690277844,0.0259605773264739,0.0872754942440325,"XPNPEP3"
"ENSG00000114166",961.39595945388,0.0486020394492435,0.166751690056364,0.291463549381811,0.770696817649191,0.829952093993886,0.0436834857944027,0.152727188434249,"KAT2B"
"ENSG00000132334",94.8337735508657,-0.0512243006975087,0.176098880371242,-0.290883738667279,0.771140238484109,0.830361689693447,-0.0414540804332735,0.158941547438298,"PTPRE"
"ENSG00000253305",17.4452117668349,0.0791850038875714,0.272603298638065,0.290477056892496,0.77145130043573,0.830628706373636,0.0519426162146008,0.221844899532028,"PCDHGB6"
"ENSG00000174586",24.800299334642,-0.0782127824319128,0.269650256028629,-0.290052691155646,0.771775927640683,0.830910284022997,-0.0510958136327515,0.218415589294271,"ZNF497"
"ENSG00000176749",21.6699890886908,-0.0504504952147064,0.174024371073614,-0.289904769679446,0.771889092578503,0.830964169492115,-0.0411632336296252,0.157813562989367,"CDK5R1"
"ENSG00000138381",736.243139582865,0.0322990603039474,0.111479419638058,0.289731148662355,0.772021924726039,0.830990654239735,0.0276659910388317,0.106918384251899,"ASNSD1"
"ENSG00000187048",17007.7403427082,-0.0410024815720182,0.141530560204525,-0.289707618713342,0.772039927286984,0.830990654239735,-0.0244566788121197,0.131671650456162,"CYP4A11"
"ENSG00000204335",24.2920115368377,0.0712901331402916,0.246255401217918,0.289496728955826,0.772201282698484,0.83109638584225,0.0500369395259373,0.206657674148661,"SP5"
"ENSG00000136044",323.139363020871,-0.0198699934224505,0.0686811504359515,-0.2893078129345,0.772345833988602,0.831181449975722,-0.0190707867148866,0.0675021848009213,"APPL2"
"ENSG00000145555",309.37763356746,-0.0468853574983836,0.162104943278475,-0.289228425427105,0.772406580620763,0.831181449975722,-0.038562969064301,0.148401240288907,"MYO10"
"ENSG00000112576",189.630748504101,-0.0377988428670368,0.130844516230636,-0.288883660973685,0.772670407567891,0.831397399970485,-0.0332886548972367,0.123381762535031,"CCND3"
"ENSG00000021852",13285.4233137563,0.0358914377416711,0.12442251109594,0.288464180842612,0.772991445243506,0.831606910285667,0.0380800913118436,0.11798669517587,"C8B"
"ENSG00000064490",174.228318787697,0.0396498561152036,0.13743352985114,0.28850205738112,0.772962455871624,0.831606910285667,0.0351872838248735,0.129236603231239,"RFXANK"
"ENSG00000204128",3930.23300919776,-0.034991096582179,0.121487728114999,-0.288021655562253,0.77333016200404,0.831903334663387,-0.0263668748864162,0.115206524948327,"C2orf72"
"ENSG00000158711",605.544799110507,-0.0468250735053138,0.1627480462936,-0.287715118993446,0.773564815889065,0.832087774999626,-0.0370713019645557,0.148845466907271,"ELK4"
"ENSG00000154146",11.4114710943951,-0.101918525734516,0.35575681566987,-0.286483691233321,0.774507682773556,0.833033914826945,-0.0531927238927568,0.257698564216761,"NRGN"
"ENSG00000013725",42.5580168068787,0.0767732376790123,0.268315246689321,0.286130731019945,0.774777995105013,0.833256582547999,0.0510244282064371,0.219557889975091,"CD6"
"ENSG00000152104",47.7161616147078,0.0693750707095351,0.243059055121038,0.285424752741625,0.77531874595634,0.833770040779316,0.0491397915152426,0.204793449627804,"PTPN14"
"ENSG00000213341",384.802240110277,0.0445395020814715,0.156189078698671,0.285163997717149,0.775518501346238,0.833916741973585,0.0384666967183743,0.144359191194846,"CHUK"
"ENSG00000150656",2289.72612378025,0.0564983523285728,0.198481436289519,0.284653080836035,0.775909940121115,0.834201394058027,0.0450874342828867,0.175976327530329,"CNDP1"
"ENSG00000184574",23.2641591484548,0.0728154267601762,0.255736272290349,0.284728584287431,0.775852089593087,0.834201394058027,0.0498929018005286,0.212279010697864,"LPAR5"
"ENSG00000204179",10.56199706995,-0.139742168594116,0.49172403179431,-0.284188202240582,0.776266156151903,0.834516225352818,-0.0516089089073137,0.296780194652036,"PTPN20"
"ENSG00000100652",8145.61011495658,0.0264377327058622,0.0930607553589962,0.284091103751249,0.776340564399696,0.834528075676551,0.0327344493550643,0.090107655993958,"SLC10A1"
"ENSG00000170448",126.251845977521,0.0391167859010714,0.1379020592457,0.283656285591624,0.776673798225344,0.834818126168248,0.0370897690413845,0.129411490297094,"NFXL1"
"ENSG00000100092",46.4423927197944,0.0711190211331814,0.250862742140075,0.283497742735629,0.77679531175679,0.834880577517542,0.0522301239035747,0.209564176676189,"SH3BP1"
"ENSG00000134013",34.0153814648348,0.0658525387436363,0.232964878798122,0.282671530075147,0.777428642232286,0.8354930620872,0.0477909859665796,0.19839443919089,"LOXL2"
"ENSG00000100485",385.711725587751,-0.0456993083461693,0.161950570627991,-0.282180594788659,0.777805037079303,0.83581310222395,-0.0381979257568032,0.148350978212511,"SOS2"
"ENSG00000124212",156.772796198312,0.0594640551992023,0.210777611089316,0.28211751187371,0.777853405859795,0.83581310222395,0.0456224233649351,0.184398357359368,"PTGIS"
"ENSG00000116406",753.872357632164,-0.0539373097902898,0.191402265052607,-0.281800791518664,0.778096263975227,0.836005827607135,-0.0423140892980299,0.169984226796798,"EDEM3"
"ENSG00000142166",1545.91795073645,-0.0401896722229637,0.142778456588952,-0.28148274734939,0.778340158991262,0.836140304344851,-0.033661806711641,0.133132192193457,"IFNAR1"
"ENSG00000167851",140.575944532697,-0.0598092820630577,0.212487540636919,-0.281471948349455,0.778348440684376,0.836140304344851,-0.0437868887213863,0.184238080271437,"CD300A"
"ENSG00000010803",213.702636839489,-0.0441167651637223,0.156848034731396,-0.281270755092806,0.778502739278656,0.836237828615712,-0.0354792972743285,0.144396160249654,"SCMH1"
"ENSG00000168038",34.8193455209142,-0.0514433504170087,0.183188765993769,-0.28082153475917,0.778847285640981,0.836539677169943,-0.0406907573881069,0.164615743015198,"ULK4"
"ENSG00000042062",211.130025353166,-0.0605958846055372,0.216497122748255,-0.27989233222281,0.779560110206975,0.837237002282815,-0.0448332445203991,0.186896675051603,"RIPOR3"
"ENSG00000085449",497.833398762209,-0.0481768664810772,0.172231547926482,-0.279721497374231,0.779691183936212,0.837283935019341,-0.0385079649532911,0.156094683932653,"WDFY1"
"ENSG00000130508",330.565083233779,0.0452865890743,0.161928890391989,0.279669606607398,0.779730998577559,0.837283935019341,0.0387128851499687,0.148846506820187,"PXDN"
"ENSG00000124588",1613.13909004916,0.0385906533248438,0.138204377569422,0.279228878299887,0.780069182975645,0.837578768802589,0.0344164680160173,0.129788964757466,"NQO2"
"ENSG00000166823",10.1251057523859,0.0764036084342061,0.273708232725268,0.279142529523018,0.780135445928339,0.837581609809387,0.0496190868576983,0.221636644172891,"MESP1"
"ENSG00000156886",60.4964209986841,-0.109729114471259,0.393264205062409,-0.279021362887186,0.780228430355966,0.837613137154815,-0.0515125991354129,0.269831038929095,"ITGAD"
"ENSG00000149557",243.446967147032,0.0556174752051368,0.199534794417682,0.278735723097566,0.780447645483137,0.837780163100773,0.0437121357271303,0.17669471825925,"FEZ1"
"ENSG00000180644",97.4797352907686,0.0593065160880577,0.213282763709893,0.278065208160592,0.780962302761529,0.838264281604295,0.045121899393989,0.185970476012564,"PRF1"
"ENSG00000166225",330.163257948544,0.0563284761711348,0.203238921401638,0.277153981051785,0.781661873722524,0.838946786453962,0.0435102887414058,0.179210913128313,"FRS2"
"ENSG00000137266",550.511352930706,-0.0431880227446814,0.156010815531388,-0.276827107130866,0.781912865780248,0.83914776580231,-0.0363586914034588,0.143754039977777,"SLC22A23"
"ENSG00000069956",837.470215807688,-0.0467992989152269,0.169732233154654,-0.275724286692117,0.782759840360488,0.839988267844664,-0.0381755369207017,0.15428427776421,"MAPK6"
"ENSG00000106244",788.705902162614,0.0248501169968415,0.0902016927928621,0.275495018191144,0.782935952705464,0.840040318908006,0.0241022247995729,0.0877195844887237,"PDAP1"
"ENSG00000215301",2880.25346352456,-0.0525565820937497,0.190769650043045,-0.275497607097833,0.782933963977546,0.840040318908006,-0.0388026412351415,0.169364659742368,"DDX3X"
"ENSG00000128872",57.9711534053128,-0.0605308694477243,0.220353249555423,-0.27469923665682,0.783547317668699,0.84062776926549,-0.0443876793073481,0.189498580397586,"TMOD2"
"ENSG00000167216",68.3021381418881,0.0581352017655886,0.211709316825695,0.274599165673246,0.783624207399276,0.840641759522436,0.0448660437395091,0.184874769106921,"KATNAL2"
"ENSG00000244682",24.9488615076538,-0.0880896858691306,0.321300108611626,-0.2741663743899,0.783956767725229,0.84092999868587,-0.0502414416961217,0.243124123076602,NA
"ENSG00000167861",78.6850477495387,0.0632434084541174,0.230787554829107,0.274033010579569,0.784059253513276,0.840971416028985,0.0461610571770137,0.197311065660765,"HID1"
"ENSG00000140398",285.290236699611,-0.0765774086684473,0.279694030472968,-0.273789928726593,0.784246063713362,0.841103264487628,-0.0486682044484203,0.223201423268984,"NEIL1"
"ENSG00000135074",90.6246041864205,-0.0714242331088639,0.261460594907853,-0.273173986825954,0.784719475258297,0.841542446139182,-0.0469101512226522,0.213613106834114,"ADAM19"
"ENSG00000141294",11.0267450631089,0.0760817760584097,0.279062848591247,0.27263312347911,0.785135247292009,0.841811184835928,0.0489056102344133,0.22485482902961,"LRRC46"
"ENSG00000153815",258.915164482929,-0.0468989379507904,0.171971938141524,-0.272712737075713,0.785074042941514,0.841811184835928,-0.0364590014453298,0.155881471386271,"CMIP"
"ENSG00000256683",118.221410133738,-0.024432699285737,0.0896288914102367,-0.272598476911949,0.785161882863831,0.841811184835928,-0.022932230486591,0.0870149212583111,"ZNF350"
"ENSG00000139514",21.964510162733,0.0737098515626201,0.270484703998377,0.272510239850984,0.785229718846705,0.841815363434225,0.0487879207389845,0.220038173991051,"SLC7A1"
"ENSG00000188554",2728.80462020504,0.0321053105423526,0.117913587984887,0.272278293715119,0.785408045054066,0.841937984137912,0.0285657291775677,0.112550699841752,"NBR1"
"ENSG00000197774",55.4823760883836,0.0913494845421848,0.335742881795193,0.272081671705877,0.785559221976874,0.842031483884029,0.0510653259229723,0.252231071283746,"EME2"
"ENSG00000197451",888.629392730466,-0.027123885603636,0.0997549332565895,-0.271905205268075,0.785694908756026,0.842108366060065,-0.0245296613978724,0.0963329936628851,"HNRNPAB"
"ENSG00000164442",622.811436248718,-0.0405081201198475,0.149340398579719,-0.271246899734395,0.786201143769484,0.842582357254296,-0.0345380662233725,0.13850114446477,"CITED2"
"ENSG00000126216",306.634855735908,-0.0222365127663709,0.0820042701084234,-0.271162864287073,0.786265773291583,0.842583035256144,-0.0210516987489491,0.0800995637911135,"TUBGCP3"
"ENSG00000008405",232.277260448685,-0.0531207773881625,0.196050168356333,-0.270955020510934,0.786425626970781,0.842666353334024,-0.0411313105622142,0.173217000263758,"CRY1"
"ENSG00000142409",187.401769423322,0.0541676347481905,0.199957794299852,0.27089534037849,0.78647152892059,0.842666353334024,0.0430365643575278,0.176955811970302,"ZNF787"
"ENSG00000088367",357.263011333541,-0.123872749297875,0.457518948606165,-0.270748893953473,0.786584168819954,0.842718460955612,-0.0494465131799073,0.28795698367676,"EPB41L1"
"ENSG00000180257",40.4159066565661,0.0531343533898022,0.196540555988533,0.27034803642716,0.786892512952696,0.84298021363183,0.0418627356997301,0.174507690165022,"ZNF816"
"ENSG00000140678",121.23600320583,0.0813134386095549,0.3010293815876,0.27011794722733,0.78706951526024,0.843101231626093,0.0498870859165269,0.236484195992078,"ITGAX"
"ENSG00000147400",415.815115356787,-0.0422960353584278,0.156699290415032,-0.269918486844471,0.787222964428609,0.843169930109332,-0.0351210092447329,0.144281234576054,"CETN2"
"ENSG00000172379",25.6186091836545,0.0639126484959686,0.236829210245915,0.269868097898921,0.787261731037067,0.843169930109332,0.0459148450215831,0.200704365336687,"ARNT2"
"ENSG00000100294",196.410833035119,-0.0301901641107418,0.112041547034328,-0.269455080814727,0.787579504552231,0.843441659096687,-0.027498149246914,0.107230002728618,"MCAT"
"ENSG00000204516",26.6755396519795,0.0602085165642684,0.223532303797236,0.269350405026394,0.787660047259684,0.843459307216022,0.0444194556414004,0.192492821160673,"MICB"
"ENSG00000172508",11.0667044416866,-0.0820024234095166,0.30464158383536,-0.269176723601312,0.787793691312501,0.843533810980839,-0.0489261939069663,0.236232238178977,"CARNS1"
"ENSG00000135469",645.235467611108,-0.047861569911532,0.177946801734788,-0.268965609074924,0.787956147729818,0.84363915109464,-0.0381853896272153,0.160339041486713,"COQ10A"
"ENSG00000082701",487.402973638843,0.0173828288358989,0.0646531327672472,0.268862901021015,0.788035186756904,0.843655169038982,0.0169167556661021,0.0637430699385095,"GSK3B"
"ENSG00000105607",1671.56312894051,0.0441368069659942,0.164224084446106,0.268759647008285,0.788114648126913,0.843671636493937,0.03944107336528,0.150571797901055,"GCDH"
"ENSG00000158055",11.9194462413387,-0.0601162809659141,0.223802122113282,-0.26861354306321,0.788227089361316,0.843723403132609,-0.0440852364610575,0.192253703391163,"GRHL3"
"ENSG00000112175",59.6687842118769,0.0624152124389803,0.232599411230401,0.268337792038326,0.788439318689605,0.843881966496003,0.045353499016596,0.198512219127046,"BMP5"
"ENSG00000138760",4691.46102019769,-0.0311851815526205,0.11632372385831,-0.268089608192102,0.78863034461186,0.844017811507052,-0.0219299075647422,0.110742853956809,"SCARB2"
"ENSG00000090615",552.216628758373,0.0429651021471463,0.160469236894881,0.267746659599881,0.788894331421549,0.844231713199716,0.0367260823058488,0.147704230600136,"GOLGA3"
"ENSG00000108021",450.164180548797,0.0359194001082397,0.134321960722812,0.26741271430934,0.789151411179094,0.844438189172948,0.0315143575872802,0.126501237233435,"TASOR2"
"ENSG00000126878",35.9121477069061,-0.0900289337905869,0.336954006896781,-0.267184636323869,0.7893270047321,0.844557443665407,-0.0497310113140551,0.249492393222497,"AIF1L"
"ENSG00000110344",1250.43165304128,-0.0339563318501874,0.127239941426858,-0.266868496396682,0.789570413444149,0.84463618292581,-0.03002277856085,0.120303229114041,"UBE4A"
"ENSG00000120526",125.148411405935,0.0450612760628306,0.168870593674574,0.266839093073048,0.789593053277447,0.84463618292581,0.037702419116567,0.154198782221914,"NUDCD1"
"ENSG00000147439",195.665090986748,0.0294181671437802,0.110219575561347,0.266905102781914,0.789542227679509,0.84463618292581,0.0272288910768591,0.105753355007719,"BIN3"
"ENSG00000126767",399.313215876801,-0.0239866826510309,0.089962451040596,-0.266629936974558,0.789754103434478,0.844739826616163,-0.0231059091283746,0.0874497980156401,"ELK1"
"ENSG00000172602",366.567852562839,-0.0536956140941392,0.201682953839897,-0.266237741325251,0.790056118217546,0.844994220345428,-0.040987214214963,0.176969765221929,"RND1"
"ENSG00000090612",386.013926310194,0.0303950047394144,0.114282926937655,0.265962778114669,0.790267875617449,0.845152046980695,0.0282364642068856,0.109325947999193,"ZNF268"
"ENSG00000196967",74.3013736091797,0.039534967793753,0.148805671781562,0.265681860915814,0.79048423435487,0.845314768479225,0.0322886246705356,0.138419043955431,"ZNF585A"
"ENSG00000181450",59.9625796786113,0.0583106345501509,0.21985013710021,0.265229011540585,0.790833046988022,0.845550422011069,0.0437426830983803,0.190138937758017,"ZNF678"
"ENSG00000217930",46.7180754890232,0.088499998276483,0.333670462809037,0.265231742514567,0.790830943297094,0.845550422011069,0.0496934207447795,0.251146794609752,"PAM16"
"ENSG00000101457",185.177363879705,0.0308512524098006,0.116488688758037,0.264843331474723,0.791130154699022,0.845799400468317,0.0350716617329524,0.111127831535745,"DNTTIP1"
"ENSG00000166762",31.075277628822,0.0871749791876552,0.329809277094682,0.264319366500503,0.791533838471713,0.846162269999884,0.0494465186972383,0.249227812844608,"CATSPER2"
"ENSG00000174442",96.336280708887,-0.0407959446900266,0.154639659264389,-0.263812949951458,0.791924055364364,0.84651068546945,-0.034349241277034,0.142747015147389,"ZWILCH"
"ENSG00000166086",61.5105262812925,-0.0494144655887933,0.187655453978719,-0.263325496494214,0.792299709581123,0.846843479164237,-0.0390943418000518,0.167317942181473,"JAM3"
"ENSG00000010438",38.7517779344539,0.0765886258175164,0.291116403290805,0.26308591667028,0.792484358572429,0.846972080929021,0.0479173173538221,0.231876780688636,"PRSS3"
"ENSG00000133704",832.115354764534,0.0354542363780204,0.134860353171656,0.262895918216178,0.792630802479822,0.847059833234524,0.0320894949490544,0.126959881593456,"IPO8"
"ENSG00000079616",499.79628844701,0.0495505508525241,0.188623263799626,0.26269586186973,0.792785006551353,0.847155863668137,0.0400700500447228,0.168887493889621,"KIF22"
"ENSG00000166928",21.5303235493678,0.0773982153976672,0.295074259464851,0.262300803662228,0.793089542478872,0.847412507407631,0.0480765834176246,0.23280617256675,"MS4A14"
"ENSG00000114841",391.068463370028,0.0684833360292972,0.26138171962419,0.262005071080569,0.79331753257006,0.847533925856427,0.0466539382064534,0.215578729839729,"DNAH1"
"ENSG00000145860",248.794252177629,0.0296289935097664,0.113165761135444,0.261819416159845,0.79346066915588,0.847533925856427,0.0379290155158605,0.108077055883273,"RNF145"
"ENSG00000184381",172.02650176308,0.0753601534977338,0.28767135566145,0.261966136059867,0.793347550189976,0.847533925856427,0.0478927957426397,0.229683077430305,"PLA2G6"
"ENSG00000188643",1265.07871112297,-0.0236828666781232,0.0904504917724856,-0.261832370549116,0.793450681330206,0.847533925856427,-0.0236573773771027,0.0878985793276075,"S100A16"
"ENSG00000182831",598.204690118542,-0.0370283968638062,0.141708685850612,-0.261299416062903,0.793861616846226,0.847824630710368,-0.0314242594674501,0.13227640582804,"HAPSTR1"
"ENSG00000196371",42.770603613487,-0.043403599448171,0.166075043350945,-0.2613493187923,0.793823136826696,0.847824630710368,-0.0359843264103151,0.151428850615505,"FUT4"
"ENSG00000131845",139.771846288675,-0.0254577562134739,0.0975222306852332,-0.261045671685283,0.794057287022755,0.847964817985367,-0.0236876090742088,0.0942544131032841,"ZNF304"
"ENSG00000186666",123.336046292404,0.0206407559320985,0.0792527416474895,0.260442168977662,0.794522718770357,0.848393034495582,0.0201815257511542,0.0774475220126924,"BCDIN3D"
"ENSG00000028137",430.717300501422,-0.040492990075859,0.155641452096001,-0.260168416129159,0.794733865841086,0.848549677857736,-0.0337215184438203,0.143414844229348,"TNFRSF1B"
"ENSG00000176463",96.6469697693797,-0.0400669857096749,0.154407714166572,-0.259488238174755,0.79525855589312,0.849041043374053,-0.0338157047636583,0.142392927442588,"SLCO3A1"
"ENSG00000159111",385.636429350111,-0.0195647020155934,0.0754551282101244,-0.259289228972091,0.795412089342792,0.849136103809876,-0.0185889474880073,0.0739959956215244,"MRPL10"
"ENSG00000176182",42.188704373422,-0.0654465390402042,0.252845208127421,-0.258840337631483,0.795758433243426,0.849436965468052,-0.0445921837380472,0.209047323450973,"MYPOP"
"ENSG00000187650",36.2105708296175,-0.0507001579926703,0.196194422597605,-0.258417937275702,0.796084374672473,0.849716001373148,-0.0397299273947667,0.173790974146465,"VMAC"
"ENSG00000102901",289.729037975552,0.0635738124800315,0.246396746197647,0.258014009767141,0.796396094976447,0.849979814077489,0.0448991554208205,0.206839041000702,"CENPT"
"ENSG00000242498",262.488296023813,-0.0284936113126241,0.110493206169543,-0.2578765907915,0.796502151822408,0.850024100745223,-0.0256938646477929,0.105869761633381,"ARPIN"
"ENSG00000197943",676.194090164689,-0.0358756522000357,0.139247696572726,-0.257639107023208,0.796685445262783,0.850150800156412,-0.0309139465680647,0.13028270349283,"PLCG2"
"ENSG00000143294",344.701836970357,0.0328092222454498,0.127402688299751,0.257523782922515,0.796774458133834,0.850176879470789,0.0281978712069979,0.120685075377265,"PRCC"
"ENSG00000026508",375.585495293481,0.0617972766397528,0.240352463422788,0.257111059981313,0.797093039859099,0.850381590863037,0.0435352389805786,0.203135295207479,"CD44"
"ENSG00000084676",506.843536818223,0.0256139520179986,0.0996233617492793,0.257107886827398,0.797095489354454,0.850381590863037,0.0231221865811474,0.0962788422523877,"NCOA1"
"ENSG00000168010",286.895526467206,0.0775556625621682,0.301832171697947,0.256949622453701,0.797217663034826,0.850443019892766,0.0477106584632753,0.236717961637768,"ATG16L2"
"ENSG00000175984",148.442707162183,0.0366209554424434,0.142610876386231,0.256789358360462,0.797341385480578,0.850506091001968,0.0323384534635278,0.133291269305713,"DENND2C"
"ENSG00000147174",31.899645249154,-0.06192331981339,0.241301812899693,-0.256621859029012,0.797470698907223,0.850575115182477,-0.043315198072212,0.202195925818562,"GCNA"
"ENSG00000112378",1855.36579958485,-0.0397777548900825,0.155420732110935,-0.255935963946498,0.798000284004101,0.851071019781126,-0.0304736858484266,0.143171375434766,"PERP"
"ENSG00000171962",25.3901458496397,-0.0562264860003435,0.220844276695491,-0.254597886083645,0.799033692057125,0.852104130052171,-0.0413942189110541,0.190042952153907,"DRC3"
"ENSG00000115756",314.617173763638,0.0427742102673042,0.168223542975872,0.254270059413973,0.799286928938957,0.852305151568017,0.0374266677258792,0.153666389620449,"HPCAL1"
"ENSG00000145868",652.846884187407,0.0273225425241471,0.107514789844475,0.254128223323233,0.799396499873675,0.8523529573483,0.0256964540883019,0.103351879905871,"FBXO38"
"ENSG00000137561",1714.12895961911,0.0532055805832733,0.211664666891578,0.251367322494723,0.80153012964062,0.854537700355122,0.0428087163780303,0.184777194234577,"TTPA"
"ENSG00000167779",28.7625919573528,-0.0780979180822637,0.310868517941393,-0.251224918494279,0.801640220042998,0.854537700355122,-0.0456512382176649,0.238429446745275,"IGFBP6"
"ENSG00000180938",42.8866353384769,-0.0375618827746744,0.149490778573333,-0.251265550511856,0.8016088076364,0.854537700355122,-0.0319020672166092,0.138698263290357,"ZNF572"
"ENSG00000205517",124.634777997554,0.0789181870340552,0.314356294179093,0.251046944169327,0.80177781486805,0.854615180582315,0.0471984267510587,0.242553571648025,"RGL3"
"ENSG00000117155",332.42960009962,-0.0471807191141902,0.188024889213755,-0.250928051661039,0.801869736011947,0.854643968617607,-0.0368793371780569,0.167582452807306,"SSX2IP"
"ENSG00000102032",67.0095103206212,0.0466198225916589,0.186255401032037,0.250300513882225,0.802354959093469,0.855091904761584,0.0382190213460108,0.167017829646891,"RENBP"
"ENSG00000196369",14.4592078053003,0.0524787344595908,0.209852374604981,0.250074532434408,0.80252971053909,0.85520891695327,0.040046548105623,0.183638562976224,"SRGAP2B"
"ENSG00000138463",148.330880320334,0.0317410978312544,0.127239435241432,0.249459593804601,0.803005292537376,0.85564646176328,0.0287532150198025,0.120465437080044,"SLC49A4"
"ENSG00000167642",130.390554250255,0.0687252748947662,0.275650656494403,0.24932019306169,0.803113112606894,0.855692096834375,0.0450664542671284,0.223240642712315,"SPINT2"
"ENSG00000089847",79.002240768649,0.09776556043552,0.392441028775747,0.249121659731929,0.80326667548383,0.855776013641601,0.0468719483897623,0.273520185831212,"ANKRD24"
"ENSG00000106976",74.8890829278644,-0.109741150137714,0.440787214033393,-0.248966273621086,0.80338686986254,0.855776013641601,-0.0464030946859838,0.283749293313068,"DNM1"
"ENSG00000198382",248.790380923775,0.0164666504900125,0.066124915995089,0.249023386150471,0.803342691596218,0.855776013641601,0.0152835095920014,0.0651401555869922,"UVRAG"
"ENSG00000111339",821.317165045878,0.0464971526174259,0.186836215526816,0.248865844805942,0.803464556107503,0.855789527199368,0.0376863353996703,0.167544339822856,"ART4"
"ENSG00000095059",522.062615517566,-0.0243006851535552,0.0978768469186579,-0.248278177307353,0.803919182479369,0.856082704979935,-0.021942990876768,0.0946321599351747,"DHPS"
"ENSG00000106336",13.2507713125969,0.0591962723746952,0.238303671536767,0.248406883506878,0.80381960819678,0.856082704979935,0.0420940752871036,0.201778604578744,"FBXO24"
"ENSG00000137274",2297.60408353104,-0.0271051294738091,0.109181339731551,-0.248257894072867,0.80393487500926,0.856082704979935,-0.0242875885794882,0.104694172328124,"BPHL"
"ENSG00000117308",867.002381985899,-0.0302049830082244,0.121833076222646,-0.24792104036695,0.804195500162382,0.856290978984062,-0.0236969500964573,0.115604732533664,"GALE"
"ENSG00000118855",886.903970814902,-0.0356684566637682,0.143991994618048,-0.247711386722451,0.804357721075091,0.85639444894668,-0.0283880573613678,0.134037631167249,"MFSD1"
"ENSG00000100600",1619.78183754235,0.0335402656482804,0.135535978502583,0.24746392816754,0.804549204630803,0.85645980176012,0.0300090604442447,0.127523871976992,"LGMN"
"ENSG00000181061",2987.11179286461,-0.0413128690248056,0.166909822014305,-0.247516104961545,0.804508829225101,0.85645980176012,-0.0300356827226006,0.151868059951146,"HIGD1A"
"ENSG00000172775",582.647281321751,-0.0207309474422402,0.0838557839764266,-0.247221437319912,0.804736855547672,0.856590301571723,-0.0195334504738237,0.0817851214446258,"PSME3IP1"
"ENSG00000141040",9.9285302805129,0.0661518162632157,0.268219566733579,0.246633074047592,0.805192205689832,0.857005705748773,0.0435717349291792,0.21822042222395,"ZNF287"
"ENSG00000147394",46.0110670839463,0.0495687753064793,0.201891905214315,0.245521360818604,0.80605277069343,0.857782959824579,0.0386705052845209,0.178059472023169,"ZNF185"
"ENSG00000152454",36.4594505554692,0.0395434160707081,0.161033259518399,0.245560551832399,0.806022429359249,0.857782959824579,0.0334845581140456,0.147968207495575,"ZNF256"
"ENSG00000066136",558.457177376099,-0.023270567927699,0.0948375872145362,-0.245372838040024,0.806167758356479,0.857835990181961,-0.0206818729509029,0.0918489843132736,"NFYC"
"ENSG00000221923",27.0090544300133,-0.0597666783388198,0.24429951938742,-0.244645091765569,0.806731246556934,0.858366218859592,-0.041517330386502,0.203987135808841,"ZNF880"
"ENSG00000117472",76.4734412048655,0.0402738333512942,0.164832874382392,0.244331317415869,0.806974230532854,0.858555371248126,0.0339390512878687,0.151063893664978,"TSPAN1"
"ENSG00000157087",966.015168291241,-0.0320898985066233,0.131566414541019,-0.243906460615894,0.807303265423325,0.858836036891039,-0.0275851962262819,0.123919625256089,"ATP2B2"
"ENSG00000108384",135.648378163957,0.0217282691776514,0.0891492127181809,0.243729232319067,0.807440531854323,0.858912664005334,0.0194672382704206,0.0867956675984364,"RAD51C"
"ENSG00000165678",5279.57766211493,-0.0295006658577905,0.121201826177508,-0.243401166370092,0.807694640341854,0.859113559116242,-0.0258222271642225,0.11514779164477,"GHITM"
"ENSG00000197162",42.8903237508465,0.0744517111023432,0.306116376755711,0.243213747305515,0.807839817747725,0.859198565349911,0.0449518607396196,0.238465120771982,"ZNF785"
"ENSG00000185515",239.924777639965,-0.0260647000225194,0.107360918756181,-0.242776424834001,0.808178599525925,0.859489454067716,-0.0237744031691797,0.103099800956095,"BRCC3"
"ENSG00000087206",172.465360601273,-0.0266148676603239,0.109883562726157,-0.242209726368733,0.808617658852359,0.859886931302007,-0.0223075985961039,0.105277136682404,"UIMC1"
"ENSG00000204316",22.9290401933594,-0.0634971121364965,0.262300654942848,-0.242077596605056,0.80872003731535,0.859926345606033,-0.0422215767127454,0.214094835133547,"MRPL38"
"ENSG00000092439",1172.51877901506,0.0422263663742294,0.174554973411703,0.241908698153418,0.808850910128682,0.859996049645016,0.0353378229718487,0.158448239110953,"TRPM7"
"ENSG00000138614",468.845261711473,-0.0133593500378536,0.0554216496967415,-0.24104930313251,0.809516904515391,0.86063465478437,-0.0106020794932616,0.054806551628325,"INTS14"
"ENSG00000141198",1384.04519187009,0.0324655903669505,0.134820460848607,0.240806107341577,0.80970539592027,0.860765542405028,0.0291965231527779,0.126892106498046,"TOM1L1"
"ENSG00000111647",585.944286447637,-0.0454052190457813,0.188945136496733,-0.240309011852054,0.810090709234834,0.861105625527679,-0.0353282797723769,0.168227335241584,"BLTP3B"
"ENSG00000151067",11.7069327920748,0.105670123724007,0.439896915450275,0.240215650559504,0.810163081452062,0.861113032243307,0.0442887713794516,0.287445153527159,"CACNA1C"
"ENSG00000187601",255.604512483157,0.0231861409848422,0.0966046613935675,0.240010581791512,0.81032205325841,0.861212476041348,0.0225211468106,0.093528488214273,"MAGEH1"
"ENSG00000143369",733.517408370771,0.0436786603143864,0.182312418091114,0.239581377789402,0.8106548027467,0.861240241507927,0.0373358019577297,0.164125304049933,"ECM1"
"ENSG00000143624",883.851152200456,-0.0391830268045535,0.163501345935129,-0.239649567289188,0.81060193510568,0.861240241507927,-0.0325779126519694,0.149527019668532,"INTS3"
"ENSG00000170558",1290.11000463111,-0.0335964728278206,0.140210391372404,-0.239614713994965,0.810628956921266,0.861240241507927,-0.028886130819003,0.131088080441716,"CDH2"
"ENSG00000177692",47.8363523228793,0.0318817239672591,0.133087278257502,0.239555007696327,0.810675247835921,0.861240241507927,0.0284383289626054,0.125509790416583,"DNAJC28"
"ENSG00000188938",340.903446108561,-0.0176748701540201,0.0737611580575244,-0.239623002396952,0.810622530889298,0.861240241507927,-0.0166640486527433,0.072387232171744,"FAM120AOS"
"ENSG00000171163",213.945787406016,-0.0802181860691443,0.335515788594893,-0.239089154060648,0.811036451731973,0.861554455664286,-0.0436098128486079,0.248574193648823,"ZNF692"
"ENSG00000186001",217.27101191989,-0.0339474386621785,0.142111103878224,-0.238879564902038,0.811198971738375,0.861657576596002,-0.0193627378692141,0.132234677690287,"LRCH3"
"ENSG00000125977",1027.73413782181,0.0180561376864865,0.0756411159693688,0.238707975881773,0.811332031666527,0.861729390845555,0.0189757065128362,0.074105189659333,"EIF2S2"
"ENSG00000126759",420.305848036756,0.064287096607841,0.26957949291736,0.238471761750618,0.81151521451234,0.861854425608572,0.042893755457291,0.21988790712839,"CFP"
"ENSG00000181007",27.1776829987042,-0.0544852270643608,0.228784763070042,-0.238150593305378,0.811764295543944,0.862049420481656,-0.039292737814681,0.194681722451147,"ZFP82"
"ENSG00000065970",186.374500094413,0.0201852186447789,0.0851052200655085,0.237179559952275,0.812517492746648,0.862431901765751,0.0165925771181761,0.0829575754890697,"FOXJ2"
"ENSG00000096433",66.282597599046,-0.0592863059343116,0.249613774906311,-0.237512156356611,0.812259489576888,0.862431901765751,-0.0404408781131249,0.206936685580182,"ITPR3"
"ENSG00000100197",2976.28888877315,0.0635023531802114,0.267599640051777,0.237303582201847,0.812421283271531,0.862431901765751,0.0432737046399594,0.218846031587696,"CYP2D6"
"ENSG00000133740",37.0635034606788,-0.0452590801040187,0.19062435125395,-0.237425490533078,0.81232671641469,0.862431901765751,-0.0355883305158101,0.169590475501231,"E2F5"
"ENSG00000164934",310.664611051803,-0.0253003609510843,0.106517546683434,-0.237522940950528,0.812251124044468,0.862431901765751,-0.023941476081642,0.102377309394062,"DCAF13"
"ENSG00000184489",22.8145937984593,0.0663590834883705,0.279703647829946,0.237247829991533,0.812464532345556,0.862431901765751,0.042807628793354,0.224914616165891,"PTP4A3"
"ENSG00000137817",394.367728467623,0.0579773543729466,0.244573014607898,0.237055402313687,0.812613810083669,0.86246460488203,0.040590391933454,0.205537653767434,"PARP6"
"ENSG00000165025",119.191620976931,0.0467395076059133,0.198393482964687,0.235589934243116,0.813750884946061,0.863601817765584,0.0368145507037311,0.175661003438171,"SYK"
"ENSG00000169442",159.538266960635,-0.0582608270754337,0.24748116908441,-0.235415192561832,0.813886495430843,0.863676118227008,-0.0399121115559496,0.205707767761709,"CD52"
"ENSG00000187079",752.969650210084,-0.0404587281970818,0.171997775924744,-0.235228205594845,0.814031615202679,0.863760496917994,-0.0326111814452323,0.15591143290139,"TEAD1"
"ENSG00000065357",65.0825764888715,-0.0566306190858593,0.241025311989565,-0.234957144618533,0.814241995779672,0.863914103991874,-0.0394775019587815,0.201971710921556,"DGKA"
"ENSG00000112599",13.6895890086115,0.0828308276916224,0.353625202774137,0.234233383372641,0.814803799605682,0.864440517776665,0.0439782959998732,0.258451831866887,"GUCA1B"
"ENSG00000241878",340.323187833288,-0.0240360387326025,0.102654237403604,-0.234145607044943,0.81487194054078,0.86444315278059,-0.020262218676044,0.0988697096559643,"PISD"
"ENSG00000138768",2077.10843229321,0.0313203759710287,0.133956670676286,0.233809752160205,0.815132678272198,0.86465008396163,0.0281739091869599,0.126183173200371,"USO1"
"ENSG00000055609",826.650130835971,-0.0324537105624976,0.139025398025285,-0.233437278536653,0.815421868556455,0.864887160349173,-0.0280391437336982,0.130124408680187,"KMT2C"
"ENSG00000204568",1505.46946722446,0.0197631853618334,0.0847267049504232,0.233258042707994,0.815561037066032,0.864965088932767,0.0296723863881388,0.0823929505491993,"MRPS18B"
"ENSG00000179988",76.3348736943648,-0.0278967392521485,0.119667547262064,-0.233118668263973,0.815669259035971,0.865010186425098,-0.0263547860529662,0.113898949375632,"PSTK"
"ENSG00000197128",87.5010873908599,0.0367041451942617,0.157596309400871,0.232899776230794,0.815839232206761,0.865120757992446,0.0314008846663791,0.145315137059254,"ZNF772"
"ENSG00000177465",206.040885229206,0.0310070513294677,0.133263102909166,0.232675441683227,0.816013440568405,0.865235802409891,0.027613133627144,0.125620103323765,"ACOT4"
"ENSG00000130684",236.192338647897,0.0482509127044544,0.207672508834732,0.232341357915857,0.816272892208444,0.865441206218101,0.0373116684735651,0.181998583591247,"ZNF337"
"ENSG00000128052",899.741770953614,0.0583992920235939,0.251690450063509,0.232028239485677,0.816516080314597,0.865629335165632,0.0357300636282318,0.209592983968841,"KDR"
"ENSG00000100097",1144.89644282333,0.0459438635291136,0.198284469705956,0.231706817973417,0.816765735511101,0.865824289350979,0.0379416300392143,0.175545987306558,"LGALS1"
"ENSG00000105251",92.1516519290054,-0.062327720129026,0.269669160757145,-0.231126614381969,0.817216439530373,0.866232319688986,-0.0401628706355726,0.218073045906785,"SHD"
"ENSG00000165259",27.0099061316445,-0.0516754859443612,0.224299176081669,-0.23038642783755,0.817791506545015,0.8667720958921,-0.037748277965607,0.191891239885973,"HDX"
"ENSG00000225830",112.918412037694,0.0283217804533248,0.123094144359145,0.230082272400318,0.81802783996231,0.866952792477162,0.0267572583978953,0.116970541158188,"ERCC6"
"ENSG00000171606",418.086191991686,0.0236693815749268,0.103103989613719,0.229568047401508,0.818427438243488,0.867306475524289,0.0222703333670932,0.0993883555814679,"ZNF274"
"ENSG00000069329",828.074129540208,0.034392415457512,0.150037884579682,0.229224875796266,0.8186941391695,0.867445474323044,0.0290255168571873,0.139364826414234,"VPS35"
"ENSG00000071282",48.1944181026608,-0.0581465426576066,0.253621252186107,-0.229265261315478,0.818662751871714,0.867445474323044,-0.0391586662319289,0.20923249585704,"LMCD1"
"ENSG00000170876",424.264965323198,0.0175098326621076,0.0764137844400935,0.229144948001298,0.818756259259643,0.867445474323044,0.0171193085737651,0.0748321525935768,"TMEM43"
"ENSG00000116885",31.4371921258201,0.0351133437628131,0.153547971116719,0.2286799591518,0.81911767235365,0.867623439488291,0.0300376468850613,0.14243323940045,"OSCP1"
"ENSG00000162971",148.874821263368,0.0282861075139178,0.123695952363934,0.228674479425934,0.819121931705868,0.867623439488291,0.0257136715557001,0.117386909357814,"TYW5"
"ENSG00000163633",35.5299087273504,-0.0299979515421275,0.131099691714138,-0.228817864862245,0.819010480976516,0.867623439488291,-0.0265125928400475,0.123877828363384,"C4orf36"
"ENSG00000089692",85.8607105907034,-0.0601081600305257,0.263575661003426,-0.22804897767,0.819608164850105,0.867998801352677,-0.0395469934389638,0.214703156058014,"LAG3"
"ENSG00000149573",430.480263883555,0.038418386764582,0.168419831803666,0.228110824913826,0.819560084865879,0.867998801352677,0.0331950373567511,0.153746741542421,"MPZL2"
"ENSG00000243811",20.9882592952918,0.0559867501768672,0.246286668390671,0.227323511023579,0.820172192464316,0.868526267673545,0.0393037914141166,0.206274770455144,"APOBEC3D"
"ENSG00000136908",340.205080619185,-0.0357901827810318,0.157702838168865,-0.226946979500194,0.820464970628408,0.868766431019271,-0.0299636077166817,0.145075727926359,"DPM2"
"ENSG00000139675",29.8187418389805,-0.0407807278602168,0.179891659777449,-0.226696045334554,0.820660102435115,0.868807459321038,-0.0327874919155932,0.162066598063776,"HNRNPA1L2"
"ENSG00000165272",1169.64629165304,-0.0339104789821628,0.149614122885021,-0.226652927733454,0.820693632727409,0.868807459321038,-0.026403722884198,0.13862500794973,"AQP3"
"ENSG00000213079",252.896647930358,0.0258368459928804,0.113998202053496,0.226642574421972,0.820701684002411,0.868807459321038,0.0331688663277362,0.108797271449039,"SCAF8"
"ENSG00000159479",550.220334326167,-0.0161601010770387,0.0713874690272995,-0.226371676951579,0.820912354716285,0.86896060959918,-0.0152522459364659,0.0700820754311417,"MED8"
"ENSG00000132005",79.385172664302,0.0594088080267017,0.262669526156777,0.226173202868013,0.821066711633873,0.869029393571178,0.0402325742209257,0.215848133100698,"RFX1"
"ENSG00000166971",481.678345882458,0.0252814922659101,0.111806443245554,0.226118383986026,0.82110934650049,0.869029393571178,0.0243190458540991,0.10709408467494,"AKTIP"
"ENSG00000113140",2705.77782579259,-0.0350046018251256,0.154933802256418,-0.225932632616815,0.821253816798399,0.869098668051842,-0.0261526694160928,0.142707817006428,"SPARC"
"ENSG00000134240",48413.2235977306,-0.0305322632481343,0.135179568225803,-0.225864482694111,0.821306822717683,0.869098668051842,-0.00470442377722633,0.126126076466191,"HMGCS2"
"ENSG00000196510",331.424007877562,-0.0271223386363272,0.120197103830713,-0.225648853191393,0.821474541267984,0.86920628548857,-0.0241508368581606,0.11432753441636,"ANAPC7"
"ENSG00000186187",172.461755074165,-0.0262925997862169,0.116588232939996,-0.225516753476731,0.821577293635805,0.869245150113228,-0.0219486393280937,0.11106069095466,"ZNRF1"
"ENSG00000166398",234.453393313549,0.0305091902386606,0.135547799187323,0.225080675758503,0.821916513805505,0.869534176035619,0.0272434435349673,0.127450591306138,"GARRE1"
"ENSG00000102054",1009.11747043927,0.0140166677876586,0.0625040268306095,0.224252236190235,0.822561039703758,0.870006318182815,0.0138266722149118,0.061643612903586,"RBBP7"
"ENSG00000110324",326.707910796937,0.0466136934969711,0.207813356385954,0.224305570669863,0.822519541873068,0.870006318182815,0.0361297987799773,0.182091933761766,"IL10RA"
"ENSG00000179603",84.8010456045047,0.0613707934060624,0.273484503481816,0.224403184183132,0.822443593246682,0.870006318182815,0.0408149675827824,0.221700166084947,"GRM8"
"ENSG00000172006",77.6160899327339,-0.0336874733912099,0.150281331762495,-0.224162728637843,0.822630683745819,0.87001008773375,-0.0284606801517052,0.139208102758029,"ZNF554"
"ENSG00000132323",248.308512616163,0.0329574954927238,0.147084867428527,0.224071286658628,0.822701834369817,0.870015449904659,0.0288265686718515,0.136945628365458,"ILKAP"
"ENSG00000136153",1178.60231841423,-0.0232185692284648,0.103667209236195,-0.223972164385786,0.822778962645018,0.870027132132705,-0.0192758728761102,0.0998165159924686,"LMO7"
"ENSG00000205683",83.9094394077768,0.0314883300251404,0.140762911243684,0.223697632756607,0.822992588061809,0.870183136397509,0.0266940035190168,0.132000708801224,"DPF3"
"ENSG00000140391",1361.14839044029,-0.0255438628670499,0.114268504898201,-0.223542461589099,0.823113339535601,0.870240924140827,-0.0228338887561546,0.10916694446117,"TSPAN3"
"ENSG00000175806",978.959180546259,0.024046957614609,0.107626656318029,0.223429384850088,0.823201336503873,0.870264075510679,0.0207829568083443,0.10350962071677,"MSRA"
"ENSG00000137218",39.2114894318729,0.0546334290550424,0.244719666211106,0.223249033888078,0.823341691259503,0.870342569821166,0.0386347415472576,0.205404102683417,"FRS3"
"ENSG00000139508",2751.25694714637,-0.0378410850549599,0.16967429538497,-0.223021907762181,0.823518455948964,0.870459536851643,-0.0285034619944934,0.154067999908428,"SLC46A3"
"ENSG00000131470",15.6102436739695,-0.0516884307934839,0.232174520557322,-0.222627490171655,0.823825439277117,0.870582952152718,-0.0369811840366059,0.196693214444078,"PSMC3IP"
"ENSG00000133703",339.495100828912,-0.0350191155849584,0.157306548873614,-0.222617022849405,0.823833586576843,0.870582952152718,-0.0293959397541774,0.144748930325079,"KRAS"
"ENSG00000167994",100.88155938643,0.0478929749834062,0.21509285829509,0.222661855735354,0.823798690778913,0.870582952152718,0.0363881769031187,0.186908904201738,"RAB3IL1"
"ENSG00000168395",276.073180843076,-0.0363979183017618,0.163694503365311,-0.22235272140161,0.824039313399447,0.87066861939835,-0.0299154791555231,0.149662014208629,"ING5"
"ENSG00000196159",262.644970348359,-0.0415681359551669,0.186955037587679,-0.222342957384457,0.824046913741671,0.87066861939835,-0.0326590145051869,0.166852579619461,"FAT4"
"ENSG00000184897",431.517241321017,-0.0464265669002022,0.209612146399417,-0.221487960968331,0.824712509595422,0.871301950034772,-0.0332725112567482,0.182347392751804,"H1-10"
"ENSG00000146859",989.723994991854,0.0226217645991846,0.102290825863754,0.221151451346337,0.824974509510522,0.871508817476975,0.0235234199607593,0.0986846704850907,"TMEM140"
"ENSG00000119655",674.392772177019,0.0269538089431133,0.122095802932463,0.220759504387081,0.825279696449118,0.871761271136801,0.0276132983049647,0.116006024737032,"NPC2"
"ENSG00000004864",3568.66412810885,-0.0215944701084966,0.0978731699300533,-0.220637281125455,0.825374870196607,0.871791860490055,-0.0213884925656927,0.0946333825638549,"SLC25A13"
"ENSG00000129988",6259.18164718039,0.0377871663212328,0.171419908369109,0.220436276513856,0.825531395591018,0.871887241645383,0.0348988375590476,0.15590858849364,"LBP"
"ENSG00000165092",22137.4018272287,-0.0282096410444758,0.128038323519884,-0.220321855745752,0.825620499907822,0.871911406255425,-0.0196457916580738,0.120761076104013,"ALDH1A1"
"ENSG00000170291",436.987790146108,-0.0226820067077268,0.103012756139557,-0.220186388149815,0.825725997188272,0.871952877685338,-0.0185145237247314,0.0991973721394815,"ELP5"
"ENSG00000141012",190.592197844808,0.0366509942566242,0.16662802536407,0.219956962080926,0.825904673117162,0.872071611697855,0.0308897439779225,0.152456474113617,"GALNS"
"ENSG00000144524",301.122778564581,0.0246495698833298,0.112284570137154,0.219527668434058,0.826239029177409,0.872354695922195,0.0233082007115504,0.107518748944079,"COPS7B"
"ENSG00000050405",400.836111623588,0.0247017413152973,0.112673207322056,0.219233497495922,0.826468162893096,0.872503204584594,0.0221721159815169,0.107907232349342,"LIMA1"
"ENSG00000136490",125.236504338615,0.0477133376139627,0.217693247544034,0.219176929703855,0.826512226004789,0.872503204584594,0.0360440179595155,0.188586078042638,"LIMD2"
"ENSG00000157502",45.2755145441903,-0.0693331407613377,0.316465714579675,-0.219085788972196,0.826583220630813,0.872508192321437,-0.0392919062018445,0.240548856148893,"PWWP3B"
"ENSG00000151882",38.1484612987594,0.055573202979936,0.254558430240743,0.2183121687519,0.827185893825219,0.872954335789867,0.0398213536291236,0.211145177255018,"CCL28"
"ENSG00000155008",622.820334526263,0.0404830865362594,0.185386307066761,0.21837150314279,0.827139666958767,0.872954335789867,0.0334626931999772,0.166357862342152,"APOOL"
"ENSG00000182162",33.6107430515,-0.0540142933808031,0.247445187711938,-0.21828791208372,0.827204792139935,0.872954335789867,-0.0371077827036255,0.205618296779046,"P2RY8"
"ENSG00000172954",241.790936364721,0.0338344138595541,0.155611433930482,0.2174288418592,0.827874156236424,0.873590698165325,0.0293877335722778,0.143821541622337,"LCLAT1"
"ENSG00000131477",94.7202994253732,0.0400254796941755,0.184504130731443,0.216935412424099,0.828258679564965,0.873926412498183,0.0324754740467457,0.16569619190893,"RAMP2"
"ENSG00000070601",20.6387083461346,0.0811994445970083,0.374754975449726,0.216673426415659,0.828462858688663,0.874071800424308,0.0411061140529879,0.266230865017556,"FRMPD1"
"ENSG00000198075",21.0940942620809,-0.0610244488847053,0.282142578660136,-0.21628939940403,0.828762171564368,0.874317528110294,-0.0383607699115254,0.224862760595924,"SULT1C4"
"ENSG00000154814",380.444046935442,0.0197705896721385,0.0917266668238079,0.215538080219514,0.829347825948584,0.874865273330587,0.0189956058795791,0.0891251241178943,"OXNAD1"
"ENSG00000144580",423.322477320174,0.0170515391703626,0.0791446614399315,0.215447749224428,0.829418245482572,0.874869461626626,0.0163499254880858,0.0773755354708753,"CNOT9"
"ENSG00000106245",457.720322725075,0.0222115530709141,0.103293602406866,0.215033192311605,0.82974144010252,0.87514025477768,0.0216961006281235,0.0996252961885462,"BUD31"
"ENSG00000244482",14.8339805668449,0.0644965151914706,0.30021026053374,0.214837810928924,0.829893772272909,0.875230807893714,0.0395852078919274,0.234540654072184,"LILRA6"
"ENSG00000100425",241.277695530452,-0.0317798410162043,0.148067629119414,-0.214630579318417,0.830055350647654,0.875331097046617,-0.0270923896660142,0.137427099650399,"BRD1"
"ENSG00000186446",22.6323647055004,-0.0439419705044279,0.205357289375343,-0.213978138482889,0.830564105316026,0.875657191751345,-0.0334118498889327,0.179737057906519,"ZNF501"
"ENSG00000188227",14.1619881788126,0.0741246488789764,0.34624091494085,0.21408402554516,0.830481532785028,0.875657191751345,0.0401664411507211,0.255270071672802,"ZNF793"
"ENSG00000204592",5734.0467511369,0.0304326867237635,0.142172708478474,0.214054350159413,0.830504673966504,0.875657191751345,0.0273316307228096,0.132967349888816,"HLA-E"
"ENSG00000176971",47.3818704747696,0.0459812185338289,0.215231248728439,0.213636350694802,0.830830650004357,0.875868070939016,0.0347952327377717,0.186851741872305,"FIBIN"
"ENSG00000143748",160.269439405444,0.0205417284456331,0.0963372969363976,0.213227162260894,0.831149782975033,0.876134350892657,0.0206138691850302,0.0932830813516939,"NVL"
"ENSG00000183049",614.718292243865,0.0296781373908674,0.139890485392578,0.212152651465759,0.831987944528002,0.876947664530916,0.0260854350330864,0.131092768367914,"CAMK1D"
"ENSG00000165923",170.017783558434,0.0556764294628089,0.262563583700071,0.212049320314003,0.832068557060653,0.876962425733314,0.0378777789374055,0.215741881989683,"AGBL2"
"ENSG00000155368",6592.90140181314,0.0244272548571271,0.115368159991504,0.211733071403114,0.832315285747759,0.877152249432081,0.0293245026963044,0.110011103225453,"DBI"
"ENSG00000053501",222.311231681023,-0.0274120610283351,0.129918169623571,-0.210994821646269,0.832891312127595,0.877606052302323,-0.0233924925705722,0.12256892347681,"USE1"
"ENSG00000120594",167.703389604992,0.0455555628656475,0.215971004280738,0.21093369925914,0.832939007476606,0.877606052302323,0.0345763794351608,0.187461975404663,"PLXDC2"
"ENSG00000184635",9.96859499783744,-0.0570934563780588,0.270681425268666,-0.210924914117732,0.832945862795824,0.877606052302323,-0.0371557186860198,0.218676297553219,"ZNF93"
"ENSG00000164300",1802.42638721925,0.0343023714771988,0.162754736433099,0.210761125783267,0.833073674255593,0.87767048053526,0.0307253806867208,0.14930785637931,"SERINC5"
"ENSG00000138964",162.194562555444,-0.0417909209211254,0.198471731762988,-0.210563592859821,0.833227824016367,0.87776264450308,-0.0321380369865303,0.174850903575425,"PARVG"
"ENSG00000178935",97.0027040582961,0.023795190224247,0.11306524719366,0.210455385848935,0.833312268784093,0.877781368974427,0.023597025022576,0.108010230118104,"ZNF552"
"ENSG00000135914",58.0080089980824,-0.0435048874783258,0.207241496306963,-0.209923631384551,0.833727277976771,0.878148267347373,-0.0327958352192902,0.18104111285015,"HTR2B"
"ENSG00000143224",173.102647934671,-0.0329156285699656,0.156977238253471,-0.209684085006112,0.833914247730806,0.878274936854955,-0.0274399186981129,0.144518673911465,"PPOX"
"ENSG00000205795",31.1460841128468,0.0656136814154158,0.313112670782916,0.209552942240739,0.834016610721456,0.878312485742976,0.0389082902130981,0.241337604206031,"CYS1"
"ENSG00000091527",1735.04377668463,0.019245964966283,0.0919468394660399,0.209316220960388,0.834201389744283,0.87843681495427,0.0196716393835056,0.0892700937246049,"CDV3"
"ENSG00000185261",15.0119269913839,0.0510373679191803,0.245529909082874,0.207866194834755,0.835333445226911,0.879558552451817,0.0358441652459672,0.205577924873804,"KIAA0825"
"ENSG00000114573",1209.10484241664,0.0364329927637253,0.175599788985681,0.207477429068529,0.835637018154268,0.879807835347389,0.0309571493940203,0.159148744558048,"ATP6V1A"
"ENSG00000055147",286.58656312436,-0.0218117285635423,0.105365327858108,-0.207010493935116,0.836001663037116,0.880030722567832,-0.0193166657318576,0.101296956224379,"FAM114A2"
"ENSG00000082458",53.6292978985189,0.0421153285730374,0.203589462608852,0.206863990077678,0.836116079948428,0.880030722567832,0.032683442699534,0.179346917007483,"DLG3"
"ENSG00000104368",68.8612360304455,0.0552071068748709,0.26687261811862,0.206866883774237,0.83611381998922,0.880030722567832,0.0369987946070158,0.218068996684038,"PLAT"
"ENSG00000205436",636.583545732519,0.0535064044094286,0.258599772469213,0.206908165071176,0.836081579697622,0.880030722567832,0.0369082970415773,0.213505084110764,"EXOC3L4"
"ENSG00000116459",2592.04944455319,0.0179627650239001,0.0869634592320103,0.206555318550256,0.836357158277216,0.880214096393112,0.0195610874237443,0.0846466523642981,"ATP5PB"
"ENSG00000197372",35.0121236290081,-0.0442171104922146,0.214274267976053,-0.20635753844767,0.836511636377089,0.880306306813264,-0.0338475357195196,0.18553568362337,"ZNF675"
"ENSG00000145626",1806.4111495468,-0.0397300821157863,0.19263656301768,-0.206243723898562,0.836600535211678,0.88032949541216,-0.0279524512994262,0.170651575991562,"UGT3A1"
"ENSG00000140682",36.1782004094756,0.057258979894371,0.278483169582037,0.205610198922644,0.837095410158956,0.880709459018125,0.0372268138431205,0.223956266843509,"TGFB1I1"
"ENSG00000228253",13371.8493269567,0.0564725152778843,0.274567323958355,0.205678208403451,0.837042281792331,0.880709459018125,0.0272639715324553,0.222383624102222,"MT-ATP8"
"ENSG00000166997",76.0533811072257,0.0257718469311351,0.12619622609856,0.204220425030834,0.83818125082442,0.881640516765544,0.0235333696197419,0.119525667344701,"CNPY4"
"ENSG00000183508",203.93572575265,0.033813753739948,0.165536932948733,0.204267127206109,0.838144757051884,0.881640516765544,0.0288761155186072,0.151537193570992,"TENT5C"
"ENSG00000204580",151.257432186906,0.049276090884991,0.241285018687234,0.204223582355377,0.838178783633216,0.881640516765544,0.0352539027356242,0.203445857473543,"DDR1"
"ENSG00000133460",101.71009367308,-0.029839647298067,0.146391601847857,-0.203834420290577,0.83848289397456,0.881879882404617,-0.0244839850972971,0.136298754055802,"SLC2A11"
"ENSG00000175175",26.7207993294168,0.0786054952290648,0.385779094476982,0.203757788730449,0.838542780481802,0.881879882404617,0.0385050222652991,0.27020225969241,"PPM1E"
"ENSG00000078814",24.1793932797333,0.0723524117763386,0.35580616202963,0.203347832324257,0.83886317163241,0.882081433653985,0.0384267983445934,0.259327126196118,"MYH7B"
"ENSG00000129355",23.5769723102235,0.0364674375319594,0.179341189261513,0.20334111579233,0.838868420992067,0.882081433653985,0.0299093695474119,0.161433926362914,"CDKN2D"
"ENSG00000178922",774.729107658095,-0.034568416673751,0.170187792924169,-0.203119248917892,0.839041826864329,0.88219331516497,-0.0285304384535475,0.154592822120979,"HYI"
"ENSG00000065809",2325.4941417699,0.0234288378542961,0.115505668523732,0.202837126123229,0.839262338616236,0.882284250257215,0.0202492389545747,0.110484658188597,"FAM107B"
"ENSG00000131437",43.2615928259279,0.0327421201445116,0.161374328356279,0.202895469669898,0.839216735318372,0.882284250257215,0.0280043824121929,0.14816911492954,"KIF3A"
"ENSG00000035141",788.622004571067,0.0227103019903946,0.112118752865632,0.20255578491505,0.839482252034237,0.882374527405617,0.018681377673058,0.107445517546025,"TIMCC"
"ENSG00000134184",3967.87947103579,-0.22051012732722,1.08822591121798,-0.202632674938255,0.839422148865356,0.882374527405617,-0.0214161609525075,0.349967417664613,"GSTM1"
"ENSG00000162576",74.1824785154812,0.0568890304394511,0.281576578120169,0.202037509011749,0.839887400832299,0.882729904953943,0.0369403897202122,0.225849956471926,"MXRA8"
"ENSG00000106635",361.751047771518,0.0178556514928727,0.0884469228683216,0.201879849674995,0.840010655366523,0.882788975778707,0.0172583646010766,0.086045211241606,"BCL7B"
"ENSG00000214960",40.1675279436111,-0.0467722846399833,0.232481839041641,-0.201186831766268,0.840552487710765,0.883287896336494,-0.0332661611205223,0.1967791144077,"CRPPA"
"ENSG00000101336",155.048847025204,0.0461447437168519,0.229510835538021,0.201056928788042,0.84065406007492,0.883324130482554,0.0339530192221265,0.19609045926305,"HCK"
"ENSG00000072756",150.931130090494,-0.0285929990904231,0.14302003795962,-0.199923028257733,0.841540780060007,0.884044196143785,-0.0241621110289498,0.133403132905223,"TRNT1"
"ENSG00000151726",33796.3234258627,0.0325061789082033,0.162542711816422,0.199985459482897,0.841491953064288,0.884044196143785,0.0279709619017079,0.149194320993963,"ACSL1"
"ENSG00000166482",457.085363985424,0.0572043798736609,0.286116480687992,0.199933886143531,0.841532288144696,0.884044196143785,0.0374056555231266,0.228222729308025,"MFAP4"
"ENSG00000120217",53.2970096105593,0.0370079369888829,0.185480739188732,0.199524420437133,0.841852542624147,0.884276305217192,0.0309467939953248,0.166227487927293,"CD274"
"ENSG00000133789",210.377020402434,0.0348479863036933,0.174703956425522,0.199468787179696,0.841896056957124,0.884276305217192,0.0290558853788306,0.158428880698052,"SWAP70"
"ENSG00000073849",15997.726683733,0.0262996868773159,0.132158761272274,0.199000706605695,0.84226219185692,0.884308135405758,0.0274605776538202,0.124532339645737,"ST6GAL1"
"ENSG00000111249",904.312929837417,0.06024531281648,0.302546129564438,0.199127693033827,0.842162859081174,0.884308135405758,0.0370247210479716,0.236331112438434,"CUX2"
"ENSG00000134109",1913.99901459318,-0.0190468686748975,0.0957062538681587,-0.199013835617636,0.842251921814712,0.884308135405758,-0.0118461330863994,0.0926286177857363,"EDEM1"
"ENSG00000140563",69.2927018642325,0.0542988838930682,0.272520681051538,0.199246837647523,0.842069662703023,0.884308135405758,0.0368071411398153,0.220952811167678,"MCTP2"
"ENSG00000164902",397.280886979199,0.0161998874275012,0.0812957523583198,0.199271019180664,0.842050747881249,0.884308135405758,0.0187669281428123,0.0793474794664684,"PHAX"
"ENSG00000090273",1412.55715641098,-0.0276886952972344,0.139449079319189,-0.198557749053738,0.842608706817765,0.884601406104991,-0.0238018419632067,0.130485840495718,"NUDC"
"ENSG00000065989",49.1792765904868,0.0481211632137626,0.243198130896425,0.197868145764067,0.84314822739852,0.884960305961593,0.034186571586003,0.204319405744887,"PDE4A"
"ENSG00000137185",95.4245218524027,-0.0263629203176042,0.133237937514387,-0.197863467488436,0.843151887763251,0.884960305961593,-0.023145586025822,0.125302031106058,"ZSCAN9"
"ENSG00000143196",344.382801892566,-0.0751310901785119,0.379712589221381,-0.197863047766132,0.843152216161493,0.884960305961593,-0.0357062766436068,0.264906101691694,"DPT"
"ENSG00000102241",647.473382422362,0.0124850577818878,0.0631932686161517,0.1975694255938,0.843381958083689,0.885130877650845,0.0129020824458765,0.0623151501435947,"HTATSF1"
"ENSG00000091157",301.88282245829,-0.0285427268674231,0.144961719982085,-0.196898373384026,0.843907066614518,0.885399668423519,-0.0231928416012825,0.134902905985011,"WDR7"
"ENSG00000105538",72.1945521868954,-0.0392248874860901,0.198970610874686,-0.197139101667604,0.84371868508909,0.885399668423519,-0.0299851166637216,0.175197540614146,"RASIP1"
"ENSG00000116729",279.72051580566,-0.0301159001707129,0.152844770944181,-0.197035855297341,0.843799479273372,0.885399668423519,-0.0254128911625159,0.141262685901423,"WLS"
"ENSG00000196975",2526.26128176801,-0.0241155836597731,0.122432417567413,-0.196970574778487,0.843850564593193,0.885399668423519,-0.0205250069151345,0.116221343829842,"ANXA4"
"ENSG00000163798",288.247013869867,0.0101353768450209,0.051573757407248,0.19652197851298,0.844201631698318,0.885638142066936,0.0100726220676678,0.0511083472850705,"SLC4A1AP"
"ENSG00000115307",2030.45484267834,0.0240614321237352,0.122509161862756,0.196405164788333,0.844293054073024,0.885663480991589,0.0194969826402638,0.116526711261189,"AUP1"
"ENSG00000176142",398.022548485059,0.028384023719629,0.144998653523156,0.195753705499728,0.844802946595777,0.886127756124921,0.0256833005991367,0.135219533007244,"TMEM39A"
"ENSG00000130764",727.159849879238,-0.0198933058603641,0.101881504060746,-0.195259247924952,0.845189998421066,0.886463117916972,-0.0204498416664408,0.0982732095088221,"LRRC47"
"ENSG00000115904",510.80848473073,0.0260752489846762,0.133754376942034,0.19494875293671,0.845433066999259,0.88664742393757,0.0234325821835427,0.125977573797901,"SOS1"
"ENSG00000136379",56.8747420196025,-0.0362964090844055,0.186793129300268,-0.194313405532489,0.845930489588624,0.887098432968843,-0.0286843467794704,0.166790905585122,"ABHD17C"
"ENSG00000198223",31.5684306603627,-0.0502376672892201,0.259351316643081,-0.193705079039013,0.84640681467379,0.887527247689958,-0.0333892599389709,0.212418540544235,"CSF2RA"
"ENSG00000120156",295.630870981986,-0.0443742450015595,0.229254627230185,-0.193558775836638,0.84652137976936,0.887576689180807,-0.0315343300090261,0.194831981936691,"TEK"
"ENSG00000102007",97.4839126299992,0.0434108204755878,0.224871691280996,0.193047067099889,0.84692210709768,0.887926139675748,0.0322899120868837,0.193044768028948,"PLP2"
"ENSG00000146950",156.163776700866,-0.0271051832214172,0.14101432904789,-0.19221580816948,0.84757316365726,0.888467219164927,-0.0230831282456986,0.131777990947642,"SHROOM2"
"ENSG00000189056",1338.34985881336,0.0514322672569422,0.267513051782061,0.192260777238052,0.84753794042913,0.888467219164927,0.0348313134101708,0.218325108577722,"RELN"
"ENSG00000117335",3110.13164658697,-0.0304745677498538,0.158636652197515,-0.192102942968757,0.84766156969139,0.888489151067339,-0.024981706798235,0.145728343613794,"CD46"
"ENSG00000117519",1823.04820481604,0.0235979883127321,0.123121564181341,0.191664136738676,0.848005299847451,0.888666516596175,0.0289149944712261,0.116713088603857,"CNN3"
"ENSG00000179399",19.29330380606,0.0600349759527217,0.313053451875665,0.19177228550914,0.847920580966351,0.888666516596175,0.0354017422313774,0.240879901903173,"GPC5"
"ENSG00000198522",309.678564119135,-0.0152157930499199,0.0794025894202392,-0.191628423720417,0.848033276204948,0.888666516596175,-0.00983856781921045,0.0775822332421517,"GPN1"
"ENSG00000152193",117.744575236625,0.0252238862700354,0.13170855735594,0.19151288858072,0.848123783794728,0.888690627731109,0.0227258885653334,0.124208256781975,"OBI1"
"ENSG00000180834",14.8463416507564,-0.0528541625433999,0.276768738273377,-0.190968686973576,0.848550125817961,0.889066604847945,-0.0336832695502004,0.221685842361254,"MAP6D1"
"ENSG00000108774",496.56211170985,0.0178458936623198,0.0935973157085474,0.190666725078848,0.848786709925292,0.889243719493625,0.0164168502310007,0.0908081893720051,"RAB5C"
"ENSG00000178562",28.278405878172,-0.0437181081806099,0.229911119620458,-0.190152212962908,0.849189856360093,0.889575824009367,-0.0312915483448623,0.195239549969731,"CD28"
"ENSG00000214029",52.9424762121252,-0.0288472889915637,0.151756187996679,-0.190089704890288,0.849238837306223,0.889575824009367,-0.0244359563206697,0.140274872205034,"ZNF891"
"ENSG00000070081",818.874010707371,-0.03018401093406,0.159408755447541,-0.189349768457311,0.849818691172586,0.88997079923467,-0.0225707402053832,0.146215370430327,"NUCB2"
"ENSG00000122121",672.916210163805,-0.123179612650769,0.650375432674007,-0.189397702407544,0.849781125094377,0.88997079923467,-0.0321804987049508,0.321637070295413,"XPNPEP2"
"ENSG00000141485",7593.16367691875,0.0281345484289001,0.148561887276532,0.189379314874552,0.849795535456273,0.88997079923467,0.0301673836730876,0.137931033904299,"SLC13A5"
"ENSG00000142484",740.961677514915,0.0348792195906038,0.184303344185791,0.189248978333476,0.849897682012365,0.889982731358848,0.0292278213605842,0.16547554295192,"TM4SF5"
"ENSG00000172673",13.8418203614838,-0.0727063434815257,0.384607725541082,-0.189040257522751,0.850061264655862,0.890083236079138,-0.0344994247025133,0.266809264188266,"THEMIS"
"ENSG00000146083",191.384251568584,0.0307605283195753,0.1629098416277,0.188819337200467,0.850234415563905,0.890193742768539,0.026736145102834,0.149433416346071,"RNF44"
"ENSG00000074356",230.095721411423,-0.0157533679619195,0.0835887571153493,-0.188462761088557,0.850513904759105,0.89032139050326,-0.0126531554528876,0.0814730131828458,"NCBP3"
"ENSG00000123983",1013.65338324963,-0.0319438903301297,0.169444671931978,-0.188521066882252,0.850468202601365,0.89032139050326,-0.02527181311434,0.153986420586241,"ACSL3"
"ENSG00000174943",56.7078264397687,0.0416881937863601,0.221269073473377,0.188404972877405,0.850559201712746,0.89032139050326,0.032269223832704,0.190747016219509,"KCTD13"
"ENSG00000024048",984.183702237796,0.0219280971368361,0.116477776615111,0.188259921970311,0.850672901195934,0.89036961738975,0.0182136705536535,0.111215846058554,"UBR2"
"ENSG00000130528",13.2649246666445,0.0613810605709479,0.326434250957379,0.1880349883351,0.850849223627579,0.890421407842822,0.0350513114796404,0.246836225978042,"HRC"
"ENSG00000214491",10.0337880298081,-0.0698944612641148,0.371731104659801,-0.188024247602526,0.850857643329071,0.890421407842822,-0.0346106463144105,0.262946798983097,"SEC14L6"
"ENSG00000138018",961.131745742184,0.0274683025164429,0.146175148894876,0.18791362775486,0.850944359641457,0.890441379672503,0.0232880746985881,0.136219095019835,"SELENOI"
"ENSG00000077238",871.275448575819,-0.0319313206493746,0.170273994293267,-0.187529051526086,0.851245847882629,0.890615291896272,-0.0257092468016654,0.154637368215507,"IL4R"
"ENSG00000088205",796.078180727318,-0.0207295828014569,0.110538606202802,-0.187532514779723,0.851243132770493,0.890615291896272,-0.017616212988437,0.105872358183752,"DDX18"
"ENSG00000142733",79.6822081822803,0.0412612968026565,0.220221970064578,0.18736230899468,0.851376572323031,0.890681283369489,0.0313950180798123,0.189957279036656,"MAP3K6"
"ENSG00000135426",14.8064205642571,-0.0537745757818072,0.28737553279247,-0.187123013776684,0.851564184463539,0.890755094284073,-0.033447145534667,0.226918744501673,"TESPA1"
"ENSG00000204531",21.4758492354011,-0.0807038580589992,0.431341385425548,-0.187099733032524,0.851582437471793,0.890755094284073,-0.0340451622627399,0.281030471606935,"POU5F1"
"ENSG00000095015",265.523021690893,-0.0386966394366792,0.20709345545973,-0.186855926232802,0.851773596252981,0.890884268213119,-0.0290022426058222,0.180648446744638,"MAP3K1"
"ENSG00000186787",15.9379218463815,0.0340749174835806,0.182541463590162,0.186669465738945,0.851919798056193,0.890966404099439,0.0276203036681013,0.164160975861618,"SPIN2B"
"ENSG00000050344",28.3427169779587,-0.049892058261596,0.267581343629146,-0.186455668339658,0.852087440715158,0.891000178258738,-0.032468624527001,0.216910346124385,"NFE2L3"
"ENSG00000135414",35.374486143731,-0.030305139540896,0.162520229833816,-0.186469952521506,0.852076240004609,0.891000178258738,-0.0253155507586029,0.148832260800398,"GDF11"
"ENSG00000128524",395.506634577042,0.0183639229659092,0.0987293987157032,0.186002580840072,0.85244273743053,0.8913009117702,0.0186334521937934,0.0954562324663112,"ATP6V1F"
"ENSG00000101017",273.002050921093,-0.0260585783491907,0.140222845670205,-0.185836895725813,0.85257266987489,0.89136597884323,-0.0121049112764418,0.130787646379935,"CD40"
"ENSG00000035664",58.3931028583162,-0.0369407564838437,0.199357771778113,-0.185298803023135,0.852994676822518,0.891736375658669,-0.0282346335641252,0.175448261431863,"DAPK2"
"ENSG00000213719",1005.32272464007,-0.0214347692598847,0.115943056210418,-0.184873246923765,0.85332845512397,0.892014485126017,-0.00903899708443992,0.110338432726998,"CLIC1"
"ENSG00000145990",250.414348046626,-0.0238240580689662,0.128960561764894,-0.184739099635743,0.853433676907479,0.892053651172108,-0.0209751362035386,0.121717157463782,"GFOD1"
"ENSG00000138175",207.720790140492,0.0178467679688886,0.0967455561129406,0.184471191090724,0.853643825483825,0.892202477281896,0.0200137082406392,0.0937114678531061,"ARL3"
"ENSG00000181004",20.3165537874817,0.0394273941693389,0.213845205040416,0.184373524587036,0.853720438079342,0.892211723111018,0.0299291581220716,0.185772546705391,"BBS12"
"ENSG00000125482",78.0896201714152,-0.0174103358537699,0.0945494186085931,-0.184140062519513,0.853903578461498,0.892332289389958,-0.0161711447630633,0.0916399840154363,"TTF1"
"ENSG00000106483",10.0823410118725,-0.0945347243683161,0.513975233286616,-0.183928559677504,0.854069499626764,0.892434843816347,-0.0319266520496028,0.300665319780311,"SFRP4"
"ENSG00000205744",43.6525531341179,0.0464167497714272,0.252673644053037,0.183702379982632,0.854246941729727,0.892549419475723,0.0322485719599687,0.209837686226802,"DENND1C"
"ENSG00000023330",3246.28546845336,0.0314301223292424,0.171448113074963,0.183321482899611,0.854545779108687,0.892790805248767,0.0274008853676532,0.155932896988157,"ALAS1"
"ENSG00000160352",10.3941236144034,0.065358601851675,0.356698005050613,0.183232316767236,0.85461573848405,0.89279305029604,0.034394826786383,0.259018524103846,"ZNF714"
"ENSG00000117305",5209.82891458135,-0.0162766422548595,0.0890846398397253,-0.18270986203843,0.855025677236075,0.89315043371074,-0.011335471715856,0.0864722945021227,"HMGCL"
"ENSG00000006756",1945.02304719812,0.028012090205912,0.153616067096518,0.182351304361359,0.85530703849619,0.893373460439575,0.0262153225536716,0.142160777581047,"ARSD"
"ENSG00000147955",2798.65557216202,-0.0190749749764984,0.104671378606444,-0.182236779819427,0.855396910118026,0.893396455546084,-0.0207234654005549,0.100786966206811,"SIGMAR1"
"ENSG00000166923",35.8289441108725,0.117656009754364,0.646140590354002,0.182090417334567,0.855511768875302,0.893445542080766,0.0297610323005741,0.325405613946855,"GREM1"
"ENSG00000189180",734.499373277977,0.0201630601428068,0.110818968717118,0.18194592835705,0.855625160390133,0.893493088649785,0.019840069126637,0.106226455233045,"ZNF33A"
"ENSG00000100342",3674.116735244,0.0359009835246211,0.197621466411965,0.181665403948483,0.85584531778754,0.893652109920751,0.0288711978447914,0.174952833572859,"APOL1"
"ENSG00000114098",357.880710586556,-0.0178744944541758,0.0986613006083237,-0.181170269842031,0.856233929652752,0.893986987930859,-0.0163370499620542,0.0953394178164797,"ARMC8"
"ENSG00000090534",149.823630536983,-0.0323471624408187,0.178883243356525,-0.180828353924402,0.856502306762978,0.894196286641929,-0.0259005606592602,0.161024426612469,"THPO"
"ENSG00000089639",64.842498766036,-0.0371560366701382,0.206096328902414,-0.180284805983767,0.8569289833019,0.894570805118364,-0.0280461637054521,0.180119369520917,"GMIP"
"ENSG00000221947",42.0016149401395,-0.0896542405980016,0.497860649855121,-0.180078985202167,0.857090560281955,0.89466854171666,-0.0318800488026901,0.296977084570251,"XKR9"
"ENSG00000074181",43.6165083434864,-0.0763077353637138,0.424470651186552,-0.179771522837694,0.857331940843801,0.894849558676826,-0.0325524015724609,0.278834360013374,"NOTCH3"
"ENSG00000115762",484.671365631772,0.0214650090685841,0.119849806886126,0.179099237840065,0.857859780446877,0.895329517983637,0.0217725294260849,0.114041240671478,"PLEKHB2"
"ENSG00000101546",176.781474266002,0.0219142652572528,0.122584084284107,0.17876925365338,0.858118888364425,0.895462393314945,0.0198204717168941,0.116452828244646,"RBFA"
"ENSG00000102302",17.9069970708689,0.0475819327167377,0.26617198774773,0.178763862866871,0.858123121407767,0.895462393314945,0.0318572899766636,0.217126364031438,"FGD1"
"ENSG00000082068",257.33875310419,0.0109577709971185,0.0613297923631662,0.178669624906469,0.858197121170494,0.895468639826496,0.00956825646230267,0.0605259785284784,"WDR70"
"ENSG00000110756",944.644787142877,0.0417542277719855,0.235074345786552,0.177621371793153,0.859020339170182,0.896185561451238,0.0296436192113931,0.199450553780046,"HPS5"
"ENSG00000164338",156.527132710193,0.0189467013663222,0.106664522248799,0.17762889634595,0.859014429413364,0.896185561451238,0.0174934062261307,0.102527393706697,"UTP15"
"ENSG00000092036",100.255961611803,0.0249723749149834,0.140883009286437,0.177256115137423,0.85930721993074,0.896397893207478,0.021397593833572,0.131994238294111,"HAUS4"
"ENSG00000161265",22.665378302646,0.0538841618064954,0.304105784691664,0.177188874789505,0.85936003403196,0.896397893207478,0.0330416706046392,0.236475700087397,"U2AF1L4"
"ENSG00000141699",1079.09345743905,0.0130137014823059,0.0734861225528008,0.177090599289075,0.859437225904012,0.896407392557413,0.0129205821900177,0.072084669258486,"RETREG3"
"ENSG00000103671",199.791848859341,-0.012650544733011,0.0716429620496761,-0.176577634021319,0.859840163468464,0.896685591463429,-0.0120662711356072,0.0703880134290937,"TRIP4"
"ENSG00000183255",2343.501498362,0.0195332152319197,0.110610958094806,0.176593852619715,0.859827423094314,0.896685591463429,0.0236955120316051,0.105927082427137,"PTTG1IP"
"ENSG00000198551",173.76314180931,0.0164737084103754,0.093589057760852,0.176021735922063,0.860276866257965,0.897069952570281,0.0157172735276896,0.090741427562584,"ZNF627"
"ENSG00000135476",59.5174988009708,0.0780707996031597,0.444385803903638,0.175682478867144,0.860543401041522,0.897276820948181,0.0328603033491467,0.287597815922873,"ESPL1"
"ENSG00000055208",1621.44540453644,-0.0275489301102478,0.157199050620304,-0.175248705393196,0.860884215084884,0.897330172213323,-0.0196300960380332,0.14460939606879,"TAB2"
"ENSG00000136883",486.95438776925,-0.0528452059371922,0.301955082759944,-0.175010155332289,0.861071653937652,0.897330172213323,-0.0307079680828672,0.233843032748926,"KIF12"
"ENSG00000144488",37.296957159052,-0.0739989985489096,0.421906994354629,-0.175391732156757,0.860771836675971,0.897330172213323,-0.0317612089257557,0.278190259461931,"ESPNL"
"ENSG00000156463",241.77494328142,0.029673212049924,0.169489482152872,0.175074061664547,0.861021439266895,0.897330172213323,0.0250208688274004,0.154462869252484,"SH3RF2"
"ENSG00000181804",155.755736874792,-0.0453450150488357,0.258868443393573,-0.17516625222602,0.860949001133325,0.897330172213323,-0.0294926073822812,0.212040849655763,"SLC9A9"
"ENSG00000183647",29.9196705918985,0.0257226889879631,0.146855893887502,0.175155986641352,0.860957067191789,0.897330172213323,0.0223540696573693,0.136722731020057,"ZNF530"
"ENSG00000185163",152.240471108234,-0.0341565358618444,0.194773981722147,-0.17536498232382,0.860792854232028,0.897330172213323,-0.0263699102963383,0.172393203260465,"DDX51"
"ENSG00000070214",1428.63457209959,0.0199302045183722,0.113983998670604,0.174850897940221,0.86119679355004,0.897337356741485,0.023926815758746,0.108888884183978,"SLC44A1"
"ENSG00000074319",718.832792527169,-0.0143921245507129,0.082496716141887,-0.174456938697533,0.861506369700233,0.897337356741485,-0.0107837713366889,0.080461962747575,"TSG101"
"ENSG00000085662",201.892039523502,0.0313874376168257,0.180069330833569,0.174307515175007,0.86162379340163,0.897337356741485,0.0262457943166611,0.162353416222623,"AKR1B1"
"ENSG00000100650",3955.38670371269,-0.025425828854825,0.145694136755055,-0.174515113793299,0.86146065393019,0.897337356741485,-0.0212706775387082,0.135536949591132,"SRSF5"
"ENSG00000100804",866.635874303612,-0.0160626047458385,0.0919700275141525,-0.174650428840709,0.861354321021698,0.897337356741485,-0.014767274934777,0.0892652326270651,"PSMB5"
"ENSG00000169885",11.4011662131101,-0.104020454559963,0.596034675859387,-0.174520810236388,0.861456177515882,0.897337356741485,-0.0289209710059031,0.31443968976083,"CALML6"
"ENSG00000184497",49.2049691007035,0.0389646167829384,0.223090062491981,0.174658684244794,0.861347833863461,0.897337356741485,0.0290883770713699,0.191642260938831,"TMEM255B"
"ENSG00000198010",12.5694832501225,-0.0477875764251028,0.274115913090288,-0.174333463119168,0.861603402124571,0.897337356741485,-0.0306238374273309,0.220804227675865,"DLGAP2"
"ENSG00000115355",282.73331165053,-0.0302523026981251,0.173914349687797,-0.173949434031364,0.861905202055825,0.897559431326979,-0.0243672131187354,0.157348101962399,"CCDC88A"
"ENSG00000007216",26.8902462914077,0.0531708377401871,0.306634502069889,0.173401353667854,0.862335961150575,0.89759199844997,0.0322994376225123,0.237834320202374,"SLC13A2"
"ENSG00000086015",317.629082032109,0.0411509908209845,0.237493569747375,0.173272021068854,0.862437614980424,0.89759199844997,0.0298862906393887,0.200865671343234,"MAST2"
"ENSG00000105339",110.876769615471,0.0282736680483041,0.163078517349623,0.173374571389365,0.862357011504488,0.89759199844997,0.0240148238607666,0.149381492872648,"DENND3"
"ENSG00000108379",121.53998872798,0.0311234033059756,0.17944598316909,0.173441627147755,0.862304307156808,0.89759199844997,0.0256045467717865,0.161890424468436,"WNT3"
"ENSG00000110429",833.65709965641,0.0249453675999187,0.143904402114506,0.17334679991283,0.862378839452197,0.89759199844997,0.0220847421636839,0.134334581537991,"FBXO3"
"ENSG00000130513",29.3985652201541,-0.0536112994620066,0.30950598793376,-0.173215710041385,0.862481875466396,0.89759199844997,-0.031166561508186,0.237564666767337,"GDF15"
"ENSG00000138758",779.473356485965,0.0286976812730849,0.165418625801061,0.173485187258162,0.862270070198835,0.89759199844997,0.0238801876118437,0.151363096593895,"SEPTIN11"
"ENSG00000224877",337.592208074394,0.0323266173926252,0.186444718867543,0.173384462638447,0.862349237162256,0.89759199844997,0.0275840151357514,0.166984149571911,"NDUFAF8"
"ENSG00000101782",1372.18573079278,0.0218664503085288,0.126547178870072,0.172792870641387,0.862814241155455,0.897866922150863,0.0184739682487851,0.119926043933103,"RIOK3"
"ENSG00000005893",4771.52966209733,0.0269229265379366,0.156429500751535,0.172109010184081,0.863351829362166,0.898355345402852,0.0276879683104645,0.144183004269882,"LAMP2"
"ENSG00000170608",819.636185816628,0.0267299897436216,0.155647885183709,0.171733716215113,0.863646877877098,0.898591338243233,0.0253233694116773,0.143742466415018,"FOXA3"
"ENSG00000068784",223.439224754668,0.0225043455734987,0.131149641748069,0.171592886366615,0.863757600359868,0.898635524799528,0.020174612162215,0.123805378060022,"SRBD1"
"ENSG00000056097",848.822803154332,0.0302296088460297,0.177598721950893,0.170212986410952,0.86484263907027,0.899693282711692,0.0259661519724601,0.16049109440494,"ZFR"
"ENSG00000160213",1133.63985344407,0.0243081051725005,0.143371694843086,0.169546054394521,0.865367150500363,0.900167804652586,0.0236104418109909,0.133798458741968,"CSTB"
"ENSG00000169504",1488.30456482906,-0.0362554323858077,0.214640781514079,-0.168912133705726,0.86586575502116,0.900615304993568,-0.0257386260931792,0.185574774437794,"CLIC4"
"ENSG00000119760",618.57551705651,-0.0191993060377668,0.11399694394131,-0.168419480154234,0.866253284047245,0.900876045637127,-0.0182104802420034,0.108945784590713,"SUPT7L"
"ENSG00000198961",1798.14418115145,-0.0395652359595501,0.234896646992702,-0.168436784714,0.866239671463143,0.900876045637127,-0.0241763324316717,0.198138401546549,"PJA2"
"ENSG00000125944",846.067544570485,0.0248570754072281,0.147869666221428,0.168101247824593,0.866503627698904,0.901065220937032,0.0220393120093976,0.137562857535998,"HNRNPR"
"ENSG00000105928",116.723886961819,0.0222065164703073,0.13225832934627,0.167902593205815,0.866659910009637,0.90115656098459,0.0203671371196189,0.124647873219947,"GSDME"
"ENSG00000143119",315.838719190241,0.0356799833582648,0.212670457710761,0.167771225690362,0.866763260175323,0.901192851888833,0.0274137696347868,0.185096727136456,"CD53"
"ENSG00000110660",10.0354879150503,-0.061433813024081,0.366856246691415,-0.167460179779238,0.867007976983502,0.901353692540017,-0.0305993383269526,0.261769651830736,"SLC35F2"
"ENSG00000143653",2979.61628193833,-0.0183401649755867,0.109558558095751,-0.167400569105317,0.867054877412981,0.901353692540017,-0.0149624520936887,0.105017916356617,"SCCPDH"
"ENSG00000171634",359.560407518089,-0.0170755000879345,0.102081164815393,-0.167273758276705,0.867154651073021,0.901386241593826,-0.015699406028873,0.0984065476980648,"BPTF"
"ENSG00000205302",879.641356269045,0.0208334660817622,0.125040267251055,0.16661405593394,0.867673733263169,0.901854612153066,0.0302185051894523,0.118278416945055,"SNX2"
"ENSG00000125347",607.427797450701,0.0239181571766596,0.143885260972257,0.166230766202463,0.86797534833693,0.902034358700747,0.0211611445606524,0.134282554864495,"IRF1"
"ENSG00000149090",191.810938560496,0.0259282480834052,0.155987381798455,0.166220163352098,0.867983692114519,0.902034358700747,0.0221508041056979,0.143938756686972,"PAMR1"
"ENSG00000122507",103.094157690222,0.0196474192365264,0.11835865434923,0.165999008222539,0.868157730668123,0.902144015941318,0.0155037589256863,0.112955329886977,"BBS9"
"ENSG00000141867",571.961626425768,0.0309849486055917,0.187224824317125,0.165495941676564,0.8685536438636,0.902484198177583,0.025969873834911,0.167525149840926,"BRD4"
"ENSG00000080503",1454.10517909604,-0.0158105988433721,0.096229389048686,-0.164301145415908,0.869494080036451,0.903266071409803,-0.0183747007025664,0.0932085269395814,"SMARCA2"
"ENSG00000206077",102.334681135423,-0.0584206358819437,0.35537051345335,-0.164393593926055,0.869421306275734,0.903266071409803,-0.0297895009081497,0.256236723054277,"ZDHHC11B"
"ENSG00000249948",3509.85082433107,0.026885785545696,0.163659835922154,0.16427845839027,0.869511939013204,0.903266071409803,0.0273446703298252,0.149784998408987,"GBA3"
"ENSG00000167077",13.8833166469631,-0.0459541824300399,0.280909787905791,-0.163590534785679,0.87005349646619,0.903757343942711,-0.0287243542089838,0.224516808842537,"MEI1"
"ENSG00000135245",34.2584456381191,0.0248118828055132,0.152156219433528,0.163068475924855,0.870464520099316,0.904112959263773,0.0214839613940149,0.140690840912872,"HILPDA"
"ENSG00000009790",96.6289894432651,-0.0317376140525053,0.19491254385488,-0.162830023275132,0.870652268575242,0.904236630753462,-0.0244798655838504,0.172401475982292,"TRAF3IP3"
"ENSG00000167207",27.593477038113,0.039647435098911,0.244091997178005,0.162428246551639,0.870968628650383,0.904493844834433,0.0281096950446354,0.204587891922152,"NOD2"
"ENSG00000105270",28.8587400892224,-0.0531120138812574,0.327458765125252,-0.162194509775734,0.871152683120363,0.904613630882775,-0.0294183535320358,0.245359438278951,"CLIP3"
"ENSG00000104067",910.572990179715,0.0208928022090255,0.128908108495479,0.162075159219005,0.871246667614432,0.90463987585265,0.0188018430715369,0.121879109066006,"TJP1"
"ENSG00000135077",114.587500046559,-0.0400584931101198,0.247594090134404,-0.161790990602297,0.87147044802621,0.904800876800969,-0.0269141970992267,0.205698854485906,"HAVCR2"
"ENSG00000188404",102.155490528985,-0.0336414319073009,0.208249862943169,-0.161543596868929,0.871665276902856,0.904931795907822,-0.024829738889408,0.181413616621878,"SELL"
"ENSG00000142910",260.552725389236,-0.0300623638390813,0.18654313247991,-0.161155028541825,0.87197130008856,0.905178123233145,-0.0231520385287947,0.166507859350416,"TINAGL1"
"ENSG00000087245",170.280321731866,0.0483618100920154,0.301017175103319,0.160661298065189,0.872360173042374,0.905510409829383,0.0299967994481252,0.235159034752969,"MMP2"
"ENSG00000141582",135.141206736431,-0.024217132296463,0.150868784583991,-0.160517845777308,0.872473164998617,0.905556301960725,-0.012178244235187,0.139366969607642,"CBX4"
"ENSG00000100422",846.130321490567,0.0201594803545523,0.125679804099544,0.160403499185796,0.872563233359344,0.905578395901713,0.0291287126245546,0.118799053738868,"CERK"
"ENSG00000071859",350.977356138835,0.0266477431339568,0.166602368869745,0.159948164691409,0.872921906962574,0.905879232842221,0.0226080068994977,0.15225795349696,"FAM50A"
"ENSG00000175600",395.459015807152,-0.0135374449484298,0.0847902263300424,-0.159658082474457,0.873150422570567,0.906044960873588,-0.0116010440478959,0.0826526604320823,"SUGCT"
"ENSG00000204172",132.366451270861,-0.0663212879562868,0.419952310958472,-0.157925760201008,0.874515299074562,0.907389741320489,-0.028245461780576,0.277503296700712,"AGAP9"
"ENSG00000205413",133.409188272633,-0.0363203590015667,0.231808281972192,-0.156682749609109,0.875494882968012,0.908334564945378,-0.0248009013974097,0.196411954629022,"SAMD9"
"ENSG00000177042",137.212775377352,0.0217700540281092,0.139345214609043,0.156231084714239,0.875850875508676,0.908560717534449,0.0193447773806005,0.130550950522594,"TMEM80"
"ENSG00000244687",16.0366074056136,0.0287756506228559,0.184163977655897,0.156250158088038,0.875835841777793,0.908560717534449,0.0233191991477332,0.165275350263028,"UBE2V1"
"ENSG00000029639",217.64002179087,0.016101827365892,0.103188504312835,0.156042840945502,0.875999252613024,0.908643044189954,0.0234972318795586,0.0992250997448787,"TFB1M"
"ENSG00000172785",185.874233305159,0.0270630881668643,0.173574829954792,0.155915971076641,0.876099256171055,0.90867518565843,0.022632262856463,0.157518109121171,"ZNG1A"
"ENSG00000165752",45.9909274739341,0.026201814367786,0.169248086760596,0.154813060929007,0.876968694222968,0.909505303516313,0.021333233490156,0.154316016840353,"STK32C"
"ENSG00000160870",2009.06742941993,0.0532120225160775,0.344193447730184,0.154599173421194,0.877137321676818,0.909607753050436,0.1047264197096,0.263097025011074,"CYP3A7"
"ENSG00000179094",765.670865890578,-0.035555079162744,0.230111341006738,-0.154512502544162,0.877205653993725,0.909607753050436,-0.0249538069883133,0.195345724417637,"PER1"
"ENSG00000213694",108.083250588995,-0.037288729351749,0.241582260110578,-0.154352100748958,0.877332119028602,0.909667245167001,-0.0257016249885263,0.202246957744769,"S1PR3"
"ENSG00000137413",217.982770536412,0.0156135054818287,0.101236833045624,0.154227517911314,0.877430345606688,0.909697451000681,0.0218211429171237,0.097580004226289,"TAF8"
"ENSG00000100410",256.01913824762,-0.0146379423461547,0.0951616713943194,-0.15382182901664,0.877750221611978,0.909957434467977,-0.0136299175160504,0.0921719077103691,"PHF5A"
"ENSG00000211454",424.605495787013,-0.0316147333994715,0.206482396231442,-0.153111035015475,0.878310713803203,0.910466802451222,-0.023194282691389,0.180230029057006,"AKR7L"
"ENSG00000174992",754.710355552085,-0.0276284963905913,0.180666828383412,-0.152925119889513,0.878457326095838,0.910547091432672,-0.0208604372750847,0.162254336905777,"ZG16"
"ENSG00000140416",1070.43094736117,-0.022109832442844,0.144929872466674,-0.152555384659765,0.878748910934061,0.910777624290156,-0.0186857445388234,0.134931415205969,"TPM1"
"ENSG00000172661",405.415307515323,0.0138748362426635,0.0916657416162147,0.151363377397354,0.87968907716684,0.911592370411168,0.0135531672430147,0.0889885230038924,"WASHC2C"
"ENSG00000184226",79.5076768582462,0.0444768808199306,0.293807599899655,0.151380974607604,0.879675196565749,0.911592370411168,0.0280411628322488,0.231451540268662,"PCDH9"
"ENSG00000236609",15.0456442532023,0.0390592351968885,0.258165434246755,0.15129537116714,0.879742720525923,0.911592370411168,0.0266626165772176,0.212758523732942,"ZNF853"
"ENSG00000135953",278.471398197754,0.0195641048164982,0.129583941195494,0.150976306446671,0.87999440635256,0.91178140820318,0.0186000377900518,0.12237914256395,"SLC67A2"
"ENSG00000187800",90.6441714661856,-0.0276411578010911,0.183223662195779,-0.150860197148312,0.880085999133892,0.911804553399183,-0.02177340294125,0.164152413043683,"PEAR1"
"ENSG00000104972",95.444175996669,-0.0453952280520798,0.301249015085879,-0.150690046369575,0.880220225416942,0.91187186150283,-0.0267365296314167,0.233537768645235,"LILRB1"
"ENSG00000152977",78.6116529228307,0.045635899874455,0.303431262440735,0.150399466117531,0.880449462456428,0.912037578497351,0.0280569406284306,0.236170769967771,"ZIC1"
"ENSG00000113615",988.269808786979,-0.0324926551146274,0.216472725595488,-0.15010045734512,0.880685359164214,0.912203675255859,-0.0220449171582972,0.186692151760946,"SEC24A"
"ENSG00000138029",5755.26994123717,-0.0257248532617502,0.171475491821007,-0.150020583049867,0.880748376109106,0.912203675255859,-0.0163148625388971,0.155285256908978,"HADHB"
"ENSG00000105058",1037.732385936,-0.00939247936991817,0.0627192391445549,-0.149754357642484,0.880958420493723,0.91234945050109,-0.00937723334706674,0.0618429026167357,"FAM32A"
"ENSG00000111674",35.4430497579799,-0.0437670202551572,0.292870679135925,-0.149441454447696,0.881205303048668,0.912461582378196,-0.0264931364410709,0.229902095171544,"ENO2"
"ENSG00000262246",40.8253663685848,-0.0399024299786477,0.266944701382234,-0.149478261872342,0.881176261163497,0.912461582378196,-0.0258523511060553,0.216302491076327,"CORO7"
"ENSG00000159640",19.6625152738333,0.0441974089464821,0.296288541602603,0.149170159289393,0.881419365950494,0.912611463676014,0.027504312127545,0.232247280325665,"ACE"
"ENSG00000121413",213.959297839669,-0.0249204169515533,0.167462982186092,-0.148811496285553,0.881702378926552,0.912832705901312,-0.0196103676741853,0.152543426525069,"ZSCAN18"
"ENSG00000197782",217.414580265593,0.0226830318248672,0.152788422331767,0.14846041001466,0.881979427902306,0.913047739248448,0.0196236581457856,0.141478148184426,"ZNF780A"
"ENSG00000171227",1790.74852997849,0.0196792957945767,0.132961930800716,0.148006994754553,0.882337248028121,0.913274544617786,0.0190522348468893,0.125221772336044,"TMEM37"
"ENSG00000172009",547.87755390466,0.0341398470946683,0.230540809775346,0.148085916449831,0.88227496394332,0.913274544617786,0.0262599239607025,0.196453082498333,"THOP1"
"ENSG00000164406",3185.13067393807,-0.0219471573222241,0.148468654770333,-0.147823507636506,0.882482056740842,0.913352626291166,-0.0183227470353129,0.137766027845744,"LEAP2"
"ENSG00000163535",15.7596847835477,0.0445323922227079,0.302391247406396,0.147267464269093,0.88292091219168,0.91373500470961,0.0272082389296539,0.235482141084314,"SGO2"
"ENSG00000000938",126.97003771667,-0.0250788732512796,0.171327745373829,-0.146379520704943,0.883621793274518,0.914388472078307,-0.0210831054844637,0.155505114108004,"FGR"
"ENSG00000125319",10.4143336066516,-0.0332073014820976,0.227087534218253,-0.146231283000247,0.883738810729238,0.914437691139669,-0.0240671189316139,0.19390004116672,"HROB"
"ENSG00000120332",41.0846411019013,-0.025630396574716,0.176228913495734,-0.145438089960967,0.884364992917878,0.914811776548342,-0.0206595454479731,0.159078257050269,"TNN"
"ENSG00000155304",237.576947137854,-0.0358975406960057,0.24675460620292,-0.145478705538267,0.884332927399949,0.914811776548342,-0.0243134347948224,0.20523190228574,"HSPA13"
"ENSG00000162415",27.5504894355175,0.0373545222313171,0.256871097793641,0.145421273752355,0.884378269171145,0.914811776548342,0.0256726710177312,0.211766931166361,"ZSWIM5"
"ENSG00000219200",18.1115094123625,0.0341773156593858,0.234946160856272,0.145468713065261,0.884340816321638,0.914811776548342,0.0247421396610308,0.198456514235292,"RNASEK"
"ENSG00000181027",115.054490846671,0.019095605282114,0.131927900668378,0.144742735883548,0.884913996075683,0.915294027208143,0.0197669200491282,0.124269950232656,"FKRP"
"ENSG00000009950",4120.5185541001,0.0507770227494505,0.351565350589662,0.144431249166862,0.885159942232796,0.915476496420816,0.0283417009813158,0.25684085336495,"MLXIPL"
"ENSG00000170779",34.2409890261689,-0.0182835560899379,0.126876745579752,-0.144104863396305,0.885417664374391,0.915671115321124,-0.0160326599029133,0.120311767380072,"CDCA4"
"ENSG00000160678",19.2858464584033,-0.0302458314155582,0.210487744695861,-0.143694025793574,0.885742088965617,0.91593467980846,-0.0226222462340421,0.183149382979373,"S100A1"
"ENSG00000132196",514.322803874322,0.0421720110355294,0.295033673736092,0.142939653299549,0.886337841300858,0.916334826742607,0.0267278525451206,0.232073162385666,"HSD17B7"
"ENSG00000169752",46.9695585039589,-0.0460647318224697,0.322024169123972,-0.143047436308222,0.88625271763454,0.916334826742607,-0.0253118465867246,0.242902583325101,"NRG4"
"ENSG00000176046",2586.60729034906,-0.0255285129623058,0.178589841755642,-0.142944932989164,0.886333671535736,0.916334826742607,-0.0184204669146665,0.160688984594805,"NUPR1"
"ENSG00000140577",275.88705281215,0.0131122090261067,0.0921831986106355,0.142240768640392,0.886889830436097,0.916833504045356,0.0123840792658849,0.0894357826024511,"CRTC3"
"ENSG00000167552",217.466872090445,0.0269543843976723,0.189727741596213,0.142068756898176,0.887025696204465,0.916901964059668,0.0218877879264965,0.169249142719341,"TUBA1A"
"ENSG00000198937",280.015479621125,0.0215812929519931,0.15220550946731,0.141790484638325,0.887245500288391,0.917057171989085,0.014892773839797,0.1410498797455,"CCDC167"
"ENSG00000179344",578.480978788538,-0.0417537789849371,0.294891481645287,-0.141590319096301,0.887403614130782,0.91714859750733,-0.0250621883110397,0.230508661979633,"HLA-DQB1"
"ENSG00000132849",565.777032933622,0.0186463042866119,0.132062408644512,0.141193125871302,0.887717376435043,0.917400861706733,0.0169766380255019,0.124519590309986,"PATJ"
"ENSG00000105379",1460.07590661273,0.0283194329686143,0.200874251918535,0.140980900728379,0.887885030644119,0.917430098372349,0.0226429165740473,0.17718382635244,"ETFB"
"ENSG00000187446",4640.03013024404,0.0137157012295729,0.0972720481643384,0.141003520419356,0.887867161238723,0.917430098372349,0.0099173376791744,0.0942767279808627,"CHP1"
"ENSG00000177469",441.736274517087,0.0258723205866693,0.184921267704722,0.139909924411624,0.888731159872823,0.918232319774433,0.0216061725500774,0.165797581770983,"CAVIN1"
"ENSG00000113805",137.245548140289,-0.0275433538594915,0.199279509203436,-0.138214681326687,0.890070752437316,0.919526734287125,-0.0209491209836549,0.175448744196321,"CNTN3"
"ENSG00000143412",676.045660682586,-0.0149256931576119,0.108041542382063,-0.13814772381563,0.890123669184977,0.919526734287125,-0.0131584727493745,0.103737240860725,"ANXA9"
"ENSG00000182154",646.244228817852,0.0318044462865524,0.232428683928607,0.136835289642312,0.891160988890584,0.920526092870974,0.0236394289053351,0.197577142882408,"MRPL41"
"ENSG00000084207",315.521253530756,0.0262196761180219,0.192356850941529,0.136307472230308,0.891578217033798,0.920884820386521,0.0213035832879679,0.171109509530457,"GSTP1"
"ENSG00000189077",1344.10815642792,-0.0171031903376444,0.125837317238145,-0.135915090316785,0.891888405830992,0.921132942514185,-0.015044698533067,0.11914784382728,"TMEM120A"
"ENSG00000163382",900.310501767013,0.0163582209570984,0.120495992851654,0.135757385535945,0.892013080502185,0.921189443712587,0.02228044743384,0.114485568864859,"NAXE"
"ENSG00000104320",551.099476900945,-0.0219953212846083,0.162260591977679,-0.135555534566483,0.892172659160826,0.921281978863642,-0.0173964728843756,0.148557745939737,"NBN"
"ENSG00000162825",108.398398271987,0.0274463547701113,0.204792392130342,0.13402038271345,0.89338645676094,0.922463029543921,0.0215040857984127,0.179519022550447,"NBPF20"
"ENSG00000149294",59.0053575386649,0.027494806043059,0.205830240720674,0.133580012085645,0.893734690563726,0.922533197645004,0.0214212692738613,0.180507009973997,"NCAM1"
"ENSG00000151474",356.198376243732,-0.0159853095763919,0.119628134170928,-0.133625001235509,0.893699113356764,0.922533197645004,-0.00957507043870367,0.113674427910074,"FRMD4A"
"ENSG00000165630",49.9184093383681,0.0185414922026936,0.13863955118963,0.133738836021856,0.893609094301435,0.922533197645004,0.0162353574126942,0.129949304614829,"PRPF18"
"ENSG00000197165",664.477640485376,0.025848329591251,0.193208821826307,0.133784417020504,0.89357304982998,0.922533197645004,0.0213215047615348,0.171712125179183,"SULT1A2"
"ENSG00000137547",732.228608396782,0.0125711911875327,0.0952841000008623,0.131933776856988,0.895036672072121,0.923804705589648,0.0118776943245962,0.0923528033340468,"MRPL15"
"ENSG00000196169",24.7548217674588,-0.0354735359847589,0.27166360045651,-0.130578906872869,0.896108429712761,0.924838409155617,-0.0227059757398442,0.218839916301114,"KIF19"
"ENSG00000142512",45.3296272375214,-0.0382325222132431,0.293526288547263,-0.130252463595223,0.896366688135629,0.925032435804491,-0.0221192871909941,0.229855065149864,"SIGLEC10"
"ENSG00000174718",770.322270274344,-0.0197105863511135,0.151625865373076,-0.12999488116764,0.896570476563132,0.92517022450272,-0.0173107867652837,0.140283566091055,"RESF1"
"ENSG00000184613",15.5381979382243,0.0477357934907304,0.368080152329641,0.129688583284381,0.896812815499293,0.925327146301532,0.0246540662335921,0.262373198466503,"NELL2"
"ENSG00000243955",31015.781611078,0.0178218510818936,0.137487744861422,0.129625015668537,0.896863110584373,0.925327146301532,0.0161815378287157,0.129023007966487,"GSTA1"
"ENSG00000184900",773.10817390784,-0.0114832807496056,0.0887317536977097,-0.129415685716375,0.897028736646657,0.925425509065185,-0.0106992382324066,0.0862969187599517,"SUMO3"
"ENSG00000125779",313.503373478314,-0.00828051876224857,0.0642820204587738,-0.12881547131144,0.897503663191306,0.925842923260733,-0.00577775025280395,0.0633427279492602,"PANK2"
"ENSG00000090266",1051.85513270679,-0.0182681343476061,0.142255139829994,-0.128418097015249,0.897818110383089,0.926094738428686,-0.0132691674669194,0.13273232468575,"NDUFB2"
"ENSG00000254469",14.6316657231387,-0.021818530260836,0.171195110323629,-0.127448326179352,0.898585569298354,0.926813756786693,-0.0181573452698784,0.155411137126562,"XNDC1N"
"ENSG00000164169",152.090308271771,0.0160503469563952,0.126185942069286,0.127195998961455,0.898785272027615,0.926947116678332,0.014794574978893,0.11948692428758,"PRMT9"
"ENSG00000134243",345.452348294582,0.0597176532669035,0.471270931319597,0.126716182344812,0.899165037428387,0.927266145749366,0.0242825291417485,0.293583382165047,"SORT1"
"ENSG00000005379",117.886290635723,0.038875985046959,0.307956147406977,0.12623870435547,0.899542974773953,0.927510596434636,0.0238246474684252,0.238041614003512,"TSPOAP1"
"ENSG00000038002",277.566137080614,-0.0147029824689767,0.116461640815755,-0.126247426757769,0.899536070541072,0.927510596434636,-0.0139756733682082,0.111151700375854,"AGA"
"ENSG00000157778",166.655703964609,0.0220483528273661,0.175017777485437,0.125977790051646,0.899749505462696,0.927650899680646,0.0184165159363415,0.158499382322708,"PSMG3"
"ENSG00000067334",435.321499990855,-0.00937346838056653,0.0745163722419831,-0.125790723549012,0.899897584979556,0.92773092192004,-0.00886513045797617,0.0730724347447782,"DNTTIP2"
"ENSG00000099282",79.7358503249724,0.0246008424780419,0.195868030853624,0.125599069796268,0.900049299320258,0.927796220896697,0.019633324967466,0.173605275953251,"TSPAN15"
"ENSG00000171469",389.395081805638,-0.0111896867813146,0.0891376470236473,-0.125532669471812,0.90010186309536,0.927796220896697,-0.0102591586466147,0.0866349206873777,"ZNF561"
"ENSG00000141404",15.2556545450358,-0.0477609559063829,0.382060763183456,-0.125008795743439,0.900516586970127,0.928151039928659,-0.0226492173083907,0.266175398290093,"GNAL"
"ENSG00000143776",811.314373813819,-0.013158427526111,0.105339279649845,-0.124914728578462,0.900591057984,0.928155136549302,-0.0120841553887633,0.10132004467581,"CDC42BPA"
"ENSG00000185345",38.4775533700216,-0.0209087632225885,0.167600962603189,-0.124753240660628,0.900718906642909,0.92821423957894,-0.0171123004990124,0.152838595200304,"PRKN"
"ENSG00000004534",1159.62733091105,-0.0332208319191101,0.266592476654772,-0.124612788537652,0.900830103530089,0.928256174616667,-0.020318299123391,0.216196448767265,"RBM6"
"ENSG00000100744",176.496644134491,0.0253343060691996,0.205074004389566,0.123537384197529,0.901681572694825,0.929060853506031,0.0199341614430308,0.179782040680008,"GSKIP"
"ENSG00000196526",52.9275588926913,0.02237896979749,0.181358292667712,0.123396451677526,0.901793166752391,0.929103124928553,0.018415789725407,0.163050852176304,"AFAP1"
"ENSG00000143553",307.699260192556,-0.00955742908107191,0.0776693690224529,-0.123052745263181,0.902065330619631,0.929310809306578,-0.00878811176059738,0.0759907839533425,"SNAPIN"
"ENSG00000116711",27.6488360432196,-0.0349429455110738,0.284589893459528,-0.122783508178385,0.902278534002439,0.92945772464409,-0.0215587198503915,0.225741118743203,"PLA2G4A"
"ENSG00000133678",1048.80386281373,-0.0114917559813673,0.0937560260298068,-0.122570851901444,0.90244693717469,0.929509217420387,-0.00986883847599269,0.090893001088927,"TMEM254"
"ENSG00000204390",25.1304480306449,-0.0197616696034202,0.161264351558224,-0.122542083309002,0.902469719450463,0.929509217420387,-0.0164316232497836,0.148044513971498,"HSPA1L"
"ENSG00000242574",259.764318324867,0.0224255137946512,0.184947846731918,0.121253175913732,0.903490506495139,0.930487797912625,0.0205850178045703,0.165670790539912,"HLA-DMB"
"ENSG00000180089",167.196918861287,0.0298297035300889,0.247288382842486,0.120627193187192,0.903986329066888,0.930925616620622,0.0213118611130418,0.206385934182109,"TMEM86B"
"ENSG00000165868",34.8716522313867,-0.0274022532485503,0.230025414626951,-0.119127068167622,0.905174686140417,0.932076483476046,-0.0193481483246232,0.195205549987315,"HSPA12A"
"ENSG00000135617",516.248429839257,-0.0142850857154449,0.120315879276662,-0.118729845148676,0.905489390776432,0.932327623286345,-0.00813666008309571,0.114303850781342,"PRADC1"
"ENSG00000023734",1150.19639293418,0.0124010819100705,0.104715199293522,0.118426761289062,0.905729522535353,0.932501946645328,0.00781389882065894,0.100846775165488,"STRAP"
"ENSG00000132436",104.22877467695,0.0217584306699951,0.184104767912008,0.118185047116185,0.905921037591127,0.932626192894267,0.0181090484303506,0.165094753330382,"FIGNL1"
"ENSG00000031003",308.395419941331,-0.0158683938166845,0.135365131144106,-0.117226598035734,0.906680490043443,0.933262085209285,-0.004362238332145,0.126806613202748,"FAM13B"
"ENSG00000135723",63.4218379133774,-0.0264611336816101,0.225643839122012,-0.117269471147855,0.906646516571984,0.933262085209285,-0.0187535126107225,0.192631266084263,"FHOD1"
"ENSG00000103569",13970.4894514972,-0.0148648774503567,0.127030279463382,-0.117018379500942,0.906845488807462,0.933315998627064,0.000292778323773093,0.119626299452164,"AQP9"
"ENSG00000164742",1979.3520988413,0.0227376273815281,0.194369284303497,0.116981587203998,0.906874644572082,0.933315998627064,0.0187092786823466,0.17246852624721,"ADCY1"
"ENSG00000010610",2349.56256949106,-0.0262742336569819,0.225855438735153,-0.11633208305332,0.907389359622866,0.933772730091813,-0.0165853042995207,0.1926116819723,"CD4"
"ENSG00000112530",60.3163997566739,0.0189579385836923,0.1631305305442,0.11621330795927,0.90748348999094,0.93379661033378,0.0154649828745803,0.149315379032881,"PACRG"
"ENSG00000162836",322.622462826064,-0.0186421142182633,0.161570837084221,-0.115380439655368,0.908143582302974,0.934402813738743,-0.015197637694643,0.148073806808813,"ACP6"
"ENSG00000129657",426.934118003627,0.0228032296956684,0.198048749136658,0.115139478512605,0.908334568642185,0.934526289813472,0.0185080963994306,0.175012497200619,"SEC14L1"
"ENSG00000152422",64.7151845646916,0.0211960996980695,0.184535404562725,0.114861967806643,0.908554530811412,0.934658335753732,0.0177389757640398,0.165433948866597,"XRCC4"
"ENSG00000173950",38.4959226774693,0.0164328079046782,0.143144885001605,0.114798428909939,0.90860489437278,0.934658335753732,0.0145155239371776,0.133418372587595,"XXYLT1"
"ENSG00000151320",116.042631838984,-0.0192572211236312,0.168859838778663,-0.114042635969072,0.909203995281362,0.935201547021438,-0.015109107745841,0.153612933300156,"AKAP6"
"ENSG00000183077",2417.77692731167,-0.0131138949479254,0.115096656291564,-0.11393810533214,0.909286858555455,0.935213716095705,-0.0101165690234366,0.109856002086799,"AFMID"
"ENSG00000173372",1733.21419603669,-0.0310395208452335,0.27264013629429,-0.113847950881778,0.909358326366326,0.93521416379777,-0.0192406922896016,0.219425350108341,"C1QA"
"ENSG00000105656",136.710101373105,-0.0155619070643668,0.136948803769536,-0.113633026620336,0.909528705455332,0.93524327835246,-0.00839953550105821,0.128281467223096,"ELL"
"ENSG00000177082",194.035479320781,-0.015973863907644,0.140526915777494,-0.113671205400512,0.90949843929965,0.93524327835246,-0.0134619578074654,0.131310840740352,"WDR73"
"ENSG00000066735",19.8028758415307,0.0299008158075959,0.264193513737352,0.113177705934604,0.909889670175243,0.935541382079441,0.0202696235921257,0.215566901591073,"KIF26A"
"ENSG00000139133",51.5831329138955,-0.0269370422726741,0.239830236488259,-0.112317123424897,0.910571965180918,0.936169802715287,-0.0185581876217528,0.201348381207676,"ALG10"
"ENSG00000022277",692.199369030628,0.00697017300969959,0.0621084343963465,0.112225868796165,0.910644318398143,0.936171085814785,0.00698376656115303,0.0612656550056423,"RTF2"
"ENSG00000099901",668.414177573943,-0.0120157228091325,0.107167980896924,-0.112120455275624,0.910727898723019,0.936183909633609,-0.00947171491319954,0.102908612282842,"RANBP1"
"ENSG00000198742",267.409859185549,-0.0127341022626104,0.113896321869983,-0.111804332690804,0.910978552075663,0.936368460974953,-0.00132711730979613,0.108477220291431,"SMURF1"
"ENSG00000178229",28.0778788742229,0.0188556126519248,0.16889030528448,0.111644138603245,0.911105573227337,0.936425915465349,0.0158479765035298,0.154032879963456,"ZNF543"
"ENSG00000105778",421.07772427217,-0.0132480898490872,0.11937473852746,-0.110979006216124,0.911632994493259,0.93681720175639,-0.0147422419491862,0.113668084566285,"AVL9"
"ENSG00000153339",913.991513844445,-0.0201275860138612,0.181423951003059,-0.110942275827307,0.911662121242241,0.93681720175639,-0.0156030411561645,0.162880396713811,"TRAPPC8"
"ENSG00000171234",27770.072634416,-0.0148657665809176,0.134052832286613,-0.110894833979588,0.911699742222742,0.93681720175639,-0.0126780015478095,0.126032239595769,"UGT2B7"
"ENSG00000156026",197.282067913881,-0.0122904602014858,0.111620044353401,-0.110109794998583,0.912322300109703,0.937383752399278,-0.0110945682854244,0.106875940149956,"MCU"
"ENSG00000095002",147.314030786914,-0.0161976822637001,0.148174723189631,-0.109314746233543,0.912952850884156,0.937958426433148,-0.00352034832745358,0.137265445561777,"MSH2"
"ENSG00000051128",22.8273399782027,-0.0221904900136743,0.204717008537858,-0.108395927491148,0.913681631493853,0.938633923240329,-0.0167495755777945,0.179132351374338,"HOMER3"
"ENSG00000085465",279.605307777047,0.0177925719008118,0.165055007741679,0.107797831427558,0.914156063137279,0.93897477978354,0.0153804941849173,0.150989310586867,"OVGP1"
"ENSG00000159899",312.198415300488,0.0218021306659931,0.202172563774592,0.107839215464968,0.914123234820251,0.93897477978354,0.0173588593865175,0.177851143507283,"NPR2"
"ENSG00000110274",259.611611194211,-0.0322551877462866,0.299654765833612,-0.107641163845853,0.914280342648042,0.939029174764343,-0.0188251383814218,0.232831069850637,"CEP164"
"ENSG00000223638",24.0488067044058,-0.0296732415979777,0.277220403292062,-0.107038447551481,0.914758478217886,0.939446967567604,-0.0190418655409063,0.222135040777113,"RFPL4A"
"ENSG00000109854",909.603127112506,0.0121934956515579,0.114439335108361,0.106549864520028,0.915146094377628,0.939625164047091,0.0136501494009742,0.109361041700536,"HTATIP2"
"ENSG00000124615",610.089336719133,-0.0129175351972535,0.121062138177248,-0.106701693789191,0.91502563883086,0.939625164047091,-0.010584130184226,0.115050114169608,"MOCS1"
"ENSG00000143079",82.7743455448352,-0.0222298532039726,0.208607139004333,-0.106563242802112,0.91513548048095,0.939625164047091,-0.0162638038646821,0.181710689495191,"CTTNBP2NL"
"ENSG00000071794",524.055536671704,0.0172862612639452,0.162870838777673,0.106134783818127,0.915475413500522,0.93981670909535,0.0152190827060414,0.149277193233588,"HLTF"
"ENSG00000112739",725.282679917189,-0.0144625533699435,0.136261578663656,-0.106138160967901,0.915472734059326,0.93981670909535,-0.0124404607206032,0.127869129888109,"PRP4K"
"ENSG00000129696",122.464662396628,0.00945751037628384,0.0893799253875606,0.105812466672747,0.915731145347516,0.939932662325204,0.00908945484911098,0.0869231320313023,"TTI2"
"ENSG00000143365",2819.18860761806,-0.0173406652234939,0.163800594901198,-0.105864482567683,0.915689874470278,0.939932662325204,-0.0131780490442149,0.149732307896339,"RORC"
"ENSG00000078725",10.4038892514027,-0.0329279075680466,0.31174942474104,-0.105622993836793,0.915881480356196,0.940003255444146,-0.0189938217441037,0.238666784358566,"BRINP1"
"ENSG00000138095",2051.11141237706,0.0135228008288493,0.128231882765213,0.105455839353221,0.916014109626948,0.940003255444146,0.0120425307734979,0.121225780824329,"LRPPRC"
"ENSG00000185621",85.9879216170352,0.0173408557679306,0.164302266026595,0.10554240174097,0.915945426125661,0.940003255444146,0.0149090545687528,0.15025244822212,"LMLN"
"ENSG00000099974",96.1760762329419,0.0653797854554815,0.621726693734686,0.105158401777392,0.916250118221678,0.940172165576075,0.0183013161422855,0.320592380738754,"DDTL"
"ENSG00000122870",88.3942610221365,0.0362386872680599,0.346403633448492,0.104614050687919,0.916682065050252,0.94054208762871,0.0201950737977647,0.254266988934498,"BICC1"
"ENSG00000211445",4584.19445583329,0.015724060386375,0.151080374324516,0.104077451864133,0.917107884471917,0.940905665624348,0.0140680652494393,0.14006812228028,"GPX3"
"ENSG00000104219",190.785778453136,-0.0223644308800931,0.215585914921311,-0.103737903694943,0.91737734611649,0.941091965926733,-0.0150430764679993,0.186184947395429,"ZDHHC2"
"ENSG00000120049",13.0016159866401,-0.0342732649108968,0.330631322426505,-0.103660066624557,0.917439118086889,0.941091965926733,-0.0186467702774041,0.24720276721841,"KCNIP2"
"ENSG00000141655",23.2077878191839,0.0264085028357373,0.254961424221978,0.103578425310117,0.917503909663949,0.941091965926733,0.0183587445025006,0.210538886794036,"TNFRSF11A"
"ENSG00000113716",351.320150922341,0.0112301149873318,0.108581268835625,0.103425895716253,0.917624960541533,0.941142808326698,0.010765630279742,0.104243477729917,"HMGXB3"
"ENSG00000154957",178.516154228383,-0.0174437764494245,0.169063069595772,-0.10317910641947,0.917820822058729,0.941270364793989,-0.0138839284620658,0.153789490123088,"ZNF18"
"ENSG00000169976",854.700223605684,-0.0123795608664523,0.120382845895341,-0.102834924480976,0.918093986463277,0.941477173126841,-0.0110820100986332,0.114511057291638,"SF3B5"
"ENSG00000109756",953.721848462744,0.0154996472500508,0.151039153887515,0.102620061428535,0.918264520181214,0.94157871282756,0.0146374946765162,0.140048805787149,"RAPGEF2"
"ENSG00000133138",285.477915822442,-0.021934404162768,0.216909511089743,-0.101122371502156,0.919453319181961,0.94262762926209,-0.0150146292315711,0.18707201811918,"TBC1D8B"
"ENSG00000161960",15.4892679266732,-0.0255535266084223,0.253027956236701,-0.100990922064428,0.919557666475564,0.94262762926209,-0.0171118628088347,0.209116840566656,"EIF4A1"
"ENSG00000162458",80.1436609741042,0.0278005343824493,0.274924445957544,0.101120634382373,0.919454698134681,0.94262762926209,0.018613939700575,0.221583945994477,"FBLIM1"
"ENSG00000197261",32.3675172687731,-0.0380500938792414,0.376843525170084,-0.100970539064106,0.919573847048631,0.94262762926209,-0.0180514878301019,0.264154284223536,"C6orf141"
"ENSG00000187105",14.765539085598,0.0456332146551648,0.452529792155245,0.100840243993283,0.919677279561619,0.942660261791224,0.0190120734142382,0.288047870429302,"HEATR4"
"ENSG00000107201",337.562598842102,-0.0125274063318087,0.124843935164966,-0.100344532677982,0.920070803914808,0.94299020740638,-0.00449185751856475,0.118108768080455,"RIGI"
"ENSG00000154237",62.107403141047,0.0209058335911916,0.208587290336585,0.100225826594981,0.920165042587484,0.943013384502749,0.0162903232051081,0.182069495989419,"LRRK1"
"ENSG00000005700",1728.53031225006,0.0191693675538805,0.194455176890988,0.0985798776888662,0.921471847464298,0.944205645864655,0.0164043779376686,0.172472375096792,"IBTK"
"ENSG00000198162",932.4583607936,-0.0153666515001875,0.155774771264665,-0.0986465996735709,0.921418869245335,0.944205645864655,-0.00995474590505976,0.143419722472268,"MAN1A2"
"ENSG00000143793",92.0130308238294,0.0207240558437729,0.211689419525595,0.0978984017728256,0.922012969092571,0.944686595414225,0.0160856195409913,0.184231188780576,"C1orf35"
"ENSG00000131018",1179.07636730875,0.0138985318153618,0.142231644181716,0.0977175782177204,0.92215655696033,0.944760192120434,0.0154072417629376,0.132752405817555,"SYNE1"
"ENSG00000198841",66.785503587501,-0.0107160377331788,0.109886095361777,-0.0975195059747868,0.922313844529912,0.944847811786556,-0.00966776954354229,0.105410026255215,"KTI12"
"ENSG00000092295",14.9085660746934,0.0338801973664803,0.348401286152435,0.0972447540037404,0.922532027881547,0.944997796552435,0.0185393705569808,0.254792185789526,"TGM1"
"ENSG00000100368",60.3665855943386,-0.0262284165853589,0.270823830810906,-0.0968467823042945,0.922848071613446,0.945247993687772,-0.0165696969268246,0.21853740876115,"CSF2RB"
"ENSG00000197937",35.0501317157308,0.0189628561951004,0.196004683964219,0.09674695426443,0.922927350586339,0.945255659106942,0.0157056781634142,0.173478963115777,"ZNF347"
"ENSG00000144741",361.044289009377,-0.00906997123664764,0.0940101595764105,-0.0964786282409793,0.923140446928753,0.945400367475417,-0.00836513802690359,0.0911441278554118,"SLC25A26"
"ENSG00000173960",176.564370033542,0.0102419483820311,0.106543539160544,0.0961292300098853,0.923417936611699,0.945537451658861,0.00962890210384731,0.102492559410025,"UBXN2A"
"ENSG00000256229",12.1993092237034,-0.0258011144258335,0.268378149891803,-0.0961371648035998,0.923411634749302,0.945537451658861,-0.0166340767164545,0.217416951968577,"ZNF486"
"ENSG00000137492",387.029920199254,0.0139664356470856,0.146204518396983,0.0955267032798749,0.923896481091022,0.945880332040777,0.0130473102768523,0.136088442287442,"THAP12"
"ENSG00000269858",105.041332561494,-0.018959363117199,0.198451897330411,-0.095536315712985,0.923888846396796,0.945880332040777,-0.0143943138922362,0.174835040497652,"EGLN2"
"ENSG00000067900",597.583665162156,0.0154123485954762,0.162085382391384,0.0950878380769733,0.924245058111867,0.946108789428676,0.0147440062676363,0.148593726744382,"ROCK1"
"ENSG00000146909",200.923050771669,-0.00679444443981857,0.071608003077569,-0.0948838697883884,0.924407068753645,0.946108789428676,-0.00633786053663247,0.0703199657196038,"NOM1"
"ENSG00000164175",29.7385489310392,-0.0378870293614666,0.399277896695447,-0.0948888723243434,0.924403095235398,0.946108789428676,-0.0171658882959004,0.271512473925942,"SLC45A2"
"ENSG00000188676",532.220388871054,-0.0309082854126688,0.325435811766131,-0.094975058967636,0.924334637413051,0.946108789428676,-0.0168728762347002,0.244283328107743,"IDO2"
"ENSG00000114395",202.490889585862,-0.0117890812269661,0.125410892905457,-0.0940036463647026,0.92510626018507,0.946750798414041,-0.0100555216182658,0.118779481390572,"CYB561D2"
"ENSG00000244617",22.7317846842663,-0.0228303455683084,0.244168168048555,-0.0935025468339035,0.925504326479784,0.947084561047166,-0.0156017254600494,0.203991901538838,"ASPRV1"
"ENSG00000131471",240.939121799509,0.0137703256396491,0.148137896574951,0.0929561304570161,0.925938413082829,0.947319347234267,0.0121004274516045,0.137646829465552,"AOC3"
"ENSG00000139625",43.2746208200441,-0.0242609104146325,0.26067832084504,-0.093068385341696,0.925849233238954,0.947319347234267,-0.0127556854194914,0.21292891109523,"MAP3K12"
"ENSG00000166501",112.626709027937,-0.0237159710327665,0.255169509155786,-0.0929420255234626,0.925949618681283,0.947319347234267,-0.015519331636283,0.210058049241387,"PRKCB"
"ENSG00000104863",30.238234115164,0.0211881500422341,0.228306672279966,0.0928056540382302,0.926057959126812,0.947356572638975,0.0157786618746221,0.194697858680639,"LIN7B"
"ENSG00000154134",29.4856432066548,0.0303967609596465,0.328380932489869,0.0925655479725038,0.926248714931562,0.947478096557295,0.0178093540131242,0.246626644538258,"ROBO3"
"ENSG00000100558",302.351686628368,-0.0404490068796449,0.446405736942594,-0.0906104100647938,0.927802159927131,0.948993414978294,-0.0195774086434565,0.285128925920847,"PLEK2"
"ENSG00000142082",559.701479247826,-0.0112186346524484,0.124322362666586,-0.0902382677727508,0.92809787507353,0.949222141165081,-0.00739360903727233,0.117770305134865,"SIRT3"
"ENSG00000129515",461.218633047291,-0.0164656781629916,0.183153478849492,-0.0899009850450204,0.928365898370886,0.949406153756876,-0.0124606898967285,0.164136319463634,"SNX6"
"ENSG00000129595",149.197241954232,0.020693277434456,0.230359479690659,0.089830370611378,0.928422013490792,0.949406153756876,0.0155206704762536,0.196029021868891,"EPB41L4A"
"ENSG00000124275",454.729668914465,0.0107188875538862,0.119646671373239,0.0895878458703498,0.928614743156829,0.949529489624325,0.00347950256846806,0.114019326445076,"MTRR"
"ENSG00000165995",59.131389139345,0.0284317520294778,0.319914305116147,0.0888730249782217,0.929182821650198,0.950036579160248,0.0182405985633545,0.243113930898459,"CACNB2"
"ENSG00000151612",21.9397826036153,0.029124846862046,0.328768016217047,0.0885878352680702,0.929409476122153,0.950177845242555,0.0168655728613296,0.246864712901421,"ZNF827"
"ENSG00000165288",176.546960334209,0.0189768445498916,0.214385074207679,0.0885175641076037,0.929465324994597,0.950177845242555,0.0147379078129242,0.185902554405106,"BRWD3"
"ENSG00000116183",15.0516321635186,-0.0542556483122465,0.615555687117868,-0.0881409260732856,0.929764668636894,0.950410064229297,-0.0137595652101353,0.317260179505136,"PAPPA2"
"ENSG00000185627",1238.70754426185,-0.00719126623545066,0.0819161180775359,-0.0877881716592567,0.930045039115123,0.950622854203067,-0.0148410799445241,0.0802649378709112,"PSMD13"
"ENSG00000101445",110.324098292898,0.0173263029982534,0.197734817147628,0.0876239361797253,0.930175577029876,0.950682475328004,0.0139305411381875,0.174667948921945,"PPP1R16B"
"ENSG00000197579",302.691706779917,-0.0113865876445176,0.130416990620913,-0.0873090813574698,0.930425835708907,0.950864437859464,-0.0106731365325521,0.123025727927074,"TOPORS"
"ENSG00000141506",80.1905797865132,0.0169009454170135,0.193795617786138,0.0872101526860345,0.930504469429804,0.950870990725923,0.0138075858356806,0.171839113469942,"PIK3R5"
"ENSG00000095951",270.415607602894,0.0184823689655572,0.212263493865399,0.0870727633329039,0.930613674852271,0.950908780993792,0.0142728502573977,0.184449596672651,"HIVEP1"
"ENSG00000108256",849.061663578909,0.0131639081974541,0.151985262732301,0.0866130568240712,0.93097908706076,0.950913162159966,0.011892130286007,0.140751129128393,"NUFIP2"
"ENSG00000112031",136.878945238183,0.0115107337681,0.132570622505768,0.086827183508165,0.930808879901773,0.950913162159966,0.0104399185005003,0.124813870478338,"MTRF1L"
"ENSG00000132680",392.908738058506,0.0078312815580301,0.0902496046705805,0.0867735829604463,0.930851486144296,0.950913162159966,0.00713229947562296,0.0876805947097751,"KHDC4"
"ENSG00000177058",269.564699281508,0.0143379855767849,0.165448749861373,0.0866611901800316,0.930940826062331,0.950913162159966,0.0126419391191499,0.1512345049633,"SLC38A9"
"ENSG00000198933",40.3996480265623,-0.0223046680965811,0.256565193199716,-0.0869356743929746,0.930722642790175,0.950913162159966,-0.0146307099311375,0.210803859563273,"TBKBP1"
"ENSG00000213759",92.8295454685661,-0.033005895835705,0.382175560340061,-0.0863631777142846,0.931177717456036,0.951042264217374,-0.0151392223356221,0.265871918592501,"UGT2B11"
"ENSG00000101367",329.142736180696,0.0119524373578615,0.139304062705959,0.0858010680068283,0.931624557464743,0.95142483118064,0.0110711885360449,0.13046226566258,"MAPRE1"
"ENSG00000112699",226.504123672844,-0.0138144495297496,0.162124202093062,-0.0852090517726644,0.932095194481719,0.951831639691795,-0.0106941963629849,0.148519472475323,"GMDS"
"ENSG00000133961",1266.61962031831,-0.00493967401216414,0.0583327697166479,-0.0846809441101231,0.932515045940322,0.952186528218573,-0.00235889494805796,0.0575883601860164,"NUMB"
"ENSG00000182885",10.0908953302889,-0.0244947331088005,0.290060142259771,-0.0844470836908834,0.932700973576885,0.952302521761401,-0.0151503956009858,0.228374831889319,"ADGRG3"
"ENSG00000140368",28.9255339233401,-0.0224041652466435,0.265662626903112,-0.0843331465468583,0.932791559128799,0.952321159079542,-0.0143723063750089,0.215837348424725,"PSTPIP1"
"ENSG00000126709",727.130363322513,-0.0289604093890401,0.344892093411585,-0.0839694789827481,0.933080698286018,0.952542488457293,-0.013550752077283,0.252231100153019,"IFI6"
"ENSG00000016402",11.4148787488922,-0.0348654107792777,0.418252876203935,-0.0833596438014159,0.933565576366396,0.952963589582879,-0.0149202086987161,0.27768256613804,"IL20RA"
"ENSG00000102580",1762.79551883819,-0.0115068198525833,0.139071785914414,-0.0827401458672915,0.93405816250955,0.953282055322249,-0.00926278468893736,0.130169230343094,"DNAJC3"
"ENSG00000172939",540.501211918339,-0.00540806605695102,0.0653984489041279,-0.0826941028047787,0.934094774093296,0.953282055322249,-0.00319810242608965,0.0643589546679205,"OXSR1"
"ENSG00000204520",199.483840218889,0.0219072193958406,0.264471072389951,0.0828340853987211,0.933983466020801,0.953282055322249,0.0152848120170924,0.215829588826357,"MICA"
"ENSG00000004766",248.023187953199,-0.012602022757428,0.152805104746494,-0.0824712157249913,0.934272006866607,0.953389028244129,-0.00830479746972554,0.141219949290215,"VPS50"
"ENSG00000196263",89.3871081933127,0.0166202211578776,0.201931314586857,0.0823063089144046,0.93440313765662,0.953448942911498,0.0132462919882115,0.17756370370984,"ZNF471"
"ENSG00000137501",110.909959742599,-0.0122353062790363,0.150230206524454,-0.0814437160282058,0.935089084196838,0.954074928900772,-0.0102498135677916,0.139141682470018,"SYTL2"
"ENSG00000104967",23.4488164221558,0.0216141558697473,0.266159329348553,0.081207583151978,0.935276868953557,0.954192580909921,0.0147242728254716,0.216536729577945,"NOVA2"
"ENSG00000186806",27.2565285347733,0.0191203696144957,0.236602173675404,0.0808123159541514,0.935591213391655,0.954439323997717,0.0139545618201936,0.199449313489431,"VSIG10L"
"ENSG00000064102",240.00511189166,-0.00651424128481057,0.080897277225497,-0.0805248521115545,0.935819831284831,0.954598582063693,-0.00615708590030944,0.0790186598149418,"INTS13"
"ENSG00000116017",40.224248109615,0.0167016420620104,0.207694787375185,0.0804143535477378,0.935907711394205,0.954614264658824,0.0140876145964888,0.181297097964091,"ARID3A"
"ENSG00000081853",14.3313830477223,-0.0252476089611098,0.3157065166792,-0.0799717700688602,0.936259708261262,0.9548253539092,-0.0142405273268279,0.240319098152274,"PCDHGA2"
"ENSG00000161896",147.702504989426,-0.0331832862818369,0.414745473412482,-0.0800087967417905,0.93623025961424,0.9548253539092,-0.0137407261519287,0.276118696629728,"IP6K3"
"ENSG00000112303",54.6651318457484,0.0171866993134276,0.21571636182515,0.0796726737277277,0.936497593551271,0.954900759270188,0.0107076388577856,0.186740340048619,"VNN2"
"ENSG00000113319",29.8520725584558,-0.0175622045606512,0.220413885532922,-0.0796783039244052,0.936493115540467,0.954900759270188,-0.012747834615,0.18953267639978,"RASGRF2"
"ENSG00000150768",320.250577754044,-0.0141676322905234,0.177973623573253,-0.0796052359112196,0.936551230780491,0.954900759270188,-0.0107420657647042,0.160373357224267,"DLAT"
"ENSG00000100934",1666.42519718517,0.0179157332048258,0.227930719577258,0.0786016612330889,0.937349466156211,0.95556663348143,0.0130040691263964,0.194525224771248,"SEC23A"
"ENSG00000163141",13.3656238219039,-0.0323739234742261,0.411765778775235,-0.0786221807225451,0.937333144482992,0.95556663348143,-0.013865551886727,0.275900502537627,"BNIPL"
"ENSG00000122966",19.0230997703059,-0.0239535424658988,0.306116099063838,-0.0782498618633693,0.937629299544128,0.955777900108237,-0.0138754358730463,0.235765573167668,"CIT"
"ENSG00000144161",143.953055825727,0.00898911090907912,0.116637452832896,0.0770688204410434,0.938568796888751,0.956661514270906,0.00832506573065783,0.111264345362737,"ZC3H8"
"ENSG00000164181",17.3526081352503,0.0303663532392283,0.39479223398359,0.0769173013684218,0.938689333820029,0.956710308799698,0.0148733728801327,0.271082786564743,"ELOVL7"
"ENSG00000136986",1413.2088046082,-0.0071133495981662,0.0928747739267462,-0.0765907608429471,0.938949109142792,0.956826932737926,-0.00462063776529546,0.090022320333158,"DERL1"
"ENSG00000147789",233.446340574281,-0.00717877097079761,0.0937077910676683,-0.0766080481569955,0.938935356268338,0.956826932737926,-0.000632127065953519,0.090657973934503,"ZNF7"
"ENSG00000104763",1244.85593170213,-0.0107646887471203,0.140983079740239,-0.0763544729406838,0.939137089147802,0.956942750421321,-0.00669281083816758,0.131634465387103,"ASAH1"
"ENSG00000168904",796.409841805809,0.00614933977818897,0.0807277335963029,0.0761738191355664,0.93928081146094,0.956942750421321,0.00941886218380097,0.0788377213499522,"LRRC28"
"ENSG00000198718",182.311195651266,-0.0134952300754104,0.177114044345241,-0.0761951437860272,0.939263846157031,0.956942750421321,-0.010571841849164,0.159746580479439,"TOGARAM1"
"ENSG00000114374",42.7622681564636,0.0788198492399521,1.04217169196353,0.0756303878216547,0.93971315970832,0.957309150473518,0.0100153856607748,0.350986488190878,"USP9Y"
"ENSG00000169607",10.8426881786026,0.0244118651710839,0.326053752643316,0.0748706769150088,0.940317607486008,0.957850802333522,0.0142006604474899,0.245466855099156,"CKAP2L"
"ENSG00000138449",6304.70180735782,-0.0137604554339323,0.185362661146752,-0.0742353144306557,0.940823146509643,0.958143374609062,-0.00776455411919465,0.165772414742392,"SLC40A1"
"ENSG00000185104",517.138841121685,0.00417120234371925,0.0561114543069441,0.0743378049141571,0.940741596263218,0.958143374609062,0.00409025808688002,0.055505900314541,"FAF1"
"ENSG00000198862",467.569287103036,-0.0161873540018808,0.217941713165628,-0.0742737760787398,0.940792543040608,0.958143374609062,-0.0113925637004056,0.187800639584654,"LTN1"
"ENSG00000109787",1020.01729273364,-0.0135589398025401,0.184243047126092,-0.0735926810484235,0.941334495025445,0.95858998851458,-0.0101994489382915,0.164938583695254,"KLF3"
"ENSG00000187098",63.0414539336344,-0.0132181780719631,0.179856408627755,-0.0734929501418017,0.94141385387761,0.958596658944517,-0.0105066952264351,0.161828318423967,"MITF"
"ENSG00000082212",341.432868693239,-0.0115909874638868,0.157943844987227,-0.0733867626486124,0.941498351067318,0.958608560061272,-0.00928192787483991,0.145257575277098,"ME2"
"ENSG00000010319",30.23704167473,0.0341096426906092,0.467995507447356,0.0728845515561838,0.941897987317521,0.958941300728618,0.0140046003555585,0.291690271594775,"SEMA3G"
"ENSG00000137842",238.991834891331,-0.00646660359415957,0.0888733959121385,-0.0727619725542225,0.941995532215985,0.958966456132039,-0.00592849357760463,0.0863768028434351,"TMEM62"
"ENSG00000204514",93.3895941061366,0.0136655561820114,0.188097426220276,0.0726514788459042,0.94208346072563,0.958981818765551,0.0112561327856029,0.16783718108145,"ZNF814"
"ENSG00000142549",11.4723449959079,-0.0174044504177489,0.240081723122703,-0.0724938583052974,0.942208892973219,0.959031435648047,-0.0121724981716402,0.202099010407754,"IGLON5"
"ENSG00000143549",1819.41715444375,0.00434246751197334,0.0599729014355934,0.0724071607013517,0.942277886339293,0.959031435648047,0.00645039585908202,0.0591935421919139,"TPM3"
"ENSG00000111727",288.506164611388,-0.0124823860226632,0.172899040092714,-0.0721946519539367,0.942447001192147,0.95912941313255,-0.00979715531451937,0.156654668709272,"HCFC2"
"ENSG00000138594",531.518392435047,-0.0105733609396362,0.147275098255484,-0.0717932703144025,0.94276642851285,0.959380336821779,-0.00864077013355647,0.136849950529937,"TMOD3"
"ENSG00000168961",172.79217281571,0.0144547470366663,0.20463948517996,0.0706351808105598,0.943688110092572,0.960244041848582,0.0116127182461887,0.179367117426458,"LGALS9"
"ENSG00000078114",193.659138587536,0.0186547908721089,0.2658284629868,0.0701760476004228,0.944053538560363,0.96054164518437,0.0130609570620339,0.216513916788765,"NEBL"
"ENSG00000164687",48.4144361479295,-0.0240625253748378,0.344306615477285,-0.069886909786737,0.944283672130089,0.960701555309849,-0.0108731115906516,0.252149535912041,"FABP5"
"ENSG00000173065",118.728342331325,0.00992785705858722,0.143355420853542,0.0692534471279599,0.944787880532555,0.961140259240582,0.00893252704080942,0.133855923483014,"FAM222B"
"ENSG00000123561",5810.16803165931,0.00869071066083867,0.1260179830603,0.068964051397967,0.94501823417264,0.961300322268175,0.00982588795336193,0.11923229701034,"SERPINA7"
"ENSG00000162645",463.937725122915,-0.0116192991043967,0.169157972091718,-0.0686890423236847,0.945237140561861,0.961412817359521,-0.0087465719531421,0.153829934637919,"GBP2"
"ENSG00000172123",26.7579268068565,-0.0188670337047709,0.274862782633274,-0.0686416455659025,0.945274868655552,0.961412817359521,-0.0118365009256296,0.220784920916964,"SLFN12"
"ENSG00000189190",122.513366599794,-0.0125896273312255,0.18462133391391,-0.068191617210913,0.945633099936185,0.961702872992416,-0.00894825102554452,0.165213210307585,"ZNF600"
"ENSG00000060558",21.0583936314632,0.0163636320984675,0.241507993025972,0.067756068415954,0.945979815676269,0.961981173491447,0.0117355051300035,0.203146652299114,"GNA15"
"ENSG00000204314",24.1416556385234,-0.0148224602756324,0.222037267190042,-0.0667566326284579,0.946775448501693,0.962715906315516,-0.0105681371168032,0.190503095357559,"PRRT1"
"ENSG00000046604",481.978971014636,-0.0131171988398164,0.199008856602586,-0.0659126385817641,0.947447378332586,0.963112911889118,-0.00930324164264847,0.175288231128816,"DSG2"
"ENSG00000066777",562.33438668492,-0.0093578807120856,0.141873432945226,-0.0659593591119943,0.947410181688039,0.963112911889118,-0.00759282980886181,0.132474089946503,"ARFGEF1"
"ENSG00000143622",176.860131557589,-0.00735640782316364,0.111632086367562,-0.0658986861442485,0.947458486616121,0.963112911889118,-0.00629313683339209,0.106798809076324,"RIT1"
"ENSG00000159884",194.278742367633,0.00922878205484253,0.139906390635793,0.0659639778633635,0.947406504466028,0.963112911889118,0.00906219364153238,0.130981259809941,"CCDC107"
"ENSG00000102935",18.2576224648178,-0.0140515105689491,0.214560886542031,-0.0654896183335657,0.947784171961873,0.963219209547237,-0.00923550942665381,0.186028162866048,"ZNF423"
"ENSG00000105989",44.8988365631212,-0.0146850887811606,0.223881158592469,-0.0655932320231196,0.947701677573827,0.963219209547237,-0.0103660411105482,0.191651728332179,"WNT2"
"ENSG00000170456",506.504719463389,-0.0105076917330694,0.160668596356182,-0.065399785467567,0.947855694887894,0.963219209547237,-0.00816374161888739,0.147398906634732,"DENND5B"
"ENSG00000204386",683.494002835149,0.00589144286179124,0.0898583871119283,0.0655636390897247,0.947725238601515,0.963219209547237,0.00541935191734462,0.0873623629481865,"NEU1"
"ENSG00000079277",362.832008452482,0.00933806104338685,0.143204943234076,0.0652076725321087,0.948008652335414,0.963277750086175,0.00788875656698652,0.133664935707517,"MKNK1"
"ENSG00000147437",20.5149417705683,0.0188627313210727,0.289555965868077,0.0651436459425833,0.948059629774925,0.963277750086175,0.012166590647111,0.228183322157565,"GNRH1"
"ENSG00000205038",36.3993180884414,0.0349430504200845,0.53735188300714,0.0650282459689831,0.948151510813552,0.963296766059976,0.0116407012291793,0.306454429642699,"PKHD1L1"
"ENSG00000135218",1527.21689065432,0.0175422233018096,0.270171490058138,0.0649299572580166,0.948229768470972,0.96330193917352,0.00893792489754164,0.218937746319717,"CD36"
"ENSG00000143994",80.1332481039334,0.0146168983266075,0.225660019656004,0.064773983219932,0.948353956319675,0.963353768143264,0.0111598323664314,0.192981431933368,"ABHD1"
"ENSG00000085741",105.129807465606,0.020132143923199,0.312083303854588,0.0645088784774571,0.948565037835473,0.963493850342681,0.0125850963729635,0.239341385727267,"WNT11"
"ENSG00000166912",912.760646011875,-0.00656256183100833,0.102019813542429,-0.0643263460609933,0.948710375769931,0.963567137806597,-0.00526491557333791,0.0983518213370533,"MTMR10"
"ENSG00000185052",13.2315078756101,0.0161105663399066,0.253656513298858,0.0635133162180035,0.949357755844655,0.964150278729615,0.0113363107811549,0.209345644821876,"SLC24A3"
"ENSG00000117523",935.320106320358,-0.00700470324915857,0.111628288357037,-0.0627502522188141,0.94996538072487,0.964692958166112,-0.00482313274130729,0.106843740901674,"PRRC2C"
"ENSG00000139722",114.587591413081,-0.0114586870616957,0.185133768016632,-0.0618940951964325,0.95064716983473,0.965289161257775,-0.00879469268125768,0.165686591815448,"VPS37B"
"ENSG00000213995",1226.74688709537,-0.00570168650994791,0.0922172255191083,-0.061828866330038,0.95069911545113,0.965289161257775,-0.00512872926193293,0.0894632899359905,"NAXD"
"ENSG00000075975",347.795115380663,0.00486865003861713,0.0794976086222076,0.0612427231837145,0.951165905388156,0.965688642068204,0.00522743730952062,0.0777362256374256,"MKRN2"
"ENSG00000152439",40.019615825329,-0.00977954847146519,0.16012116886222,-0.0610759248196608,0.951298742558732,0.965749035741249,-0.00794406803574253,0.146811602500807,"ZNF773"
"ENSG00000153015",136.748896871111,-0.00510368665089254,0.085926780108261,-0.0593957628164618,0.952636887885806,0.96702235718729,-0.00476185903085275,0.0837547049543864,"CWC27"
"ENSG00000182263",214.809381785102,0.0106520297904411,0.179579119428808,0.059316638951802,0.952699908482177,0.96702235718729,0.0090439969887051,0.161762076108788,"FIGN"
"ENSG00000140025",67.0509249104066,-0.00783856730981118,0.13300162293658,-0.0589358771475211,0.953003181872848,0.967255619221239,-0.00726947727889626,0.12538437232609,"EFCAB11"
"ENSG00000166170",358.614444910972,-0.00442999399359086,0.0761786399018477,-0.0581527052635579,0.953626992659906,0.967814151342043,-0.00412448515925049,0.0745985309595817,"BAG5"
"ENSG00000124313",34.2895170315437,-0.0116796890780005,0.202083362269383,-0.0577963912854495,0.95391081271289,0.967966053572973,-0.00869805514342768,0.177352547361923,"IQSEC2"
"ENSG00000258839",13.5771063149858,0.0222998508103279,0.38594276373995,0.0577802018989367,0.95392370842392,0.967966053572973,0.0112624198504449,0.268110876825943,"MC1R"
"ENSG00000197183",144.301112132351,-0.00933038950357411,0.16177690583349,-0.057674421794032,0.954007968223923,0.967976950496006,-0.00740414577245978,0.148240099276775,"NOL4L"
"ENSG00000095932",258.325131895316,0.037146743105206,0.650984859638825,0.0570623764211897,0.954495506832111,0.968396997992724,0.0107718580465835,0.323488862359952,"SMIM24"
"ENSG00000117480",689.975928705069,0.00983420021705218,0.172788355784402,0.056914716112716,0.954613131552641,0.968441708277244,0.00863892604187487,0.156738570113769,"FAAH"
"ENSG00000102978",863.440053791188,0.00396265151350167,0.0701767683907262,0.0564667140475698,0.954970011542547,0.968662050905536,0.00499610359257812,0.0689442947077217,"POLR2C"
"ENSG00000104154",119.179369780925,-0.0105787940970081,0.187683776259497,-0.0563649896002812,0.955051046848304,0.968662050905536,-0.00798458025937992,0.167390702877154,"SLC30A4"
"ENSG00000132254",535.905043301508,-0.00570159583179296,0.101151393080095,-0.0563669531202429,0.955049482672805,0.968662050905536,-0.00475196115940807,0.0975685785043009,"ARFIP2"
"ENSG00000229809",118.723858807754,0.0117497793643439,0.210345699341367,0.0558593753099528,0.955453834077295,0.96899593124801,0.00935159465531957,0.18320209857451,"ZNF688"
"ENSG00000196914",3266.27598766476,0.00775224291112076,0.141120486199964,0.0549335048359741,0.956191439170195,0.969669297397735,0.00435770558654967,0.13202489658823,"ARHGEF12"
"ENSG00000118412",144.252622237324,-0.00813717927157838,0.149632123033178,-0.0543812324962744,0.95663143102474,0.970040774866892,-0.00666504506430029,0.138765223623174,"CASP8AP2"
"ENSG00000099954",322.865160233503,-0.0107213068423178,0.200212674745618,-0.0535495909833873,0.957294019409436,0.970563149510598,-0.00767525323696064,0.176127920930726,"CECR2"
"ENSG00000167524",27.6545132354502,0.0127137363895906,0.23705943980488,0.0536310066372177,0.9572291523297,0.970563149510598,0.0098226842761554,0.199771411730084,"RSKR"
"ENSG00000140853",178.219092438941,0.0103865636955738,0.195850829059207,0.0530330340977716,0.957705587334503,0.970681429010475,0.00864378083100304,0.173321097805321,"NLRC5"
"ENSG00000154529",10.7983212792273,0.0191511323919981,0.361084661079594,0.0530377899042811,0.957701798082782,0.970681429010475,0.0103490814643548,0.259212809099713,"CNTNAP3B"
"ENSG00000237541",124.205447137978,-0.0282331437755172,0.52970806367392,-0.0532994411670823,0.95749332545463,0.970681429010475,-0.00729994618419781,0.303582794312467,"HLA-DQA1"
"ENSG00000250722",78053.0567919282,-0.010316649994984,0.194173526364125,-0.0531310842840522,0.95762746474549,0.970681429010475,-0.00712669264729492,0.171962373380647,"SELENOP"
"ENSG00000104814",46.1922412181713,-0.0132288168291974,0.250185071198371,-0.0528761239263085,0.95783060812381,0.97073341440675,-0.00862432663555508,0.207352458226606,"MAP4K1"
"ENSG00000126353",12.8285739332908,0.0172358734289016,0.326732836927813,0.0527521922527475,0.957929353479643,0.970758764463746,0.0102641417157937,0.245640489616625,"CCR7"
"ENSG00000188493",116.576750686605,0.0120552329288147,0.229082789069394,0.052623913729123,0.958031562966205,0.970787620873782,0.00925283371547549,0.195105752943635,"ACTMAP"
"ENSG00000013375",1036.80734701691,-0.00723405795917346,0.139748861258865,-0.0517647005779418,0.958716182681381,0.971406592364403,-0.00473699406563281,0.130714024482472,"PGM3"
"ENSG00000132824",1971.17246553282,-0.005789023668574,0.11532114481561,-0.0501991519233547,0.959963687370764,0.972595760517389,-0.00402206938786749,0.110064950266712,"SERINC3"
"ENSG00000078674",1193.26363242172,-0.00464754947909835,0.092810531610953,-0.0500756691986222,0.960062088574033,0.972620610816075,-0.00354907751522077,0.0900118934511323,"PCM1"
"ENSG00000140396",937.748507088404,0.0105980309979387,0.212116704970444,0.0499632077512021,0.960151707645455,0.972636560964843,0.012712281578151,0.184333057559008,"NCOA2"
"ENSG00000139517",400.191418982453,0.0100675621994838,0.20258843835866,0.0496946532637775,0.960365717274435,0.972778506973012,0.00913453350254626,0.177937921471335,"LNX2"
"ENSG00000157181",512.265016702791,-0.00661632488039345,0.134336806377247,-0.0492517654604157,0.960718658418521,0.972986296672173,-0.00548449047007658,0.126292902405612,"ODR4"
"ENSG00000164818",183.977588683635,0.0055968542491934,0.113425581909078,0.0493438442632794,0.960645279383126,0.972986296672173,0.00557131353113042,0.108504167063081,"DNAAF5"
"ENSG00000137040",439.241524041545,0.00899137918202064,0.183696341516719,0.0489469692634151,0.960961557636445,0.973157439261706,0.00802888876656015,0.164704376519774,"RANBP6"
"ENSG00000091138",12.6852072106675,-0.0244902663892939,0.515882524702032,-0.0474725644243118,0.962136596092514,0.974272452249964,-0.00784444604411531,0.30103617887721,"SLC26A3"
"ENSG00000132510",155.255915560079,0.012264110056027,0.259019979602357,0.0473481237812414,0.962235773834709,0.97429794649756,0.00905333340260784,0.212629442095287,"KDM6B"
"ENSG00000119630",31.5706540497253,-0.0116683215257483,0.246951598815655,-0.047249426939157,0.962314434483161,0.97430266413452,-0.0077205802706681,0.205698630341657,"PGF"
"ENSG00000062650",640.879544847889,0.00553297787287004,0.118269587272739,0.0467827613206305,0.962686368462143,0.974604285057483,0.00514442794321087,0.112710216134993,"WAPL"
"ENSG00000056736",605.181401355111,0.00936884805834974,0.200715993154154,0.0466771377363749,0.962770551923826,0.974614569170313,0.00786031991736884,0.176669379229648,"IL17RB"
"ENSG00000159147",155.269384256595,-0.0080947416891919,0.174141968711425,-0.0464835774459739,0.962924823236539,0.974695796319849,-0.00595530649425752,0.157603211734385,"DONSON"
"ENSG00000104691",461.910777280488,0.00555999802605737,0.120163341013791,0.0462703348554471,0.963094783331628,0.974792890324739,0.00767875768255958,0.114283720154537,"UBXN8"
"ENSG00000172955",15389.3180569506,-0.00555499484086517,0.121678194397804,-0.0456531662748395,0.963586692756184,0.975215804199241,-0.00232949999265153,0.115523192322688,"ADH6"
"ENSG00000068024",128.472592029041,-0.00481431185646748,0.107740112031032,-0.0446844890515878,0.964358797292275,0.975847200457312,-0.00420483409470942,0.103427033179339,"HDAC4"
"ENSG00000162434",2561.01944538872,-0.00493454552367355,0.110399138039603,-0.0446973193024695,0.964348570451203,0.975847200457312,-0.00129047704144367,0.105694513443029,"JAK1"
"ENSG00000171169",89.7630228586235,-0.00549906547333567,0.124020931549984,-0.0443398175179759,0.964633533079899,0.97605019186366,-0.00478131540286027,0.11759240413904,"NAIF1"
"ENSG00000187626",82.3389981524647,-0.00427074741661079,0.096590181399617,-0.0442151298892552,0.964732921940282,0.976075743507704,-0.00392182574350061,0.0934529102119957,"ZKSCAN4"
"ENSG00000078018",66.029561272497,0.00914242575632342,0.20841199554437,0.0438670803589951,0.96501035609669,0.976281416041879,0.00930537734285659,0.181763809879831,"MAP2"
"ENSG00000013392",184.718327089292,-0.00609468026028746,0.140209173778419,-0.0434684842371245,0.965328086705453,0.976527820942297,-0.00485178929103403,0.131057623994194,"RWDD2A"
"ENSG00000132603",204.080369247905,-0.0039761111658636,0.0919224833510989,-0.0432550451305455,0.965498226445733,0.976624896234214,-0.00333540138979748,0.0891624394197038,"NIP7"
"ENSG00000102119",393.647567045973,-0.00446365575924841,0.104465658556381,-0.0427284508701905,0.965917999760232,0.976974447633342,-0.00402243567900412,0.100562399219167,"EMD"
"ENSG00000241370",13.4349138073568,-0.0131746024983623,0.310092665469893,-0.0424860177792288,0.96611125788231,0.977094854914618,-0.00737078520565205,0.237986967427444,"RPP21"
"ENSG00000168995",78.8948586678077,0.00835314282977504,0.198733181946804,0.0420319483034845,0.966473229550669,0.977385862221685,0.00687990943351419,0.175299015806717,"SIGLEC7"
"ENSG00000161179",75.4444403374206,-0.00819198434768695,0.196149547849609,-0.0417639726295362,0.966686855616859,0.977526815748968,-0.00611451241359651,0.173509247982609,"YDJC"
"ENSG00000100307",534.827334907471,-0.00502966550457865,0.121067267686168,-0.0415443876838503,0.966861907125189,0.977531175016728,-0.00232880717373919,0.115056089200173,"CBX7"
"ENSG00000151224",36022.8414688713,0.00524178739696208,0.126008624144238,0.0415986400340503,0.966818657400621,0.977531175016728,0.0207880644896801,0.118863803709899,"MAT1A"
"ENSG00000163803",22.9627095847792,0.0108029228793445,0.261012906393982,0.0413884624656766,0.966986210535687,0.977531175016728,0.00764574403770338,0.213599216016708,"PLB1"
"ENSG00000178033",35.9909469261111,-0.00847134688317465,0.204690997182536,-0.0413860257645831,0.966988153077462,0.977531175016728,-0.00634729645013567,0.179125123149149,"CALHM5"
"ENSG00000101079",203.110409840701,0.0031965862142171,0.0784410121964205,0.0407514656518286,0.967494031987635,0.977967479857904,0.0030657724852784,0.076805605640836,"NDRG3"
"ENSG00000065427",1372.08118568794,-0.00224700365257903,0.0552811946173924,-0.0406467998409007,0.967577474085999,0.977976740658396,0.000981414822690585,0.0546555089131496,"KARS1"
"ENSG00000132965",47.1508185240416,0.00870341967952434,0.218325797146904,0.0398643668923288,0.968201259608851,0.97851792321336,0.00687165135297244,0.188343768816242,"ALOX5AP"
"ENSG00000164733",17856.8787694031,-0.00523886202656853,0.131666915878403,-0.0397887502081901,0.968261545163577,0.97851792321336,-0.00867519829524338,0.124172696675709,"CTSB"
"ENSG00000111726",1157.30309784212,-0.00636919861222332,0.161744842716404,-0.039378063035931,0.968588969503066,0.978773687349556,-0.00449885466204487,0.148256680234245,"CMAS"
"ENSG00000128656",25.1379216174796,0.00646882338436791,0.166007367764377,0.038967086048551,0.968916630201242,0.979029651053688,0.00562109749799082,0.151386188932597,"CHN1"
"ENSG00000110906",238.794161481402,0.00346420887975082,0.090131319181879,0.0384351290006117,0.9693407527726,0.97938303668207,0.00571671889227348,0.0875124508893284,"KCTD10"
"ENSG00000162714",211.466964689364,0.00453701725655203,0.118851858960466,0.0381737172328217,0.969549176226988,0.97951845105928,0.0116360075056147,0.113062977795373,"ZNF496"
"ENSG00000102349",34.9813389906676,-0.00812433146611549,0.214689306262967,-0.0378422735977554,0.969813439037975,0.979710253845928,-0.00596403440020376,0.185865134845022,"KLF8"
"ENSG00000064547",23.9534112673226,-0.0135346588512969,0.36262857117377,-0.0373237519798492,0.970226867343393,0.980052703348405,-0.00634454740495506,0.259453905641592,"LPAR2"
"ENSG00000175471",33.7812957607355,-0.0116070125991069,0.315235007158026,-0.0368201891780642,0.970628376326154,0.980343996769342,-0.00613665768354864,0.240112881329224,"MCTP1"
"ENSG00000198298",38.8168512443056,0.00467678299360712,0.127171818592653,0.0367753095407674,0.970664160860181,0.980343996769342,0.00427490910742832,0.120307426984222,"ZNF485"
"ENSG00000269190",626.308914021852,0.00499788415332199,0.137686178688483,0.0362990984347802,0.971043868812295,0.980652264844878,0.00681688014566125,0.129075127824926,"FBXO17"
"ENSG00000196391",19.9207042116481,-0.00600784329037777,0.167963715687035,-0.0357686972201313,0.971466793087115,0.981004126229864,-0.0047612176176597,0.153161438885819,"ZNF774"
"ENSG00000104081",217.648486001288,0.00730932851184909,0.20749367685871,0.0352267530389674,0.971898929625871,0.981365235635725,0.00609842643775044,0.181178662720667,"BMF"
"ENSG00000108465",1445.75024724408,0.00802264900614412,0.228584600722821,0.035097066822416,0.972002340309559,0.981383546225219,0.00866939704102077,0.194641863205287,"CDK5RAP3"
"ENSG00000143614",251.34895358509,0.00312691739746811,0.0892969863800594,0.0350170540376307,0.972066142057047,0.981383546225219,0.00309764847045698,0.0867919947188894,"GATAD2B"
"ENSG00000101247",196.15542224893,-0.00402053116852567,0.116220617454989,-0.0345939580822034,0.972403519369843,0.981545196674279,-0.00329782372756595,0.110881965634369,"NDUFAF5"
"ENSG00000104960",959.864922852851,-0.00642822115243997,0.185547638042338,-0.0346445862650819,0.972363148123985,0.981545196674279,-0.00422600036948937,0.165925981550346,"PTOV1"
"ENSG00000214021",58.3229136347575,-0.0115430049152596,0.334233234195539,-0.0345357784154599,0.972449912305886,0.981545196674279,-0.0059304176079849,0.248288521729269,"TTLL3"
"ENSG00000139209",15656.5668838912,0.0092413578111781,0.269221102201375,0.0343262758216689,0.972616972136911,0.981563318653577,-0.00132517292636167,0.218418981141032,"SLC38A4"
"ENSG00000258472",13.9698187825064,0.0154355604551035,0.449436329847771,0.0343442650938604,0.972602627232543,0.981563318653577,0.00689032293467211,0.286573299188561,NA
"ENSG00000163359",431.029991274045,0.00537616528923675,0.158967544554592,0.0338192635754683,0.973021274619617,0.981896075852064,0.00567669111203184,0.146107707823313,"COL6A3"
"ENSG00000198692",33.4099532224981,0.0343719931811428,1.02718212538415,0.0334624136574498,0.973305838591273,0.982107960675406,0.00481198165731113,0.349814286461948,"EIF1AY"
"ENSG00000167635",775.7808335307,-0.00326902191718275,0.0980067311383596,-0.0333550755056584,0.973391434263442,0.98211906073358,-0.00314877706496589,0.0947461496822535,"ZNF146"
"ENSG00000152926",153.125523184623,0.00928627851570988,0.282027452888686,0.0329268602066733,0.973732913057959,0.982313043699416,0.00664092324465743,0.224743872688704,"ZNF117"
"ENSG00000163879",220.115394154942,0.0049091768361008,0.148768056914161,0.0329988637206802,0.973675493768768,0.982313043699416,0.00562043240647979,0.138119268500859,"DNALI1"
"ENSG00000116586",918.829172688845,-0.00392487880755231,0.119624683509793,-0.0328099409954218,0.973826150714019,0.982331834224699,-0.00123694961441262,0.11381302856163,"LAMTOR2"
"ENSG00000100418",1078.16840934664,-0.00319832066633088,0.0989044263459308,-0.032337487658483,0.974202913998978,0.982636601985026,0.00421791279204837,0.0955738103274575,"DESI1"
"ENSG00000185567",14.4054937936734,0.015224955527797,0.473262687055197,0.0321702004916802,0.974336320436329,0.982695878264494,0.00647120643783891,0.292524810859955,"AHNAK2"
"ENSG00000168675",701.346007377583,-0.00479825469143631,0.150516796253582,-0.0318785332326133,0.974568917936466,0.982847096127573,-0.00369548961822198,0.139446074361929,"LDLRAD4"
"ENSG00000175048",438.006849013346,-0.00380403209411842,0.119642550563836,-0.0317949765881059,0.974635552714689,0.982847096127573,-0.00335978489656875,0.113872256244375,"ZDHHC14"
"ENSG00000180071",15.1683807125089,-0.012705280346597,0.401825925710707,-0.0316188666127633,0.974775997530476,0.982913439801351,-0.0053076462336954,0.27256282100517,"ANKRD18A"
"ENSG00000125249",289.399629433327,0.00690204937438782,0.220015793156247,0.0313706996910274,0.974973907905214,0.983037714158374,0.00613854196259398,0.189351723071618,"RAP2A"
"ENSG00000067646",37.0445697493412,0.0330130889633251,1.06723647391443,0.0309332465392972,0.97532277569862,0.983248836127087,0.00480391610559406,0.351265479272269,"ZFY"
"ENSG00000117036",178.3475016104,0.00321982601970387,0.104447534622317,0.0308272093864808,0.975407340775929,0.983248836127087,0.00310763400672002,0.100502234530254,"ETV3"
"ENSG00000143643",201.066118501203,-0.00422278587090866,0.136940642382932,-0.0308366150284319,0.975399839725554,0.983248836127087,-0.00363463804023039,0.128418594105448,"TTC13"
"ENSG00000129933",389.815412263324,-0.00407821721388135,0.135758546052778,-0.0300402245932709,0.976034973048517,0.983806190105403,0.00520808822343587,0.127214980833642,"MAU2"
"ENSG00000145817",472.661990297574,0.00460580573024484,0.156774823982975,0.0293784780823292,0.976562737397305,0.98426280338153,0.00542090408397948,0.144419384758492,"YIPF5"
"ENSG00000161940",90.2134275062047,-0.00488365931260255,0.169593425707923,-0.0287962772862037,0.977027069945506,0.98465541969554,-0.00374873532664737,0.154022731825253,"BCL6B"
"ENSG00000085224",496.90090673012,-0.00543395624953792,0.190723499200819,-0.0284912780664554,0.977270324301621,0.984825188653283,-0.00287720684191539,0.16955006547316,"ATRX"
"ENSG00000149308",157.956928513501,0.00524254380735352,0.185092484554416,0.0283239150415761,0.977403806804573,0.984884319637916,0.00476609496011617,0.165672352162245,"NPAT"
"ENSG00000002586",1959.99374511371,-0.00300828556440766,0.110505126467395,-0.0272230407816895,0.978281838628308,0.985536830028929,-0.0023906166466773,0.105848796852672,"CD99"
"ENSG00000119979",320.356197462693,-0.00319004614872619,0.117248665405568,-0.0272075263090772,0.978294212803025,0.985536830028929,-0.00217469172158499,0.111860570091852,"DENND10"
"ENSG00000135951",27.074437160461,0.00543484794071533,0.200277381385871,0.027136603759783,0.978350779923903,0.985536830028929,0.00514547272865738,0.176161442515809,"TSGA10"
"ENSG00000141429",1090.19396258104,0.00498040333864198,0.181839793296139,0.0273889628247159,0.978149501337745,0.985536830028929,0.00470718678465709,0.163337582486634,"GALNT1"
"ENSG00000169230",1452.48188510642,-0.00272836496933051,0.10118187304478,-0.0269649581217281,0.978487683229966,0.985599329615617,-0.00239806734305023,0.097614091461091,"PRELID1"
"ENSG00000165801",982.90090863129,-0.00480182133875619,0.179581090000819,-0.0267390143290382,0.978667895312583,0.98566736800789,-0.00328534597081549,0.161639159746463,"ARHGEF40"
"ENSG00000182704",2557.85558751983,-0.00662694483170763,0.248269508742705,-0.0266925441842135,0.978704959894208,0.98566736800789,-0.00156995053081891,0.206161138791654,"TSKU"
"ENSG00000138759",50.4599516612186,-0.0097139089796214,0.367195778895135,-0.0264543045915447,0.978894980483453,0.985783334331126,-0.0041185824736952,0.260942165973246,"FRAS1"
"ENSG00000125898",26.6163461426993,-0.00566005393539849,0.217555577230965,-0.0260165885307991,0.97924410719515,0.986059496392455,-0.0037771439757908,0.187576095702605,"FAM110A"
"ENSG00000134954",850.735188650376,0.00442031275615037,0.172644915592332,0.0256034922371424,0.979573600582004,0.98616501187205,0.0049961138116209,0.156544856855904,"ETS1"
"ENSG00000166900",173.444642269831,0.0030720892925986,0.119487537280681,0.0257105415553267,0.979488215692137,0.98616501187205,0.00299952366477161,0.113807629285914,"STX3"
"ENSG00000181827",228.781614592887,-0.00454774305455383,0.177154372475103,-0.025671074278412,0.97951969563267,0.98616501187205,-0.00323240694543932,0.159861784864822,"RFX7"
"ENSG00000185591",900.924174059177,-0.00185859489137708,0.0729574708224645,-0.0254750455357726,0.979676052803945,0.9861927449512,-0.00193410584699741,0.0715892540971373,"SP1"
"ENSG00000015285",64.882116081633,0.0055645201069144,0.231208999672757,0.0240670567096877,0.980799120644455,0.987246784358308,0.00443864016636166,0.196202930535883,"WAS"
"ENSG00000052802",8389.55888824011,0.00759363769847653,0.316740546582957,0.023974315193927,0.980873096323183,0.987246784358308,0.00714164798510254,0.241069941711817,"MSMO1"
"ENSG00000111247",22.0513457005194,-0.00659725460277247,0.282587942628697,-0.0233458460449633,0.981374401810936,0.987675842703163,-0.00370125724934784,0.224793952241652,"RAD51AP1"
"ENSG00000101639",350.19461823839,0.00441064525735593,0.190592600237203,0.0231417444951516,0.981537207300355,0.987688693925136,0.00422270541798797,0.16955769440808,"CEP192"
"ENSG00000187210",55.1958958893289,0.00592213206077499,0.255436005159348,0.0231844060397069,0.981503177442828,0.987688693925136,0.00521470118951038,0.210608688254558,"GCNT1"
"ENSG00000111142",1100.91744813652,-0.00284529693270758,0.123960449977392,-0.0229532639904623,0.981687553048646,0.98776448784398,-0.00157853445326118,0.11754818506856,"METAP2"
"ENSG00000251369",104.479731047844,0.00291773673859172,0.129039400271912,0.022611208146066,0.981960403306531,0.987963523607962,0.00282333751692977,0.121889448333053,"ZNF550"
"ENSG00000138207",132877.996491993,0.00208067232520465,0.0932735990814757,0.0223071945941225,0.982202909855196,0.988132002074846,0.00224108673475568,0.090462065632517,"RBP4"
"ENSG00000204305",60.9636654690024,0.00838442296145735,0.381802092199144,0.0219601283826494,0.982479760802714,0.988335003875958,0.00496571593167224,0.266355030739298,"AGER"
"ENSG00000105281",78.2791661939993,0.004623800075591,0.212733923538408,0.0217351327831652,0.982659238478252,0.988440028558688,0.00402966183860461,0.184575622835963,"SLC1A5"
"ENSG00000011198",235.649243875444,-0.0035017929689102,0.163331530563387,-0.0214397854280267,0.982894836669194,0.988601483543667,-0.00251233606026433,0.149413729455643,"ABHD5"
"ENSG00000020181",172.423475403445,-0.00437406811297702,0.206677360730843,-0.0211637505796941,0.98311503064836,0.988747421397624,-0.0028065763663378,0.180555181623108,"ADGRA2"
"ENSG00000158234",70.4365196073482,0.00310067438224269,0.148299435433814,0.0209082008516918,0.98331888472134,0.988876904693032,0.0025042567448476,0.13769874883842,"FAIM"
"ENSG00000093144",1512.86437135189,-0.00357583932365316,0.172030139623372,-0.0207861211499439,0.983416269066374,0.988899304859687,-0.00229892977732987,0.156053428040302,"ECHDC1"
"ENSG00000137338",78.5208944160661,-0.00359523440692701,0.176951737182451,-0.0203175988219887,0.983790016854889,0.989199584688519,-0.00240608214383796,0.159609176481818,"PGBD1"
"ENSG00000083817",58.0096390466939,-0.00213022616278262,0.10536583054243,-0.0202174286655938,0.983869924662461,0.989204385498737,-0.000962940410125962,0.101319883942202,"ZNF416"
"ENSG00000089057",2294.89299204095,0.00361826667196679,0.181714313002049,0.0199118419027674,0.984113698546204,0.989373927539655,0.00371244390799246,0.163239403893773,"SLC23A2"
"ENSG00000174780",943.746544595428,-0.00307017420516072,0.155489616970435,-0.0197452039884084,0.984246630230197,0.989432017531555,0.000442537729438003,0.143259420053752,"SRP72"
"ENSG00000161558",182.039875660377,-0.00319625342253,0.166746673504873,-0.0191683189556197,0.984706830768553,0.989819066567321,-0.00226233055631175,0.152132493201912,"TMEM143"
"ENSG00000171777",24.2524266927641,0.00474487185440551,0.25114578796756,0.0188928983950087,0.984926544791034,0.989964339928143,0.00364444827202741,0.208230518886128,"RASGRP4"
"ENSG00000111404",12.6776093715839,-0.0092438348925677,0.492492348718587,-0.0187694994990667,0.985024985409103,0.989987706709637,-0.00282988284338074,0.296532060440693,"RERGL"
"ENSG00000186994",52.3443364405229,-0.00520426083396424,0.278742620693601,-0.0186704882841898,0.985103971087756,0.989991518459767,-0.00146971373675976,0.222801101215304,"KANK3"
"ENSG00000008516",12.9685284801367,0.00629976749715835,0.340730089256992,0.0184890260525445,0.98524873201213,0.990061426169418,0.00392000411264523,0.251150894570325,"MMP25"
"ENSG00000132535",65.0366194124568,-0.00446371262836974,0.245426204914929,-0.0181875958596882,0.985489198071256,0.990227488499287,-0.00262422277041986,0.204611526412424,"DLG4"
"ENSG00000137075",352.770863601526,0.00264202908868144,0.148292069072468,0.0178163883288345,0.985785330839263,0.990449455573087,0.0031179020824144,0.137699050484042,"RNF38"
"ENSG00000104643",165.419495179606,0.00235827538312684,0.136611650902917,0.0172626226792527,0.986227103938228,0.99081770701646,0.00334954628174676,0.128179794674856,"MTMR9"
"ENSG00000163444",412.700401529107,-0.00112086403611254,0.0686261106771099,-0.0163329092243952,0.986968803274964,0.991487201580816,-0.000819894631215307,0.0674815452577017,"TMEM183A"
"ENSG00000123352",95.6506057348774,0.00216680397433219,0.137049102570426,0.0158104207447745,0.987385634924357,0.991830263936376,0.00203133292450025,0.128541419748962,"SPATS2"
"ENSG00000143321",3762.07629143309,-0.00129914329760405,0.086247079694985,-0.0150630410003273,0.987981886624198,0.992353487892447,-0.000294736556993009,0.0840213646112346,"HDGF"
"ENSG00000170915",42.2574836152265,0.00331747817810062,0.221964059925799,0.0149460150404963,0.98807524932047,0.99237155637755,0.00285172687088345,0.190601981891608,"PAQR8"
"ENSG00000196208",91.681615511881,-0.00356481198609979,0.242437520236491,-0.0147040440878228,0.988268292992421,0.992489728874005,-0.00195513914552754,0.2029192540844,"GREB1"
"ENSG00000025796",1936.73616599396,0.00171361888407394,0.119191302173273,0.0143770464188972,0.988529171802783,0.992676003047475,0.00224075023855804,0.113472030192093,"SEC63"
"ENSG00000164252",449.947701353547,0.00160723592463893,0.112756357960545,0.0142540602916718,0.988627290480333,0.992698818369743,0.00175864704000018,0.107898761565073,"AGGF1"
"ENSG00000109063",68.0568085834232,0.00505267920153132,0.360259630503279,0.0140251051567248,0.988809951986756,0.992806514745492,0.00369027034872759,0.258713095911385,"MYH3"
"ENSG00000143375",1686.01626621488,0.0020170040400956,0.149050041416109,0.013532395032784,0.989203040467152,0.993062357639139,0.00495725699974507,0.138204897419882,"CGN"
"ENSG00000159588",50.4761047299243,-0.00477696066419549,0.353413569826483,-0.0135166305768645,0.989215617532836,0.993062357639139,0.000119379296066123,0.255970933697565,"CCDC17"
"ENSG00000163376",19.6885212421364,0.00403234969397857,0.300940210550986,0.0133991721697669,0.98930932729583,0.99308071082471,0.00288031096599681,0.233833916934323,"KBTBD8"
"ENSG00000169313",22.1406212373617,-0.00536247792691383,0.414253255361696,-0.0129449264610647,0.989671731490049,0.993293033754992,-0.00180725761639692,0.276504563897606,"P2RY12"
"ENSG00000183808",166.020478646412,-0.00217250359520814,0.167461369127675,-0.0129731627450853,0.989649204086645,0.993293033754992,-0.00127880689263071,0.152651311599213,"RBM12B"
"ENSG00000104859",227.986120266678,0.00368091536277028,0.286749062759512,0.0128367127946198,0.989758066330163,0.993303963816063,0.00332334024974841,0.227009667588772,"CLASRP"
"ENSG00000239713",83.6257456249627,0.00237987993578611,0.1905009197424,0.0124927477463324,0.990032488721369,0.993503639215362,0.00245740527247693,0.169507251505256,"APOBEC3G"
"ENSG00000204291",14.0730373280506,-0.0064796001377969,0.525426514857581,-0.0123320768072643,0.990160675707748,0.993556547242452,-0.00135720870031646,0.303194978936877,"COL15A1"
"ENSG00000059728",132.584307594085,0.00158381289493328,0.135330114812902,0.0117033292783573,0.990662307420009,0.993984144146612,0.00201140800722239,0.127014131318148,"MXD1"
"ENSG00000151458",217.219751082465,-0.00222593537792053,0.197165409599959,-0.01128968505397,0.990992325948018,0.994239500375799,-0.00116951829682062,0.174110715283284,"ANKRD50"
"ENSG00000131779",427.989449345574,0.000921650115315356,0.0854781155964063,0.0107822933260137,0.99139714131709,0.994569853899787,0.00242904926214186,0.0832613308205042,"PEX11B"
"ENSG00000198844",90.7145208902425,-0.00253335410253589,0.24026472214467,-0.0105440119544912,0.991587251535764,0.994684781235799,-0.00124952837933875,0.201627608677365,"ARHGEF15"
"ENSG00000055332",539.088543774126,0.00160209033072206,0.156157155257214,0.0102594743614738,0.991814267405968,0.994718001056779,0.00108416862167446,0.143945382755849,"EIF2AK2"
"ENSG00000103494",30.9828323261113,0.00157491872473546,0.151527494158351,0.0103936169042011,0.99170724284883,0.994718001056779,0.00143026167168647,0.140307850182498,"RPGRIP1L"
"ENSG00000173110",16.7146693644786,-0.00260142770715208,0.254582238477374,-0.0102184179175692,0.991847023991599,0.994718001056779,-1.15813022197094,0.237563627740776,"HSPA6"
"ENSG00000198677",893.179870335627,0.00153248519141483,0.155740426727578,0.00983999609873591,0.992148945731736,0.994945008721459,0.00192791748123336,0.143617730707299,"SKIC3"
"ENSG00000128567",146.835582514758,0.00275158226708142,0.283247482320772,0.00971441032603886,0.99224914389149,0.994969705139022,0.00248932645983396,0.225265526331664,"PODXL"
"ENSG00000104129",168.197030151484,-0.00133384995932763,0.14196406222642,-0.00939568746067762,0.992503436335278,0.995029009645724,-0.000599959669136532,0.1326291553947,"DNAJC17"
"ENSG00000117360",475.037830718225,0.00189550434396555,0.202040505930108,0.00938180359051991,0.992514513572689,0.995029009645724,0.00251154647534348,0.177458018456874,"PRPF3"
"ENSG00000128604",126.490721019368,0.00173000907404841,0.184906876240397,0.00935611000101059,0.992535013191348,0.995029009645724,0.00174728905275953,0.165539318369726,"IRF5"
"ENSG00000105810",503.421378022248,0.00121416233829801,0.139798443740578,0.00868509194960082,0.993070386342112,0.995414138300742,0.00231479889547783,0.130837685400504,"CDK6"
"ENSG00000183621",116.022981105228,-0.000806014061528291,0.0918812122980546,-0.00877234900769106,0.993000767934846,0.995414138300742,5.5191461503078e-05,0.0891076618207679,"ZNF438"
"ENSG00000012963",354.994443687145,-0.000490109159085279,0.0683445903926143,-0.00717114780072254,0.994278300926683,0.996419282012401,0.000669142771309994,0.0672290794428613,"UBR7"
"ENSG00000038945",285.654873840691,-0.00238533903454693,0.338401787646909,-0.0070488369790641,0.994375888376192,0.996419282012401,0.00026607723802245,0.250063540395341,"MSR1"
"ENSG00000169241",494.476549872316,0.000743720734296563,0.102469660136439,0.00725796038853155,0.994209036305837,0.996419282012401,0.00309806150803442,0.0987059668631963,"SLC50A1"
"ENSG00000196072",446.49792170931,-0.000866744608051228,0.122251229867512,-0.00708986411826328,0.994343154273218,0.996419282012401,-0.00433838687971126,0.116092950840746,"BLOC1S2"
"ENSG00000115380",169.532219892319,-0.00310765943949984,0.478157995341943,-0.00649923136238153,0.994814400145526,0.996782830465449,8.00817605935727e-05,0.293285329599854,"EFEMP1"
"ENSG00000160113",936.062543936823,-0.00127728122726743,0.202247994176072,-0.00631542098833111,0.994961056594454,0.996819038464666,-0.000340598449076255,0.177549419890691,"NR2F6"
"ENSG00000163053",99.5362781639498,-0.00202425636484879,0.323149132917518,-0.00626415533463763,0.995001959858927,0.996819038464666,-0.000350239389331384,0.243680682443019,"SLC16A14"
"ENSG00000111224",109.681068989945,0.000854364235248062,0.141724033843877,0.00602836521143076,0.995190089603912,0.996852546021691,0.00088831273721571,0.132429865364054,"PARP11"
"ENSG00000132793",421.631111529083,0.00157589627169108,0.269722667192313,0.00584265419030376,0.99533826295011,0.996852546021691,0.00182839064908411,0.218286905663727,"LPIN3"
"ENSG00000167468",4583.85848136795,0.000947089741207345,0.160534814976832,0.00589959094757126,0.995292834773513,0.996852546021691,0.00606552699447227,0.147108057779324,"GPX4"
"ENSG00000206053",995.160043576541,-0.000406924922713896,0.0678481744804165,-0.00599758100833428,0.995214651400248,0.996852546021691,-0.00124179997013713,0.0667669762487791,"JPT2"
"ENSG00000024422",94.617718792167,0.00150572676434426,0.263895639365387,0.00570576599130328,0.995447482109783,0.996886099449106,0.00162311155755963,0.215200236699263,"EHD2"
"ENSG00000227268",26.0753308526097,0.000851519846674048,0.156635140276429,0.00543632702834937,0.99566245996164,0.997025551251517,0.00086537619279499,0.144402537951099,"KLLN"
"ENSG00000105852",6635.10942918673,0.000795584388327808,0.156348047789792,0.00508854699226857,0.995939944439337,0.997227569281946,0.00514656321381283,0.143904789736204,"PON3"
"ENSG00000176472",16.3969357371694,0.00111988626483769,0.266443382463496,0.00420309280899899,0.996646427014112,0.997859076659148,0.00112261464884889,0.216378653574316,"ZNF575"
"ENSG00000124562",646.433099574024,-0.000337642162840185,0.0830658956989135,-0.00406475076202183,0.996756807054253,0.997893705549106,4.49579427613031e-05,0.081077092883975,"SNRPC"
"ENSG00000177125",129.620393691362,0.000466494523041381,0.120314001933883,0.00387730867183471,0.996906363024655,0.997967546805247,0.000622084150637224,0.114410384636265,"ZBTB34"
"ENSG00000148399",229.055251918122,0.000806357186147932,0.214744039311036,0.00375496888637734,0.99700397533982,0.997989381838673,0.00115085062602651,0.185882268813697,"DPH7"
"ENSG00000153208",429.452815701826,-0.000694000773288159,0.194266064897005,-0.00357242410637236,0.997149624023738,0.998059293743085,0.000697785516170185,0.172060232540118,"MERTK"
"ENSG00000138398",727.433992095078,0.000391524866372944,0.121192653322536,0.00323059901437225,0.997422359407995,0.998256387986748,0.00376042283623186,0.115090525757142,"PPIG"
"ENSG00000165819",444.982422962323,0.000319348661492068,0.118848111323281,0.00268703185886902,0.997856061345346,0.998614541173064,-0.0039838680591884,0.113222933417274,"METTL3"
"ENSG00000130956",114.828534471559,-0.000346233816168181,0.143099990824619,-0.00241952367832447,0.998069501296122,0.998752227260374,-2.12279368870144e-05,0.133490017897761,"HABP4"
"ENSG00000140199",238.549792687996,0.000334910072340918,0.156491674943501,0.00214011430615611,0.99829243714023,0.998899394086356,0.000630205177129782,0.14417659406091,"SLC12A6"
"ENSG00000123200",1432.92175308879,-0.00033206654546966,0.215511350309344,-0.00154083088892076,0.998770595309389,0.999301896636782,0.000532084915726226,0.186376725401848,"ZC3H13"
"ENSG00000018699",178.485179197597,-9.64754956934975e-05,0.094972812419744,-0.00101582224676165,0.999189491252182,0.999493150115957,0.00238344768285079,0.0920175679812536,"TTC27"
"ENSG00000073861",20.0735497410221,-0.000280138194771051,0.23880833531367,-0.00117306707239969,0.999064028108809,0.999493150115957,9.49588593061093e-05,0.200776341277663,"TBX21"
"ENSG00000188878",17.7934070574477,0.000330395812317783,0.311711792325562,0.0010599400486354,0.999154290358172,0.999493150115957,0.000609784576488563,0.238514202681181,"FBF1"
"ENSG00000110074",1045.17907039508,-0.000100085720768297,0.126603227778415,-0.000790546359082329,0.99936923533119,0.999597003142935,0.00281604473614842,0.119762647081089,"FOXRED1"
"ENSG00000091651",10.4773195072221,0.00018508128005067,0.331335615108947,0.000558591565805002,0.999554308437027,0.999678311646878,0.000515620486228224,0.246782882160728,"ORC6"
"ENSG00000114388",321.128371472917,-4.1950342332162e-05,0.0911382103222161,-0.000460293681254525,0.99963273879126,0.999678311646878,0.000161371287673833,0.0885508715739117,"NPRL2"
"ENSG00000119698",21.2031918497375,0.000130542671614235,0.323785360502231,0.000403176571700916,0.999678311646878,0.999678311646878,0.000609239423765359,0.244218301467728,"PPP4R4"
